   # Index         I (Jy)      M/D (uas)       PA (deg)  VA red. chisq  CP red. chisq     red. chisq     log-liklhd     FileName
         0       0.843925        3.35868       -214.728        5.28108        14.0434        9.72607       -623.855     /gpfs/hpu/EHT2/IHARM_inc-5/MAD_a0_384x192x192_IHARM/m_1_1_80/image_a0_0000_168_0_230.e9_6.2e9_2.48773e+25_80.dat
         1        0.72647        3.62744       -118.332          10.14        79.9153        46.5436       -2585.72     /gpfs/hpu/EHT2/IHARM_inc-5/MAD_a0_384x192x192_IHARM/m_1_1_80/image_a0_0001_168_0_230.e9_6.2e9_2.48773e+25_80.dat
         2        0.47312        3.32714       -160.106         3.9124        9.06064        6.49845       -444.728     /gpfs/hpu/EHT2/IHARM_inc-5/MAD_a0_384x192x192_IHARM/m_1_1_80/image_a0_0002_168_0_230.e9_6.2e9_2.48773e+25_80.dat
         3       0.956755        3.79903       -240.897        9.91817        14.6805        12.1114       -974.399     /gpfs/hpu/EHT2/IHARM_inc-5/MAD_a0_384x192x192_IHARM/m_1_1_80/image_a0_0003_168_0_230.e9_6.2e9_2.48773e+25_80.dat
         4        0.35707        3.27243       -149.896        9.11525        12.4589        10.5872       -623.206     /gpfs/hpu/EHT2/IHARM_inc-5/MAD_a0_384x192x192_IHARM/m_1_1_80/image_a0_0004_168_0_230.e9_6.2e9_2.48773e+25_80.dat
         5       0.555539        3.18161       -157.642        4.67004        10.0203        7.33852       -522.707     /gpfs/hpu/EHT2/IHARM_inc-5/MAD_a0_384x192x192_IHARM/m_1_1_80/image_a0_0005_168_0_230.e9_6.2e9_2.48773e+25_80.dat
         6       0.504628        3.28731        -253.24         1.5236        10.0206        5.94758       -405.258     /gpfs/hpu/EHT2/IHARM_inc-5/MAD_a0_384x192x192_IHARM/m_1_1_80/image_a0_0006_168_0_230.e9_6.2e9_2.48773e+25_80.dat
         7       0.482875        2.98642       -104.632        2.40425        5.90315        4.16986       -333.247     /gpfs/hpu/EHT2/IHARM_inc-5/MAD_a0_384x192x192_IHARM/m_1_1_80/image_a0_0007_168_0_230.e9_6.2e9_2.48773e+25_80.dat
         8       0.505513        2.99857       -172.469           5.15        8.77674        6.89618       -461.721     /gpfs/hpu/EHT2/IHARM_inc-5/MAD_a0_384x192x192_IHARM/m_1_1_80/image_a0_0008_168_0_230.e9_6.2e9_2.48773e+25_80.dat
         9       0.942715        3.11625       -247.833        8.57809        22.4493        15.6078       -891.069     /gpfs/hpu/EHT2/IHARM_inc-5/MAD_a0_384x192x192_IHARM/m_1_1_80/image_a0_0009_168_0_230.e9_6.2e9_2.48773e+25_80.dat
        10       0.765117        3.09137        -60.474         6.2555        9.89334        7.97261       -521.284     /gpfs/hpu/EHT2/IHARM_inc-5/MAD_a0_384x192x192_IHARM/m_1_1_80/image_a0_0010_168_0_230.e9_6.2e9_2.48773e+25_80.dat
        11        0.57193        3.24827       -121.963        12.8039        7.98327        9.86237       -634.516     /gpfs/hpu/EHT2/IHARM_inc-5/MAD_a0_384x192x192_IHARM/m_1_1_80/image_a0_0011_168_0_230.e9_6.2e9_2.48773e+25_80.dat
        12        1.28005        4.17927       -194.555         5.1923        48.1525         27.639       -1474.84     /gpfs/hpu/EHT2/IHARM_inc-5/MAD_a0_384x192x192_IHARM/m_1_1_80/image_a0_0012_168_0_230.e9_6.2e9_2.48773e+25_80.dat
        13       0.874018        3.80278        -220.75        13.6428        26.2104        19.8265       -1076.19     /gpfs/hpu/EHT2/IHARM_inc-5/MAD_a0_384x192x192_IHARM/m_1_1_80/image_a0_0013_168_0_230.e9_6.2e9_2.48773e+25_80.dat
        14       0.796335        3.63454       -262.294        15.7052        38.0098        26.9485       -1416.55     /gpfs/hpu/EHT2/IHARM_inc-5/MAD_a0_384x192x192_IHARM/m_1_1_80/image_a0_0014_168_0_230.e9_6.2e9_2.48773e+25_80.dat
        15       0.602714        2.81226       -185.658        12.3484        8.58612        9.97828       -1066.14     /gpfs/hpu/EHT2/IHARM_inc-5/MAD_a0_384x192x192_IHARM/m_1_1_80/image_a0_0015_168_0_230.e9_6.2e9_2.48773e+25_80.dat
        16          1.061        4.33132       -291.638        6.26374        11.8291        8.99506       -561.835     /gpfs/hpu/EHT2/IHARM_inc-5/MAD_a0_384x192x192_IHARM/m_1_1_80/image_a0_0016_168_0_230.e9_6.2e9_2.48773e+25_80.dat
        17        0.74778        3.89183       -307.256         10.171        11.7041        10.6567       -639.686     /gpfs/hpu/EHT2/IHARM_inc-5/MAD_a0_384x192x192_IHARM/m_1_1_80/image_a0_0017_168_0_230.e9_6.2e9_2.48773e+25_80.dat
        18        1.26288        2.98526       -306.457        38.8535        37.8009        37.0726       -2005.34     /gpfs/hpu/EHT2/IHARM_inc-5/MAD_a0_384x192x192_IHARM/m_1_1_80/image_a0_0018_168_0_230.e9_6.2e9_2.48773e+25_80.dat
        19       0.867479        3.38735        -320.91        7.81254        14.4653        11.0673       -811.674     /gpfs/hpu/EHT2/IHARM_inc-5/MAD_a0_384x192x192_IHARM/m_1_1_80/image_a0_0019_168_0_230.e9_6.2e9_2.48773e+25_80.dat
        20        1.20746        2.93769        -128.11        43.6528        21.9578        30.8559       -1760.34     /gpfs/hpu/EHT2/IHARM_inc-5/MAD_a0_384x192x192_IHARM/m_1_1_80/image_a0_0020_168_0_230.e9_6.2e9_2.48773e+25_80.dat
        21        1.03575         4.0827       -211.281         9.5961        13.3414        11.2643       -707.487     /gpfs/hpu/EHT2/IHARM_inc-5/MAD_a0_384x192x192_IHARM/m_1_1_80/image_a0_0021_168_0_230.e9_6.2e9_2.48773e+25_80.dat
        22       0.438768        3.27356       -238.297        27.7053        32.0433        29.1136       -1537.21     /gpfs/hpu/EHT2/IHARM_inc-5/MAD_a0_384x192x192_IHARM/m_1_1_80/image_a0_0022_168_0_230.e9_6.2e9_2.48773e+25_80.dat
        23       0.724789         4.2715        71.9581        8.18599        22.3525        15.3835       -888.123     /gpfs/hpu/EHT2/IHARM_inc-5/MAD_a0_384x192x192_IHARM/m_1_1_80/image_a0_0023_168_0_230.e9_6.2e9_2.48773e+25_80.dat
        24       0.544025         3.6133        165.904        7.98973        13.6708        10.7275       -632.342     /gpfs/hpu/EHT2/IHARM_inc-5/MAD_a0_384x192x192_IHARM/m_1_1_80/image_a0_0024_168_0_230.e9_6.2e9_2.48773e+25_80.dat
        25       0.515459        3.39645        155.772        2.39511        9.93683         6.2888       -439.734     /gpfs/hpu/EHT2/IHARM_inc-5/MAD_a0_384x192x192_IHARM/m_1_1_80/image_a0_0025_168_0_230.e9_6.2e9_2.48773e+25_80.dat
        26       0.671366        3.72935        183.579         15.325         21.625        18.1568       -1027.51     /gpfs/hpu/EHT2/IHARM_inc-5/MAD_a0_384x192x192_IHARM/m_1_1_80/image_a0_0026_168_0_230.e9_6.2e9_2.48773e+25_80.dat
        27       0.711744         3.7807        177.183        15.9773        38.5187        27.3367       -1454.71     /gpfs/hpu/EHT2/IHARM_inc-5/MAD_a0_384x192x192_IHARM/m_1_1_80/image_a0_0027_168_0_230.e9_6.2e9_2.48773e+25_80.dat
        28       0.891769        3.64911        29.8462        14.2397        26.9727        20.4916       -1159.84     /gpfs/hpu/EHT2/IHARM_inc-5/MAD_a0_384x192x192_IHARM/m_1_1_80/image_a0_0028_168_0_230.e9_6.2e9_2.48773e+25_80.dat
        29       0.702822        3.47861        131.241        9.53753        27.7739        18.8344       -1103.91     /gpfs/hpu/EHT2/IHARM_inc-5/MAD_a0_384x192x192_IHARM/m_1_1_80/image_a0_0029_168_0_230.e9_6.2e9_2.48773e+25_80.dat
        30       0.423772        2.99724         1.8353        25.2483        14.6627        18.8796       -1086.37     /gpfs/hpu/EHT2/IHARM_inc-5/MAD_a0_384x192x192_IHARM/m_1_1_80/image_a0_0030_168_0_230.e9_6.2e9_2.48773e+25_80.dat
        31        1.18052         4.3341        212.854        26.2977        38.4515         31.864       -1654.41     /gpfs/hpu/EHT2/IHARM_inc-5/MAD_a0_384x192x192_IHARM/m_1_1_80/image_a0_0031_168_0_230.e9_6.2e9_2.48773e+25_80.dat
        32       0.578824        3.09971        197.716          10.48        26.7128        18.6926       -1128.59     /gpfs/hpu/EHT2/IHARM_inc-5/MAD_a0_384x192x192_IHARM/m_1_1_80/image_a0_0032_168_0_230.e9_6.2e9_2.48773e+25_80.dat
        33       0.977044        3.21387        167.116        13.7984        45.7953        30.2031       -1705.37     /gpfs/hpu/EHT2/IHARM_inc-5/MAD_a0_384x192x192_IHARM/m_1_1_80/image_a0_0033_168_0_230.e9_6.2e9_2.48773e+25_80.dat
        34       0.485836        3.26027        235.939        6.81644        39.1751         23.632       -1469.54     /gpfs/hpu/EHT2/IHARM_inc-5/MAD_a0_384x192x192_IHARM/m_1_1_80/image_a0_0034_168_0_230.e9_6.2e9_2.48773e+25_80.dat
        35       0.473638          3.543         224.31        3.38439        16.1258        9.98352       -598.506     /gpfs/hpu/EHT2/IHARM_inc-5/MAD_a0_384x192x192_IHARM/m_1_1_80/image_a0_0035_168_0_230.e9_6.2e9_2.48773e+25_80.dat
        36       0.490228        3.60811        216.607        6.36298        8.79992        7.44464       -487.149     /gpfs/hpu/EHT2/IHARM_inc-5/MAD_a0_384x192x192_IHARM/m_1_1_80/image_a0_0036_168_0_230.e9_6.2e9_2.48773e+25_80.dat
        37       0.960569        3.73771        234.653        9.33481         8.3642        8.52918       -605.677     /gpfs/hpu/EHT2/IHARM_inc-5/MAD_a0_384x192x192_IHARM/m_1_1_80/image_a0_0037_168_0_230.e9_6.2e9_2.48773e+25_80.dat
        38       0.588396        3.43878        208.405        4.97649        10.0013        7.46395       -495.342     /gpfs/hpu/EHT2/IHARM_inc-5/MAD_a0_384x192x192_IHARM/m_1_1_80/image_a0_0038_168_0_230.e9_6.2e9_2.48773e+25_80.dat
        39       0.751094        3.16797        175.831        9.58387        18.2909        13.8639       -836.497     /gpfs/hpu/EHT2/IHARM_inc-5/MAD_a0_384x192x192_IHARM/m_1_1_80/image_a0_0039_168_0_230.e9_6.2e9_2.48773e+25_80.dat
        40       0.827617        3.26427        234.878        4.94149        23.3984        14.4996       -905.234     /gpfs/hpu/EHT2/IHARM_inc-5/MAD_a0_384x192x192_IHARM/m_1_1_80/image_a0_0040_168_0_230.e9_6.2e9_2.48773e+25_80.dat
        41       0.677222        3.28813        209.369         10.685         12.878        11.5018       -699.521     /gpfs/hpu/EHT2/IHARM_inc-5/MAD_a0_384x192x192_IHARM/m_1_1_80/image_a0_0041_168_0_230.e9_6.2e9_2.48773e+25_80.dat
        42       0.359491        3.15375        159.848        19.0272        14.4071        15.9947       -897.556     /gpfs/hpu/EHT2/IHARM_inc-5/MAD_a0_384x192x192_IHARM/m_1_1_80/image_a0_0042_168_0_230.e9_6.2e9_2.48773e+25_80.dat
        43       0.722858        3.30193        180.469        4.34054        9.46139        6.89865       -483.474     /gpfs/hpu/EHT2/IHARM_inc-5/MAD_a0_384x192x192_IHARM/m_1_1_80/image_a0_0043_168_0_230.e9_6.2e9_2.48773e+25_80.dat
        44       0.795855         3.3545         150.87        11.3289        9.32036        9.91402       -621.207     /gpfs/hpu/EHT2/IHARM_inc-5/MAD_a0_384x192x192_IHARM/m_1_1_80/image_a0_0044_168_0_230.e9_6.2e9_2.48773e+25_80.dat
        45       0.538362        3.67254        106.988        4.31882        9.63376        6.97977       -452.462     /gpfs/hpu/EHT2/IHARM_inc-5/MAD_a0_384x192x192_IHARM/m_1_1_80/image_a0_0045_168_0_230.e9_6.2e9_2.48773e+25_80.dat
        46        0.47907        3.38082        138.035        6.71084        8.88153        7.64139        -481.99     /gpfs/hpu/EHT2/IHARM_inc-5/MAD_a0_384x192x192_IHARM/m_1_1_80/image_a0_0046_168_0_230.e9_6.2e9_2.48773e+25_80.dat
        47       0.478329        3.60095         129.92        11.4412        24.7256        18.0717       -979.751     /gpfs/hpu/EHT2/IHARM_inc-5/MAD_a0_384x192x192_IHARM/m_1_1_80/image_a0_0047_168_0_230.e9_6.2e9_2.48773e+25_80.dat
        48       0.584014        3.43579        189.866        4.19537          12.82        8.60217       -585.922     /gpfs/hpu/EHT2/IHARM_inc-5/MAD_a0_384x192x192_IHARM/m_1_1_80/image_a0_0048_168_0_230.e9_6.2e9_2.48773e+25_80.dat
        49       0.516516        3.06033        167.448          7.276        16.8759        12.0988       -710.246     /gpfs/hpu/EHT2/IHARM_inc-5/MAD_a0_384x192x192_IHARM/m_1_1_80/image_a0_0049_168_0_230.e9_6.2e9_2.48773e+25_80.dat
        50        0.54193        3.23775         189.08        3.34043        8.55962        5.98189       -479.433     /gpfs/hpu/EHT2/IHARM_inc-5/MAD_a0_384x192x192_IHARM/m_1_1_80/image_a0_0050_168_0_230.e9_6.2e9_2.48773e+25_80.dat
        51       0.486878        3.25765        159.625        2.30001        6.60535        4.49335       -361.243     /gpfs/hpu/EHT2/IHARM_inc-5/MAD_a0_384x192x192_IHARM/m_1_1_80/image_a0_0051_168_0_230.e9_6.2e9_2.48773e+25_80.dat
        52       0.461341        3.50126        29.0591        10.9146        13.0236        11.6799       -814.981     /gpfs/hpu/EHT2/IHARM_inc-5/MAD_a0_384x192x192_IHARM/m_1_1_80/image_a0_0052_168_0_230.e9_6.2e9_2.48773e+25_80.dat
        53       0.650495        3.42144        121.021        7.98312         3.7411        5.49838       -426.991     /gpfs/hpu/EHT2/IHARM_inc-5/MAD_a0_384x192x192_IHARM/m_1_1_80/image_a0_0053_168_0_230.e9_6.2e9_2.48773e+25_80.dat
        54       0.404962        3.27234        92.6944        5.42661        22.6527        14.3216       -814.178     /gpfs/hpu/EHT2/IHARM_inc-5/MAD_a0_384x192x192_IHARM/m_1_1_80/image_a0_0054_168_0_230.e9_6.2e9_2.48773e+25_80.dat
        55       0.585183        3.29379       0.781744        8.00245        24.5626        16.4656        -1013.7     /gpfs/hpu/EHT2/IHARM_inc-5/MAD_a0_384x192x192_IHARM/m_1_1_80/image_a0_0055_168_0_230.e9_6.2e9_2.48773e+25_80.dat
        56       0.506077        3.54017         229.22        17.0457        24.4182        20.3876       -1098.77     /gpfs/hpu/EHT2/IHARM_inc-5/MAD_a0_384x192x192_IHARM/m_1_1_80/image_a0_0056_168_0_230.e9_6.2e9_2.48773e+25_80.dat
        57       0.675175        3.11111        116.556        9.30425        15.4677        12.2543       -751.185     /gpfs/hpu/EHT2/IHARM_inc-5/MAD_a0_384x192x192_IHARM/m_1_1_80/image_a0_0057_168_0_230.e9_6.2e9_2.48773e+25_80.dat
        58       0.498703         3.2968        79.9738        5.81012        8.63414        7.11297       -503.739     /gpfs/hpu/EHT2/IHARM_inc-5/MAD_a0_384x192x192_IHARM/m_1_1_80/image_a0_0058_168_0_230.e9_6.2e9_2.48773e+25_80.dat
        59       0.570557        2.91342        172.035        2.87844        22.7362         13.239       -925.121     /gpfs/hpu/EHT2/IHARM_inc-5/MAD_a0_384x192x192_IHARM/m_1_1_80/image_a0_0059_168_0_230.e9_6.2e9_2.48773e+25_80.dat
        60       0.822709        3.76721        185.095         5.6994        15.2397        10.5406       -668.837     /gpfs/hpu/EHT2/IHARM_inc-5/MAD_a0_384x192x192_IHARM/m_1_1_80/image_a0_0060_168_0_230.e9_6.2e9_2.48773e+25_80.dat
        61        0.59087        3.23528        158.674        2.72683        5.36611        4.02982       -362.366     /gpfs/hpu/EHT2/IHARM_inc-5/MAD_a0_384x192x192_IHARM/m_1_1_80/image_a0_0061_168_0_230.e9_6.2e9_2.48773e+25_80.dat
        62       0.858345        3.87612        203.892        15.5221        34.1651         24.844       -1408.68     /gpfs/hpu/EHT2/IHARM_inc-5/MAD_a0_384x192x192_IHARM/m_1_1_80/image_a0_0062_168_0_230.e9_6.2e9_2.48773e+25_80.dat
        63       0.410246        3.12705        278.292        3.55903        19.7629         11.975       -743.166     /gpfs/hpu/EHT2/IHARM_inc-5/MAD_a0_384x192x192_IHARM/m_1_1_80/image_a0_0063_168_0_230.e9_6.2e9_2.48773e+25_80.dat
        64       0.654535        3.69275        270.687        17.8624        14.5342        15.5466       -943.022     /gpfs/hpu/EHT2/IHARM_inc-5/MAD_a0_384x192x192_IHARM/m_1_1_80/image_a0_0064_168_0_230.e9_6.2e9_2.48773e+25_80.dat
        65       0.591468        3.42523        281.102        2.66296        10.5819        6.74671       -479.976     /gpfs/hpu/EHT2/IHARM_inc-5/MAD_a0_384x192x192_IHARM/m_1_1_80/image_a0_0065_168_0_230.e9_6.2e9_2.48773e+25_80.dat
        66       0.655879        3.46211        247.518        6.25036        15.6742        11.0129       -697.664     /gpfs/hpu/EHT2/IHARM_inc-5/MAD_a0_384x192x192_IHARM/m_1_1_80/image_a0_0066_168_0_230.e9_6.2e9_2.48773e+25_80.dat
        67       0.561542        3.69314        114.806        5.07235        26.1189        15.9893       -912.292     /gpfs/hpu/EHT2/IHARM_inc-5/MAD_a0_384x192x192_IHARM/m_1_1_80/image_a0_0067_168_0_230.e9_6.2e9_2.48773e+25_80.dat
        68       0.570254        2.99468        173.488        3.75352        13.6918        8.86567       -613.904     /gpfs/hpu/EHT2/IHARM_inc-5/MAD_a0_384x192x192_IHARM/m_1_1_80/image_a0_0068_168_0_230.e9_6.2e9_2.48773e+25_80.dat
        69       0.649054        3.31707        21.8602         8.8179        12.0532        10.2423       -653.953     /gpfs/hpu/EHT2/IHARM_inc-5/MAD_a0_384x192x192_IHARM/m_1_1_80/image_a0_0069_168_0_230.e9_6.2e9_2.48773e+25_80.dat
        70       0.556861        3.13586        156.106        2.54402        13.7906        8.38295       -529.652     /gpfs/hpu/EHT2/IHARM_inc-5/MAD_a0_384x192x192_IHARM/m_1_1_80/image_a0_0070_168_0_230.e9_6.2e9_2.48773e+25_80.dat
        71       0.673563        3.26562        176.177        3.89426        10.0744          7.024       -495.902     /gpfs/hpu/EHT2/IHARM_inc-5/MAD_a0_384x192x192_IHARM/m_1_1_80/image_a0_0071_168_0_230.e9_6.2e9_2.48773e+25_80.dat
        72       0.548435        3.23031        162.796        2.09883        8.16049         5.2229       -458.591     /gpfs/hpu/EHT2/IHARM_inc-5/MAD_a0_384x192x192_IHARM/m_1_1_80/image_a0_0072_168_0_230.e9_6.2e9_2.48773e+25_80.dat
        73       0.648569        3.49375        141.488        4.98279        9.61152        7.26161       -530.533     /gpfs/hpu/EHT2/IHARM_inc-5/MAD_a0_384x192x192_IHARM/m_1_1_80/image_a0_0073_168_0_230.e9_6.2e9_2.48773e+25_80.dat
        74       0.581678         3.3468        163.428        4.52637        13.4938        9.10311       -567.874     /gpfs/hpu/EHT2/IHARM_inc-5/MAD_a0_384x192x192_IHARM/m_1_1_80/image_a0_0074_168_0_230.e9_6.2e9_2.48773e+25_80.dat
        75       0.816892        3.34249        195.037         4.1801        25.2123        15.1177        -909.66     /gpfs/hpu/EHT2/IHARM_inc-5/MAD_a0_384x192x192_IHARM/m_1_1_80/image_a0_0075_168_0_230.e9_6.2e9_2.48773e+25_80.dat
        76       0.779689        2.92626        138.564        9.03083        41.8745        26.0318          -1433     /gpfs/hpu/EHT2/IHARM_inc-5/MAD_a0_384x192x192_IHARM/m_1_1_80/image_a0_0076_168_0_230.e9_6.2e9_2.48773e+25_80.dat
        77       0.596247        3.44727        152.112        1.44496        5.14481        3.34662       -293.529     /gpfs/hpu/EHT2/IHARM_inc-5/MAD_a0_384x192x192_IHARM/m_1_1_80/image_a0_0077_168_0_230.e9_6.2e9_2.48773e+25_80.dat
        78       0.486395        3.77139         143.47        8.73347        10.5315        9.40398       -563.732     /gpfs/hpu/EHT2/IHARM_inc-5/MAD_a0_384x192x192_IHARM/m_1_1_80/image_a0_0078_168_0_230.e9_6.2e9_2.48773e+25_80.dat
        79       0.558364        3.80574        103.668         18.827        19.5609        18.6187       -1039.67     /gpfs/hpu/EHT2/IHARM_inc-5/MAD_a0_384x192x192_IHARM/m_1_1_80/image_a0_0079_168_0_230.e9_6.2e9_2.48773e+25_80.dat
        80       0.514279        3.38293         113.35        11.3682         18.099        14.5517       -838.417     /gpfs/hpu/EHT2/IHARM_inc-5/MAD_a0_384x192x192_IHARM/m_1_1_80/image_a0_0080_168_0_230.e9_6.2e9_2.48773e+25_80.dat
        81       0.784388        3.64571        167.407        8.94351        9.16115        8.77563       -585.425     /gpfs/hpu/EHT2/IHARM_inc-5/MAD_a0_384x192x192_IHARM/m_1_1_80/image_a0_0081_168_0_230.e9_6.2e9_2.48773e+25_80.dat
        82       0.461204        3.29786        175.139        5.23221         13.248         9.2858       -587.228     /gpfs/hpu/EHT2/IHARM_inc-5/MAD_a0_384x192x192_IHARM/m_1_1_80/image_a0_0082_168_0_230.e9_6.2e9_2.48773e+25_80.dat
        83       0.447379         3.3891        162.217        1.56803        7.07089        4.41475       -341.989     /gpfs/hpu/EHT2/IHARM_inc-5/MAD_a0_384x192x192_IHARM/m_1_1_80/image_a0_0083_168_0_230.e9_6.2e9_2.48773e+25_80.dat
        84       0.436426        3.27616         115.07        3.64329        17.0701         10.595       -670.178     /gpfs/hpu/EHT2/IHARM_inc-5/MAD_a0_384x192x192_IHARM/m_1_1_80/image_a0_0084_168_0_230.e9_6.2e9_2.48773e+25_80.dat
        85       0.457871        3.15078        77.0458        7.34561        12.6587        9.90998       -652.701     /gpfs/hpu/EHT2/IHARM_inc-5/MAD_a0_384x192x192_IHARM/m_1_1_80/image_a0_0085_168_0_230.e9_6.2e9_2.48773e+25_80.dat
        86       0.786604        3.94621       -63.2802        19.0091        37.3943        28.0852       -1710.87     /gpfs/hpu/EHT2/IHARM_inc-5/MAD_a0_384x192x192_IHARM/m_1_1_80/image_a0_0086_168_0_230.e9_6.2e9_2.48773e+25_80.dat
        87       0.357249        4.00956        111.892        14.6809        36.6028        25.7551        -1562.5     /gpfs/hpu/EHT2/IHARM_inc-5/MAD_a0_384x192x192_IHARM/m_1_1_80/image_a0_0087_168_0_230.e9_6.2e9_2.48773e+25_80.dat
        88        1.17742        4.12894        72.4472        23.5704        32.6017        27.5794       -1484.45     /gpfs/hpu/EHT2/IHARM_inc-5/MAD_a0_384x192x192_IHARM/m_1_1_80/image_a0_0088_168_0_230.e9_6.2e9_2.48773e+25_80.dat
        89       0.480603        2.91996        155.182        15.2379        16.7666        15.5613       -1015.38     /gpfs/hpu/EHT2/IHARM_inc-5/MAD_a0_384x192x192_IHARM/m_1_1_80/image_a0_0089_168_0_230.e9_6.2e9_2.48773e+25_80.dat
        90       0.469228        3.14357        85.2262        6.58179        18.8332        12.8221       -757.323     /gpfs/hpu/EHT2/IHARM_inc-5/MAD_a0_384x192x192_IHARM/m_1_1_80/image_a0_0090_168_0_230.e9_6.2e9_2.48773e+25_80.dat
        91       0.564196        3.26155         25.922        13.5224         22.853        18.0062        -1016.8     /gpfs/hpu/EHT2/IHARM_inc-5/MAD_a0_384x192x192_IHARM/m_1_1_80/image_a0_0091_168_0_230.e9_6.2e9_2.48773e+25_80.dat
        92        1.08892        4.04137        217.158        12.5608         45.687         29.599       -1539.26     /gpfs/hpu/EHT2/IHARM_inc-5/MAD_a0_384x192x192_IHARM/m_1_1_80/image_a0_0092_168_0_230.e9_6.2e9_2.48773e+25_80.dat
        93        1.20651        4.55838        198.936        12.5871        81.9316        48.6867       -2450.56     /gpfs/hpu/EHT2/IHARM_inc-5/MAD_a0_384x192x192_IHARM/m_1_1_80/image_a0_0093_168_0_230.e9_6.2e9_2.48773e+25_80.dat
        94       0.455585        3.38088        231.338        6.01206        41.2549         24.371       -1338.35     /gpfs/hpu/EHT2/IHARM_inc-5/MAD_a0_384x192x192_IHARM/m_1_1_80/image_a0_0094_168_0_230.e9_6.2e9_2.48773e+25_80.dat
        95       0.625907        3.83746         218.87        10.0254          40.54        25.7691       -1408.36     /gpfs/hpu/EHT2/IHARM_inc-5/MAD_a0_384x192x192_IHARM/m_1_1_80/image_a0_0095_168_0_230.e9_6.2e9_2.48773e+25_80.dat
        96        0.75267        3.86683        189.883        14.5687        29.8125        22.1317       -1181.25     /gpfs/hpu/EHT2/IHARM_inc-5/MAD_a0_384x192x192_IHARM/m_1_1_80/image_a0_0096_168_0_230.e9_6.2e9_2.48773e+25_80.dat
        97       0.455201        3.33355        195.566        4.89099        11.0863        7.99725       -508.463     /gpfs/hpu/EHT2/IHARM_inc-5/MAD_a0_384x192x192_IHARM/m_1_1_80/image_a0_0097_168_0_230.e9_6.2e9_2.48773e+25_80.dat
        98       0.523723        3.25039       -89.7014        8.02535        14.7095        11.2899       -694.148     /gpfs/hpu/EHT2/IHARM_inc-5/MAD_a0_384x192x192_IHARM/m_1_1_80/image_a0_0098_168_0_230.e9_6.2e9_2.48773e+25_80.dat
        99       0.647714        3.59946       -157.246        18.5402        34.2977        26.2482       -1430.26     /gpfs/hpu/EHT2/IHARM_inc-5/MAD_a0_384x192x192_IHARM/m_1_1_80/image_a0_0099_168_0_230.e9_6.2e9_2.48773e+25_80.dat
