   # Index         I (Jy)      M/D (uas)       PA (deg)  VA red. chisq  CP red. chisq     red. chisq     log-liklhd     FileName
         0       0.956554        3.60846        106.499        4.90034        11.3081        8.54776       -1042.83     /gpfs/hpu/EHT2/IHARM_inc+5/MAD_a-0.5_384x192x192_IHARM/m_1_1_160/image_a-0.5_0000_22_0_230.e9_6.2e9_4.33284e+25_160.dat
         1        1.06226        3.31813        62.9656        8.20567        34.2929        23.3199       -2117.97     /gpfs/hpu/EHT2/IHARM_inc+5/MAD_a-0.5_384x192x192_IHARM/m_1_1_160/image_a-0.5_0001_22_0_230.e9_6.2e9_4.33284e+25_160.dat
         2        0.72508        3.43316        142.856        16.5573        45.4707        33.1406       -2634.06     /gpfs/hpu/EHT2/IHARM_inc+5/MAD_a-0.5_384x192x192_IHARM/m_1_1_160/image_a-0.5_0002_22_0_230.e9_6.2e9_4.33284e+25_160.dat
         3        1.33256        3.71407         246.59        29.1397        44.7419        37.6326       -3389.28     /gpfs/hpu/EHT2/IHARM_inc+5/MAD_a-0.5_384x192x192_IHARM/m_1_1_160/image_a-0.5_0003_22_0_230.e9_6.2e9_4.33284e+25_160.dat
         4       0.775883        3.07634        350.175        8.55378         19.985        15.0649       -1369.89     /gpfs/hpu/EHT2/IHARM_inc+5/MAD_a-0.5_384x192x192_IHARM/m_1_1_160/image_a-0.5_0004_22_0_230.e9_6.2e9_4.33284e+25_160.dat
         5       0.426973        3.19408        332.765         33.815        39.6615         36.481       -2717.21     /gpfs/hpu/EHT2/IHARM_inc+5/MAD_a-0.5_384x192x192_IHARM/m_1_1_160/image_a-0.5_0005_22_0_230.e9_6.2e9_4.33284e+25_160.dat
         6       0.605524        3.30787        324.719        22.4444        75.0614        52.7962       -4454.76     /gpfs/hpu/EHT2/IHARM_inc+5/MAD_a-0.5_384x192x192_IHARM/m_1_1_160/image_a-0.5_0006_22_0_230.e9_6.2e9_4.33284e+25_160.dat
         7       0.942082        3.42694        342.435        20.6865        83.2214        56.8945       -4368.62     /gpfs/hpu/EHT2/IHARM_inc+5/MAD_a-0.5_384x192x192_IHARM/m_1_1_160/image_a-0.5_0007_22_0_230.e9_6.2e9_4.33284e+25_160.dat
         8       0.743546        3.27831        303.917        35.2009        112.766        79.8961       -5758.98     /gpfs/hpu/EHT2/IHARM_inc+5/MAD_a-0.5_384x192x192_IHARM/m_1_1_160/image_a-0.5_0008_22_0_230.e9_6.2e9_4.33284e+25_160.dat
         9       0.899586        3.87837         281.05         22.142        16.1014           18.1       -1538.13     /gpfs/hpu/EHT2/IHARM_inc+5/MAD_a-0.5_384x192x192_IHARM/m_1_1_160/image_a-0.5_0009_22_0_230.e9_6.2e9_4.33284e+25_160.dat
        10       0.935525        4.01856        317.863        11.7031        8.05185        9.29776       -1013.61     /gpfs/hpu/EHT2/IHARM_inc+5/MAD_a-0.5_384x192x192_IHARM/m_1_1_160/image_a-0.5_0010_22_0_230.e9_6.2e9_4.33284e+25_160.dat
        11        0.68346        4.07867        349.414        11.0372        27.1267        20.2242        -1659.1     /gpfs/hpu/EHT2/IHARM_inc+5/MAD_a-0.5_384x192x192_IHARM/m_1_1_160/image_a-0.5_0011_22_0_230.e9_6.2e9_4.33284e+25_160.dat
        12       0.962908        3.17056        289.818        6.63455        16.2766        12.1396       -1263.68     /gpfs/hpu/EHT2/IHARM_inc+5/MAD_a-0.5_384x192x192_IHARM/m_1_1_160/image_a-0.5_0012_22_0_230.e9_6.2e9_4.33284e+25_160.dat
        13       0.932267         3.3601         311.96        22.4327        14.8937        17.5053       -2021.21     /gpfs/hpu/EHT2/IHARM_inc+5/MAD_a-0.5_384x192x192_IHARM/m_1_1_160/image_a-0.5_0013_22_0_230.e9_6.2e9_4.33284e+25_160.dat
        14       0.519036        3.47606        330.942        7.44606        13.0498        10.5645        -998.23     /gpfs/hpu/EHT2/IHARM_inc+5/MAD_a-0.5_384x192x192_IHARM/m_1_1_160/image_a-0.5_0014_22_0_230.e9_6.2e9_4.33284e+25_160.dat
        15       0.854405        3.13209         310.34        14.3876        32.2594        24.5442       -2062.96     /gpfs/hpu/EHT2/IHARM_inc+5/MAD_a-0.5_384x192x192_IHARM/m_1_1_160/image_a-0.5_0015_22_0_230.e9_6.2e9_4.33284e+25_160.dat
        16       0.528167        3.29688        359.894        33.5838        9.55921        18.7367       -1574.68     /gpfs/hpu/EHT2/IHARM_inc+5/MAD_a-0.5_384x192x192_IHARM/m_1_1_160/image_a-0.5_0016_22_0_230.e9_6.2e9_4.33284e+25_160.dat
        17       0.859835        3.08206        352.136        29.0338        50.3722        40.8931       -3231.23     /gpfs/hpu/EHT2/IHARM_inc+5/MAD_a-0.5_384x192x192_IHARM/m_1_1_160/image_a-0.5_0017_22_0_230.e9_6.2e9_4.33284e+25_160.dat
        18       0.407458        3.13019        359.819        21.3632        16.2629        17.8902       -1505.28     /gpfs/hpu/EHT2/IHARM_inc+5/MAD_a-0.5_384x192x192_IHARM/m_1_1_160/image_a-0.5_0018_22_0_230.e9_6.2e9_4.33284e+25_160.dat
        19       0.458055        3.32442        359.955        15.3972        14.4883        14.5169       -1254.64     /gpfs/hpu/EHT2/IHARM_inc+5/MAD_a-0.5_384x192x192_IHARM/m_1_1_160/image_a-0.5_0019_22_0_230.e9_6.2e9_4.33284e+25_160.dat
        20        0.77703        3.15931        359.999        34.2252        55.7178        46.0579       -3487.11     /gpfs/hpu/EHT2/IHARM_inc+5/MAD_a-0.5_384x192x192_IHARM/m_1_1_160/image_a-0.5_0020_22_0_230.e9_6.2e9_4.33284e+25_160.dat
        21       0.449964        3.15659        356.583        12.9401        18.4581        15.8844        -1371.8     /gpfs/hpu/EHT2/IHARM_inc+5/MAD_a-0.5_384x192x192_IHARM/m_1_1_160/image_a-0.5_0021_22_0_230.e9_6.2e9_4.33284e+25_160.dat
        22       0.455913        3.22189        333.998        8.71138        12.8024        10.9141       -1003.16     /gpfs/hpu/EHT2/IHARM_inc+5/MAD_a-0.5_384x192x192_IHARM/m_1_1_160/image_a-0.5_0022_22_0_230.e9_6.2e9_4.33284e+25_160.dat
        23       0.566053        3.07555        351.404        11.3433        10.9569        10.8608       -1075.12     /gpfs/hpu/EHT2/IHARM_inc+5/MAD_a-0.5_384x192x192_IHARM/m_1_1_160/image_a-0.5_0023_22_0_230.e9_6.2e9_4.33284e+25_160.dat
        24       0.434779         3.1254        329.689        37.2124         36.985        36.2396       -2731.14     /gpfs/hpu/EHT2/IHARM_inc+5/MAD_a-0.5_384x192x192_IHARM/m_1_1_160/image_a-0.5_0024_22_0_230.e9_6.2e9_4.33284e+25_160.dat
        25       0.482846        3.05562        358.627        10.4353        11.9425        11.0838       -1028.59     /gpfs/hpu/EHT2/IHARM_inc+5/MAD_a-0.5_384x192x192_IHARM/m_1_1_160/image_a-0.5_0025_22_0_230.e9_6.2e9_4.33284e+25_160.dat
        26       0.715302         3.6057        359.986        28.1472        75.2898        55.1599        -4027.4     /gpfs/hpu/EHT2/IHARM_inc+5/MAD_a-0.5_384x192x192_IHARM/m_1_1_160/image_a-0.5_0026_22_0_230.e9_6.2e9_4.33284e+25_160.dat
        27       0.538776        3.51835        359.996        9.24635        32.4785        22.6626       -1844.22     /gpfs/hpu/EHT2/IHARM_inc+5/MAD_a-0.5_384x192x192_IHARM/m_1_1_160/image_a-0.5_0027_22_0_230.e9_6.2e9_4.33284e+25_160.dat
        28       0.589152        3.57532        191.258        16.4315        56.2106          39.39       -3039.73     /gpfs/hpu/EHT2/IHARM_inc+5/MAD_a-0.5_384x192x192_IHARM/m_1_1_160/image_a-0.5_0028_22_0_230.e9_6.2e9_4.33284e+25_160.dat
        29       0.615024        3.36998        117.534        33.9874        13.1155        20.9801       -1732.35     /gpfs/hpu/EHT2/IHARM_inc+5/MAD_a-0.5_384x192x192_IHARM/m_1_1_160/image_a-0.5_0029_22_0_230.e9_6.2e9_4.33284e+25_160.dat
        30       0.831035        3.54154        204.705        17.5113        68.8143        47.2038        -3621.8     /gpfs/hpu/EHT2/IHARM_inc+5/MAD_a-0.5_384x192x192_IHARM/m_1_1_160/image_a-0.5_0030_22_0_230.e9_6.2e9_4.33284e+25_160.dat
        31       0.822871        3.28482         192.77        12.5589        35.5341        25.7498       -2193.26     /gpfs/hpu/EHT2/IHARM_inc+5/MAD_a-0.5_384x192x192_IHARM/m_1_1_160/image_a-0.5_0031_22_0_230.e9_6.2e9_4.33284e+25_160.dat
        32       0.611534        3.15902        192.141        7.34775        15.6673        12.0612       -1152.15     /gpfs/hpu/EHT2/IHARM_inc+5/MAD_a-0.5_384x192x192_IHARM/m_1_1_160/image_a-0.5_0032_22_0_230.e9_6.2e9_4.33284e+25_160.dat
        33       0.567444        3.72217        253.034        7.93325        13.9236        11.2674       -1080.26     /gpfs/hpu/EHT2/IHARM_inc+5/MAD_a-0.5_384x192x192_IHARM/m_1_1_160/image_a-0.5_0033_22_0_230.e9_6.2e9_4.33284e+25_160.dat
        34       0.395991        3.49879        247.021        4.92544         6.8332        5.93318       -677.246     /gpfs/hpu/EHT2/IHARM_inc+5/MAD_a-0.5_384x192x192_IHARM/m_1_1_160/image_a-0.5_0034_22_0_230.e9_6.2e9_4.33284e+25_160.dat
        35         0.5134        3.45939        277.921        5.39349         7.0583        6.24819       -708.002     /gpfs/hpu/EHT2/IHARM_inc+5/MAD_a-0.5_384x192x192_IHARM/m_1_1_160/image_a-0.5_0035_22_0_230.e9_6.2e9_4.33284e+25_160.dat
        36       0.533302        3.66111        313.699        10.0396        19.5001        15.3614       -1366.95     /gpfs/hpu/EHT2/IHARM_inc+5/MAD_a-0.5_384x192x192_IHARM/m_1_1_160/image_a-0.5_0036_22_0_230.e9_6.2e9_4.33284e+25_160.dat
        37       0.468822        3.45728        302.997        23.4744        10.5153        15.3449       -1315.42     /gpfs/hpu/EHT2/IHARM_inc+5/MAD_a-0.5_384x192x192_IHARM/m_1_1_160/image_a-0.5_0037_22_0_230.e9_6.2e9_4.33284e+25_160.dat
        38       0.451758        3.62014        303.342        8.24869        9.75846        8.94806       -872.769     /gpfs/hpu/EHT2/IHARM_inc+5/MAD_a-0.5_384x192x192_IHARM/m_1_1_160/image_a-0.5_0038_22_0_230.e9_6.2e9_4.33284e+25_160.dat
        39       0.521031        3.62921         287.67        14.9249        13.2167        13.5864       -1187.13     /gpfs/hpu/EHT2/IHARM_inc+5/MAD_a-0.5_384x192x192_IHARM/m_1_1_160/image_a-0.5_0039_22_0_230.e9_6.2e9_4.33284e+25_160.dat
        40       0.487932        3.28677        236.242        12.0251        14.5886        13.2572       -1189.76     /gpfs/hpu/EHT2/IHARM_inc+5/MAD_a-0.5_384x192x192_IHARM/m_1_1_160/image_a-0.5_0040_22_0_230.e9_6.2e9_4.33284e+25_160.dat
        41        0.68874        3.20745        276.255        13.2762        22.6477        18.4728       -1680.24     /gpfs/hpu/EHT2/IHARM_inc+5/MAD_a-0.5_384x192x192_IHARM/m_1_1_160/image_a-0.5_0041_22_0_230.e9_6.2e9_4.33284e+25_160.dat
        42       0.713431        3.76858        286.492        24.7546        65.4148         48.042       -3648.16     /gpfs/hpu/EHT2/IHARM_inc+5/MAD_a-0.5_384x192x192_IHARM/m_1_1_160/image_a-0.5_0042_22_0_230.e9_6.2e9_4.33284e+25_160.dat
        43       0.460609        3.15712        256.956        28.2394        14.3131        19.4352       -1577.31     /gpfs/hpu/EHT2/IHARM_inc+5/MAD_a-0.5_384x192x192_IHARM/m_1_1_160/image_a-0.5_0043_22_0_230.e9_6.2e9_4.33284e+25_160.dat
        44       0.710852        3.58141        298.175        24.8583        22.6817        23.0211       -1888.17     /gpfs/hpu/EHT2/IHARM_inc+5/MAD_a-0.5_384x192x192_IHARM/m_1_1_160/image_a-0.5_0044_22_0_230.e9_6.2e9_4.33284e+25_160.dat
        45       0.507377        3.67473        315.542        2.41156        6.24506        4.60538       -620.822     /gpfs/hpu/EHT2/IHARM_inc+5/MAD_a-0.5_384x192x192_IHARM/m_1_1_160/image_a-0.5_0045_22_0_230.e9_6.2e9_4.33284e+25_160.dat
        46        0.60643        3.77419        359.218        5.72605        11.4618        8.96072       -918.999     /gpfs/hpu/EHT2/IHARM_inc+5/MAD_a-0.5_384x192x192_IHARM/m_1_1_160/image_a-0.5_0046_22_0_230.e9_6.2e9_4.33284e+25_160.dat
        47       0.574209        3.91756        338.505         9.7595        64.9191        41.8886       -3092.78     /gpfs/hpu/EHT2/IHARM_inc+5/MAD_a-0.5_384x192x192_IHARM/m_1_1_160/image_a-0.5_0047_22_0_230.e9_6.2e9_4.33284e+25_160.dat
        48       0.650213        3.67391         356.11        12.0018        35.3521        25.4253       -2003.39     /gpfs/hpu/EHT2/IHARM_inc+5/MAD_a-0.5_384x192x192_IHARM/m_1_1_160/image_a-0.5_0048_22_0_230.e9_6.2e9_4.33284e+25_160.dat
        49       0.496063         2.8354        325.602        13.8823        30.2264        23.1544       -1828.36     /gpfs/hpu/EHT2/IHARM_inc+5/MAD_a-0.5_384x192x192_IHARM/m_1_1_160/image_a-0.5_0049_22_0_230.e9_6.2e9_4.33284e+25_160.dat
        50       0.519105        2.98155        333.047        11.9402        29.7769        22.1315       -1767.81     /gpfs/hpu/EHT2/IHARM_inc+5/MAD_a-0.5_384x192x192_IHARM/m_1_1_160/image_a-0.5_0050_22_0_230.e9_6.2e9_4.33284e+25_160.dat
        51       0.648428        3.10929        353.651        18.4022        120.491        77.8587       -5874.33     /gpfs/hpu/EHT2/IHARM_inc+5/MAD_a-0.5_384x192x192_IHARM/m_1_1_160/image_a-0.5_0051_22_0_230.e9_6.2e9_4.33284e+25_160.dat
        52       0.445821        3.26691        359.991        26.6948        44.6559        36.6262       -2732.98     /gpfs/hpu/EHT2/IHARM_inc+5/MAD_a-0.5_384x192x192_IHARM/m_1_1_160/image_a-0.5_0052_22_0_230.e9_6.2e9_4.33284e+25_160.dat
        53       0.779552        3.33755        315.454        26.8927        50.4074        40.0767       -3243.12     /gpfs/hpu/EHT2/IHARM_inc+5/MAD_a-0.5_384x192x192_IHARM/m_1_1_160/image_a-0.5_0053_22_0_230.e9_6.2e9_4.33284e+25_160.dat
        54        1.08019        3.26606        284.751         22.689        76.4085        53.6819       -4153.43     /gpfs/hpu/EHT2/IHARM_inc+5/MAD_a-0.5_384x192x192_IHARM/m_1_1_160/image_a-0.5_0054_22_0_230.e9_6.2e9_4.33284e+25_160.dat
        55       0.400943        3.30588        330.182        10.6003        15.1022        13.0014       -1152.06     /gpfs/hpu/EHT2/IHARM_inc+5/MAD_a-0.5_384x192x192_IHARM/m_1_1_160/image_a-0.5_0055_22_0_230.e9_6.2e9_4.33284e+25_160.dat
        56       0.369312         3.1902        354.138        8.61258        7.92314        8.01398        -814.49     /gpfs/hpu/EHT2/IHARM_inc+5/MAD_a-0.5_384x192x192_IHARM/m_1_1_160/image_a-0.5_0056_22_0_230.e9_6.2e9_4.33284e+25_160.dat
        57       0.404686        3.25353        314.779        6.72141        7.89283        7.25679       -776.478     /gpfs/hpu/EHT2/IHARM_inc+5/MAD_a-0.5_384x192x192_IHARM/m_1_1_160/image_a-0.5_0057_22_0_230.e9_6.2e9_4.33284e+25_160.dat
        58       0.349559        3.47135        293.462        36.8397        31.9892        33.1641       -2538.28     /gpfs/hpu/EHT2/IHARM_inc+5/MAD_a-0.5_384x192x192_IHARM/m_1_1_160/image_a-0.5_0058_22_0_230.e9_6.2e9_4.33284e+25_160.dat
        59       0.306324        3.42252        309.637        13.6545        14.0713        13.5909       -1200.43     /gpfs/hpu/EHT2/IHARM_inc+5/MAD_a-0.5_384x192x192_IHARM/m_1_1_160/image_a-0.5_0059_22_0_230.e9_6.2e9_4.33284e+25_160.dat
        60       0.526397         3.4809        335.265        13.2292        12.5656        12.5416        -1171.2     /gpfs/hpu/EHT2/IHARM_inc+5/MAD_a-0.5_384x192x192_IHARM/m_1_1_160/image_a-0.5_0060_22_0_230.e9_6.2e9_4.33284e+25_160.dat
        61       0.431526        3.36285        311.883        63.2763        53.8763        56.3363       -4054.33     /gpfs/hpu/EHT2/IHARM_inc+5/MAD_a-0.5_384x192x192_IHARM/m_1_1_160/image_a-0.5_0061_22_0_230.e9_6.2e9_4.33284e+25_160.dat
        62        1.03428        4.35438        304.624        23.6066        89.6935        61.8318       -4460.18     /gpfs/hpu/EHT2/IHARM_inc+5/MAD_a-0.5_384x192x192_IHARM/m_1_1_160/image_a-0.5_0062_22_0_230.e9_6.2e9_4.33284e+25_160.dat
        63       0.735223         4.3475        329.271        27.0289          59.59        45.5152       -3352.33     /gpfs/hpu/EHT2/IHARM_inc+5/MAD_a-0.5_384x192x192_IHARM/m_1_1_160/image_a-0.5_0063_22_0_230.e9_6.2e9_4.33284e+25_160.dat
        64         1.4968         4.9074        168.819        72.5215        79.8491        75.1831       -5997.33     /gpfs/hpu/EHT2/IHARM_inc+5/MAD_a-0.5_384x192x192_IHARM/m_1_1_160/image_a-0.5_0064_22_0_230.e9_6.2e9_4.33284e+25_160.dat
        65       0.487163        3.29672        102.029        10.5602        60.0196        39.3283       -3351.72     /gpfs/hpu/EHT2/IHARM_inc+5/MAD_a-0.5_384x192x192_IHARM/m_1_1_160/image_a-0.5_0065_22_0_230.e9_6.2e9_4.33284e+25_160.dat
        66        1.03052        3.76039        192.892        13.7505        65.5805        43.8369       -3413.97     /gpfs/hpu/EHT2/IHARM_inc+5/MAD_a-0.5_384x192x192_IHARM/m_1_1_160/image_a-0.5_0066_22_0_230.e9_6.2e9_4.33284e+25_160.dat
        67       0.753223        3.65669        265.873        14.5077         44.382        31.7007       -2474.09     /gpfs/hpu/EHT2/IHARM_inc+5/MAD_a-0.5_384x192x192_IHARM/m_1_1_160/image_a-0.5_0067_22_0_230.e9_6.2e9_4.33284e+25_160.dat
        68       0.550674         3.7035        237.009        5.38358        16.9757        12.0605        -1105.6     /gpfs/hpu/EHT2/IHARM_inc+5/MAD_a-0.5_384x192x192_IHARM/m_1_1_160/image_a-0.5_0068_22_0_230.e9_6.2e9_4.33284e+25_160.dat
        69       0.568052        3.50721        321.328        11.5767         10.061        10.4266       -1017.98     /gpfs/hpu/EHT2/IHARM_inc+5/MAD_a-0.5_384x192x192_IHARM/m_1_1_160/image_a-0.5_0069_22_0_230.e9_6.2e9_4.33284e+25_160.dat
        70       0.411674        3.48788        348.318        9.53489         10.663        9.98142       -952.217     /gpfs/hpu/EHT2/IHARM_inc+5/MAD_a-0.5_384x192x192_IHARM/m_1_1_160/image_a-0.5_0070_22_0_230.e9_6.2e9_4.33284e+25_160.dat
        71       0.430764        3.43173        290.359        21.0417        18.1079        18.8465       -1532.03     /gpfs/hpu/EHT2/IHARM_inc+5/MAD_a-0.5_384x192x192_IHARM/m_1_1_160/image_a-0.5_0071_22_0_230.e9_6.2e9_4.33284e+25_160.dat
        72       0.462038        3.31778        359.995        18.1612        16.3785         16.706       -1470.89     /gpfs/hpu/EHT2/IHARM_inc+5/MAD_a-0.5_384x192x192_IHARM/m_1_1_160/image_a-0.5_0072_22_0_230.e9_6.2e9_4.33284e+25_160.dat
        73       0.605754        3.05298        307.344         54.089        61.6229        57.2873       -4205.24     /gpfs/hpu/EHT2/IHARM_inc+5/MAD_a-0.5_384x192x192_IHARM/m_1_1_160/image_a-0.5_0073_22_0_230.e9_6.2e9_4.33284e+25_160.dat
        74       0.562948         3.2715        359.999        32.8503        10.0896        18.7609       -1595.85     /gpfs/hpu/EHT2/IHARM_inc+5/MAD_a-0.5_384x192x192_IHARM/m_1_1_160/image_a-0.5_0074_22_0_230.e9_6.2e9_4.33284e+25_160.dat
        75       0.420737        3.29904        313.076         9.7623         9.9556        9.65546       -925.359     /gpfs/hpu/EHT2/IHARM_inc+5/MAD_a-0.5_384x192x192_IHARM/m_1_1_160/image_a-0.5_0075_22_0_230.e9_6.2e9_4.33284e+25_160.dat
        76       0.481486        3.25845        264.142        7.73068        14.4433         11.493       -1045.69     /gpfs/hpu/EHT2/IHARM_inc+5/MAD_a-0.5_384x192x192_IHARM/m_1_1_160/image_a-0.5_0076_22_0_230.e9_6.2e9_4.33284e+25_160.dat
        77       0.462976        3.34648        269.435        10.0688        21.1812        16.3587       -1385.86     /gpfs/hpu/EHT2/IHARM_inc+5/MAD_a-0.5_384x192x192_IHARM/m_1_1_160/image_a-0.5_0077_22_0_230.e9_6.2e9_4.33284e+25_160.dat
        78       0.458401        3.77251        334.324        12.4711        14.7023        13.4983       -1204.23     /gpfs/hpu/EHT2/IHARM_inc+5/MAD_a-0.5_384x192x192_IHARM/m_1_1_160/image_a-0.5_0078_22_0_230.e9_6.2e9_4.33284e+25_160.dat
        79        0.93568        4.20688         336.37        13.5765        55.2258        37.6962       -3020.26     /gpfs/hpu/EHT2/IHARM_inc+5/MAD_a-0.5_384x192x192_IHARM/m_1_1_160/image_a-0.5_0079_22_0_230.e9_6.2e9_4.33284e+25_160.dat
        80       0.735398        3.68874        331.925        27.3949        57.2731        44.2995       -3868.72     /gpfs/hpu/EHT2/IHARM_inc+5/MAD_a-0.5_384x192x192_IHARM/m_1_1_160/image_a-0.5_0080_22_0_230.e9_6.2e9_4.33284e+25_160.dat
        81       0.831849         3.4014        342.567        24.7892        57.7419        43.5557       -3350.95     /gpfs/hpu/EHT2/IHARM_inc+5/MAD_a-0.5_384x192x192_IHARM/m_1_1_160/image_a-0.5_0081_22_0_230.e9_6.2e9_4.33284e+25_160.dat
        82       0.549662        3.03306        315.342        19.6511        46.9697        35.2293       -2713.47     /gpfs/hpu/EHT2/IHARM_inc+5/MAD_a-0.5_384x192x192_IHARM/m_1_1_160/image_a-0.5_0082_22_0_230.e9_6.2e9_4.33284e+25_160.dat
        83       0.730774        3.10955        359.997        66.0875        30.4023        43.6686       -3317.88     /gpfs/hpu/EHT2/IHARM_inc+5/MAD_a-0.5_384x192x192_IHARM/m_1_1_160/image_a-0.5_0083_22_0_230.e9_6.2e9_4.33284e+25_160.dat
        84       0.542574        3.60814        280.228        19.8223        18.7146        18.7255       -1547.15     /gpfs/hpu/EHT2/IHARM_inc+5/MAD_a-0.5_384x192x192_IHARM/m_1_1_160/image_a-0.5_0084_22_0_230.e9_6.2e9_4.33284e+25_160.dat
        85       0.707673         3.1789        359.947         27.847        33.1532        30.3308       -2447.18     /gpfs/hpu/EHT2/IHARM_inc+5/MAD_a-0.5_384x192x192_IHARM/m_1_1_160/image_a-0.5_0085_22_0_230.e9_6.2e9_4.33284e+25_160.dat
        86       0.505385        3.58965        301.656        16.8915        42.4126        31.4777       -2405.44     /gpfs/hpu/EHT2/IHARM_inc+5/MAD_a-0.5_384x192x192_IHARM/m_1_1_160/image_a-0.5_0086_22_0_230.e9_6.2e9_4.33284e+25_160.dat
        87         1.3096        4.20391        282.805        8.03392        72.1859        45.4757       -3450.95     /gpfs/hpu/EHT2/IHARM_inc+5/MAD_a-0.5_384x192x192_IHARM/m_1_1_160/image_a-0.5_0087_22_0_230.e9_6.2e9_4.33284e+25_160.dat
        88        0.84631        3.57339        296.945        21.2384        27.2796        24.3023       -1969.34     /gpfs/hpu/EHT2/IHARM_inc+5/MAD_a-0.5_384x192x192_IHARM/m_1_1_160/image_a-0.5_0088_22_0_230.e9_6.2e9_4.33284e+25_160.dat
        89       0.468644        3.30137        300.647         22.242         14.746        17.3441       -1483.55     /gpfs/hpu/EHT2/IHARM_inc+5/MAD_a-0.5_384x192x192_IHARM/m_1_1_160/image_a-0.5_0089_22_0_230.e9_6.2e9_4.33284e+25_160.dat
        90       0.461994        3.23744        303.001        22.1596        8.62164        13.7202       -1232.71     /gpfs/hpu/EHT2/IHARM_inc+5/MAD_a-0.5_384x192x192_IHARM/m_1_1_160/image_a-0.5_0090_22_0_230.e9_6.2e9_4.33284e+25_160.dat
        91        1.09327        3.11355        351.795        32.8337        34.0813        32.8248       -2675.85     /gpfs/hpu/EHT2/IHARM_inc+5/MAD_a-0.5_384x192x192_IHARM/m_1_1_160/image_a-0.5_0091_22_0_230.e9_6.2e9_4.33284e+25_160.dat
        92       0.585902        3.24835        349.476        16.8962        21.4975        19.2136       -1658.94     /gpfs/hpu/EHT2/IHARM_inc+5/MAD_a-0.5_384x192x192_IHARM/m_1_1_160/image_a-0.5_0092_22_0_230.e9_6.2e9_4.33284e+25_160.dat
        93       0.374414        3.25466        345.701        31.9574        27.0135        28.3371       -2163.57     /gpfs/hpu/EHT2/IHARM_inc+5/MAD_a-0.5_384x192x192_IHARM/m_1_1_160/image_a-0.5_0093_22_0_230.e9_6.2e9_4.33284e+25_160.dat
        94       0.294398        3.60714          337.5        21.6281         18.274        19.1732       -1661.95     /gpfs/hpu/EHT2/IHARM_inc+5/MAD_a-0.5_384x192x192_IHARM/m_1_1_160/image_a-0.5_0094_22_0_230.e9_6.2e9_4.33284e+25_160.dat
        95        0.79096        3.81692        333.558        17.7349        44.7673        33.1885       -2573.26     /gpfs/hpu/EHT2/IHARM_inc+5/MAD_a-0.5_384x192x192_IHARM/m_1_1_160/image_a-0.5_0095_22_0_230.e9_6.2e9_4.33284e+25_160.dat
        96       0.465489        3.74157        119.301        18.8395        32.9475        26.6884       -2096.22     /gpfs/hpu/EHT2/IHARM_inc+5/MAD_a-0.5_384x192x192_IHARM/m_1_1_160/image_a-0.5_0096_22_0_230.e9_6.2e9_4.33284e+25_160.dat
        97       0.619922         3.7924        182.628        16.7993        20.0457        18.3243       -1550.49     /gpfs/hpu/EHT2/IHARM_inc+5/MAD_a-0.5_384x192x192_IHARM/m_1_1_160/image_a-0.5_0097_22_0_230.e9_6.2e9_4.33284e+25_160.dat
        98       0.601736        3.46476        46.9185        13.8711        34.3599        25.5742       -2071.16     /gpfs/hpu/EHT2/IHARM_inc+5/MAD_a-0.5_384x192x192_IHARM/m_1_1_160/image_a-0.5_0098_22_0_230.e9_6.2e9_4.33284e+25_160.dat
        99       0.650729        3.60683       -56.6072        21.0147        16.1711        17.7001       -1509.52     /gpfs/hpu/EHT2/IHARM_inc+5/MAD_a-0.5_384x192x192_IHARM/m_1_1_160/image_a-0.5_0099_22_0_230.e9_6.2e9_4.33284e+25_160.dat
