   # Index         I (Jy)      M/D (uas)       PA (deg)  VA red. chisq  CP red. chisq     red. chisq     log-liklhd     FileName
         0        1.58901        5.88734        -89.303        69.7246        16.9658        38.8641       -1776.44     /gpfs/hpu/EHT2/IHARM/MAD/MAD_a-0.94_384x192x192_IHARM/m_1_1_10/image_a-0.94_0000_17_0_230.e9_6.2e9_1.55976e+25_10.dat
         1       0.730768         3.8757       -33.0754         63.902        37.9366        47.6314       -2098.98     /gpfs/hpu/EHT2/IHARM/MAD/MAD_a-0.94_384x192x192_IHARM/m_1_1_10/image_a-0.94_0001_17_0_230.e9_6.2e9_1.55976e+25_10.dat
         2       0.805435        3.39303        9.62671         19.145        10.4612         13.785       -738.185     /gpfs/hpu/EHT2/IHARM/MAD/MAD_a-0.94_384x192x192_IHARM/m_1_1_10/image_a-0.94_0002_17_0_230.e9_6.2e9_1.55976e+25_10.dat
         3        1.38287        3.49417       -81.7197        16.8724        68.1782         43.785       -2445.33     /gpfs/hpu/EHT2/IHARM/MAD/MAD_a-0.94_384x192x192_IHARM/m_1_1_10/image_a-0.94_0003_17_0_230.e9_6.2e9_1.55976e+25_10.dat
         4       0.660702        3.86227       -12.8358        20.0807        10.0356         13.956        -726.67     /gpfs/hpu/EHT2/IHARM/MAD/MAD_a-0.94_384x192x192_IHARM/m_1_1_10/image_a-0.94_0004_17_0_230.e9_6.2e9_1.55976e+25_10.dat
         5        0.70897        4.35231        10.3559        6.28549        8.57978        7.28662       -466.325     /gpfs/hpu/EHT2/IHARM/MAD/MAD_a-0.94_384x192x192_IHARM/m_1_1_10/image_a-0.94_0005_17_0_230.e9_6.2e9_1.55976e+25_10.dat
         6       0.765865         3.6946        43.0777        9.16245         9.5654        9.04346       -568.032     /gpfs/hpu/EHT2/IHARM/MAD/MAD_a-0.94_384x192x192_IHARM/m_1_1_10/image_a-0.94_0006_17_0_230.e9_6.2e9_1.55976e+25_10.dat
         7       0.746799        3.49298        146.456        9.65259        21.9556        15.9011       -860.129     /gpfs/hpu/EHT2/IHARM/MAD/MAD_a-0.94_384x192x192_IHARM/m_1_1_10/image_a-0.94_0007_17_0_230.e9_6.2e9_1.55976e+25_10.dat
         8       0.706068         3.4726        229.216          23.19         14.236         17.537       -853.211     /gpfs/hpu/EHT2/IHARM/MAD/MAD_a-0.94_384x192x192_IHARM/m_1_1_10/image_a-0.94_0008_17_0_230.e9_6.2e9_1.55976e+25_10.dat
         9       0.697877        3.48476        231.478        12.2541        13.6141        12.5355       -656.303     /gpfs/hpu/EHT2/IHARM/MAD/MAD_a-0.94_384x192x192_IHARM/m_1_1_10/image_a-0.94_0009_17_0_230.e9_6.2e9_1.55976e+25_10.dat
        10       0.683671        3.94735        203.712        30.4235        46.7312         38.061       -1713.61     /gpfs/hpu/EHT2/IHARM/MAD/MAD_a-0.94_384x192x192_IHARM/m_1_1_10/image_a-0.94_0010_17_0_230.e9_6.2e9_1.55976e+25_10.dat
        11       0.951453        4.35194        211.703        25.3412        34.9816         29.587       -1373.83     /gpfs/hpu/EHT2/IHARM/MAD/MAD_a-0.94_384x192x192_IHARM/m_1_1_10/image_a-0.94_0011_17_0_230.e9_6.2e9_1.55976e+25_10.dat
        12        1.16848        3.82029        158.505        4.71898        10.6528        7.73036       -687.192     /gpfs/hpu/EHT2/IHARM/MAD/MAD_a-0.94_384x192x192_IHARM/m_1_1_10/image_a-0.94_0012_17_0_230.e9_6.2e9_1.55976e+25_10.dat
        13        1.14458         4.6909        195.601        22.0479        36.8738        29.1966       -1571.27     /gpfs/hpu/EHT2/IHARM/MAD/MAD_a-0.94_384x192x192_IHARM/m_1_1_10/image_a-0.94_0013_17_0_230.e9_6.2e9_1.55976e+25_10.dat
        14       0.596208        3.70125        261.312        11.1229        8.72419        9.42884       -528.773     /gpfs/hpu/EHT2/IHARM/MAD/MAD_a-0.94_384x192x192_IHARM/m_1_1_10/image_a-0.94_0014_17_0_230.e9_6.2e9_1.55976e+25_10.dat
        15       0.744039         3.8981        310.288        19.2098        13.0931        15.2248       -772.783     /gpfs/hpu/EHT2/IHARM/MAD/MAD_a-0.94_384x192x192_IHARM/m_1_1_10/image_a-0.94_0015_17_0_230.e9_6.2e9_1.55976e+25_10.dat
        16       0.595064        3.92432        232.331        11.4087         13.182        11.9428       -619.691     /gpfs/hpu/EHT2/IHARM/MAD/MAD_a-0.94_384x192x192_IHARM/m_1_1_10/image_a-0.94_0016_17_0_230.e9_6.2e9_1.55976e+25_10.dat
        17       0.570179        3.52945        271.236        11.1616        21.8399        16.4831       -818.219     /gpfs/hpu/EHT2/IHARM/MAD/MAD_a-0.94_384x192x192_IHARM/m_1_1_10/image_a-0.94_0017_17_0_230.e9_6.2e9_1.55976e+25_10.dat
        18       0.566816        3.18971        302.787        59.2522        22.6175        37.4268        -1701.1     /gpfs/hpu/EHT2/IHARM/MAD/MAD_a-0.94_384x192x192_IHARM/m_1_1_10/image_a-0.94_0018_17_0_230.e9_6.2e9_1.55976e+25_10.dat
        19       0.665931        3.89882        332.173        34.6945        15.0149        22.8654       -1084.97     /gpfs/hpu/EHT2/IHARM/MAD/MAD_a-0.94_384x192x192_IHARM/m_1_1_10/image_a-0.94_0019_17_0_230.e9_6.2e9_1.55976e+25_10.dat
        20       0.667231        3.98103        346.998        6.81097        12.2718          9.492        -549.38     /gpfs/hpu/EHT2/IHARM/MAD/MAD_a-0.94_384x192x192_IHARM/m_1_1_10/image_a-0.94_0020_17_0_230.e9_6.2e9_1.55976e+25_10.dat
        21       0.854717        3.69559        193.467         9.9055        47.6929        29.8193       -1626.48     /gpfs/hpu/EHT2/IHARM/MAD/MAD_a-0.94_384x192x192_IHARM/m_1_1_10/image_a-0.94_0021_17_0_230.e9_6.2e9_1.55976e+25_10.dat
        22        0.86889        4.33297        260.931        12.7412        21.4863        16.9676       -843.642     /gpfs/hpu/EHT2/IHARM/MAD/MAD_a-0.94_384x192x192_IHARM/m_1_1_10/image_a-0.94_0022_17_0_230.e9_6.2e9_1.55976e+25_10.dat
        23       0.801441        4.52104        299.421        10.5183        18.1426        14.2245       -719.434     /gpfs/hpu/EHT2/IHARM/MAD/MAD_a-0.94_384x192x192_IHARM/m_1_1_10/image_a-0.94_0023_17_0_230.e9_6.2e9_1.55976e+25_10.dat
        24       0.527317        3.58388        247.696        6.07041        14.8286        10.5478       -572.577     /gpfs/hpu/EHT2/IHARM/MAD/MAD_a-0.94_384x192x192_IHARM/m_1_1_10/image_a-0.94_0024_17_0_230.e9_6.2e9_1.55976e+25_10.dat
        25       0.512882        3.62456        249.898        11.6434        15.4416        13.2555       -683.175     /gpfs/hpu/EHT2/IHARM/MAD/MAD_a-0.94_384x192x192_IHARM/m_1_1_10/image_a-0.94_0025_17_0_230.e9_6.2e9_1.55976e+25_10.dat
        26         1.0414        3.74416        325.998         13.954        19.3402        16.3337       -1110.95     /gpfs/hpu/EHT2/IHARM/MAD/MAD_a-0.94_384x192x192_IHARM/m_1_1_10/image_a-0.94_0026_17_0_230.e9_6.2e9_1.55976e+25_10.dat
        27       0.867063        3.25299        316.613        15.5889        11.4716        12.8093       -804.707     /gpfs/hpu/EHT2/IHARM/MAD/MAD_a-0.94_384x192x192_IHARM/m_1_1_10/image_a-0.94_0027_17_0_230.e9_6.2e9_1.55976e+25_10.dat
        28        1.27069        3.25871        305.033        15.0726        22.0448        18.2623       -1003.18     /gpfs/hpu/EHT2/IHARM/MAD/MAD_a-0.94_384x192x192_IHARM/m_1_1_10/image_a-0.94_0028_17_0_230.e9_6.2e9_1.55976e+25_10.dat
        29       0.818369        3.06041        294.393        11.5892        27.3369        19.6152       -964.483     /gpfs/hpu/EHT2/IHARM/MAD/MAD_a-0.94_384x192x192_IHARM/m_1_1_10/image_a-0.94_0029_17_0_230.e9_6.2e9_1.55976e+25_10.dat
        30         1.4243        3.87899        315.725        5.44132        11.9527        8.73617       -579.256     /gpfs/hpu/EHT2/IHARM/MAD/MAD_a-0.94_384x192x192_IHARM/m_1_1_10/image_a-0.94_0030_17_0_230.e9_6.2e9_1.55976e+25_10.dat
        31       0.656593        4.41885        274.264        3.19529        7.82297        5.56153       -349.658     /gpfs/hpu/EHT2/IHARM/MAD/MAD_a-0.94_384x192x192_IHARM/m_1_1_10/image_a-0.94_0031_17_0_230.e9_6.2e9_1.55976e+25_10.dat
        32       0.841436         4.0651        297.327        15.5905        10.8509        12.4769         -652.1     /gpfs/hpu/EHT2/IHARM/MAD/MAD_a-0.94_384x192x192_IHARM/m_1_1_10/image_a-0.94_0032_17_0_230.e9_6.2e9_1.55976e+25_10.dat
        33       0.702378        3.61738         322.93        18.4099        10.3006         13.385       -695.722     /gpfs/hpu/EHT2/IHARM/MAD/MAD_a-0.94_384x192x192_IHARM/m_1_1_10/image_a-0.94_0033_17_0_230.e9_6.2e9_1.55976e+25_10.dat
        34       0.891128        3.47799        324.289        15.1205        27.8967        21.4228       -1201.36     /gpfs/hpu/EHT2/IHARM/MAD/MAD_a-0.94_384x192x192_IHARM/m_1_1_10/image_a-0.94_0034_17_0_230.e9_6.2e9_1.55976e+25_10.dat
        35       0.896316        3.28984         344.32        70.3959        19.3297        40.4191       -1861.55     /gpfs/hpu/EHT2/IHARM/MAD/MAD_a-0.94_384x192x192_IHARM/m_1_1_10/image_a-0.94_0035_17_0_230.e9_6.2e9_1.55976e+25_10.dat
        36        1.51121        3.42011        297.028        37.1544        52.5781        44.0712       -2067.92     /gpfs/hpu/EHT2/IHARM/MAD/MAD_a-0.94_384x192x192_IHARM/m_1_1_10/image_a-0.94_0036_17_0_230.e9_6.2e9_1.55976e+25_10.dat
        37       0.711731        3.85322        269.698        8.42792        31.5088        20.5045       -1102.23     /gpfs/hpu/EHT2/IHARM/MAD/MAD_a-0.94_384x192x192_IHARM/m_1_1_10/image_a-0.94_0037_17_0_230.e9_6.2e9_1.55976e+25_10.dat
        38       0.614464        3.89437         271.22        10.7006        26.6414        18.8627        -941.37     /gpfs/hpu/EHT2/IHARM/MAD/MAD_a-0.94_384x192x192_IHARM/m_1_1_10/image_a-0.94_0038_17_0_230.e9_6.2e9_1.55976e+25_10.dat
        39       0.853837        4.72694        305.444         7.5135        50.9248        30.5325        -1390.6     /gpfs/hpu/EHT2/IHARM/MAD/MAD_a-0.94_384x192x192_IHARM/m_1_1_10/image_a-0.94_0039_17_0_230.e9_6.2e9_1.55976e+25_10.dat
        40        1.57214          4.927        342.804        43.2676        25.6091        32.2093        -1622.5     /gpfs/hpu/EHT2/IHARM/MAD/MAD_a-0.94_384x192x192_IHARM/m_1_1_10/image_a-0.94_0040_17_0_230.e9_6.2e9_1.55976e+25_10.dat
        41       0.753516        3.97504        319.686        7.39359        5.42144        6.06486       -404.356     /gpfs/hpu/EHT2/IHARM/MAD/MAD_a-0.94_384x192x192_IHARM/m_1_1_10/image_a-0.94_0041_17_0_230.e9_6.2e9_1.55976e+25_10.dat
        42         1.3152        4.28957         322.09        12.3198        8.92728        10.0487       -571.933     /gpfs/hpu/EHT2/IHARM/MAD/MAD_a-0.94_384x192x192_IHARM/m_1_1_10/image_a-0.94_0042_17_0_230.e9_6.2e9_1.55976e+25_10.dat
        43        0.75636        3.72091        333.111        19.1936        25.5486        21.9014       -1054.94     /gpfs/hpu/EHT2/IHARM/MAD/MAD_a-0.94_384x192x192_IHARM/m_1_1_10/image_a-0.94_0043_17_0_230.e9_6.2e9_1.55976e+25_10.dat
        44        1.16001        3.53778        355.548        49.6935         28.383        36.4405       -1652.62     /gpfs/hpu/EHT2/IHARM/MAD/MAD_a-0.94_384x192x192_IHARM/m_1_1_10/image_a-0.94_0044_17_0_230.e9_6.2e9_1.55976e+25_10.dat
        45       0.929683        3.47799        301.997        11.9137        43.3028        28.3208       -1615.69     /gpfs/hpu/EHT2/IHARM/MAD/MAD_a-0.94_384x192x192_IHARM/m_1_1_10/image_a-0.94_0045_17_0_230.e9_6.2e9_1.55976e+25_10.dat
        46        1.68943        3.97839        201.231        54.1727        28.2808        38.2975       -1830.43     /gpfs/hpu/EHT2/IHARM/MAD/MAD_a-0.94_384x192x192_IHARM/m_1_1_10/image_a-0.94_0046_17_0_230.e9_6.2e9_1.55976e+25_10.dat
        47        1.75114        6.17107         226.58        25.5581        67.4664        47.1104       -2100.51     /gpfs/hpu/EHT2/IHARM/MAD/MAD_a-0.94_384x192x192_IHARM/m_1_1_10/image_a-0.94_0047_17_0_230.e9_6.2e9_1.55976e+25_10.dat
        48        1.60749        4.96054        352.669        25.5789        13.3359        18.0737       -1064.01     /gpfs/hpu/EHT2/IHARM/MAD/MAD_a-0.94_384x192x192_IHARM/m_1_1_10/image_a-0.94_0048_17_0_230.e9_6.2e9_1.55976e+25_10.dat
        49        1.64111        5.36573        206.191        10.7568        34.5517        23.1313        -1595.6     /gpfs/hpu/EHT2/IHARM/MAD/MAD_a-0.94_384x192x192_IHARM/m_1_1_10/image_a-0.94_0049_17_0_230.e9_6.2e9_1.55976e+25_10.dat
        50        1.14395        5.23221        251.905        24.8502        32.3075        27.9425       -1293.08     /gpfs/hpu/EHT2/IHARM/MAD/MAD_a-0.94_384x192x192_IHARM/m_1_1_10/image_a-0.94_0050_17_0_230.e9_6.2e9_1.55976e+25_10.dat
        51       0.827252        3.90617        -351.35         15.959        14.8063        14.7566       -758.391     /gpfs/hpu/EHT2/IHARM/MAD/MAD_a-0.94_384x192x192_IHARM/m_1_1_10/image_a-0.94_0051_17_0_230.e9_6.2e9_1.55976e+25_10.dat
        52       0.710032        3.74082       -345.366        15.8644        41.0448        28.7954       -1396.86     /gpfs/hpu/EHT2/IHARM/MAD/MAD_a-0.94_384x192x192_IHARM/m_1_1_10/image_a-0.94_0052_17_0_230.e9_6.2e9_1.55976e+25_10.dat
        53        0.76443        3.60054       -339.169        17.7286        14.6143        15.4089       -774.551     /gpfs/hpu/EHT2/IHARM/MAD/MAD_a-0.94_384x192x192_IHARM/m_1_1_10/image_a-0.94_0053_17_0_230.e9_6.2e9_1.55976e+25_10.dat
        54       0.808272        3.91013       -359.821        28.9782        28.3944        27.6047       -1554.35     /gpfs/hpu/EHT2/IHARM/MAD/MAD_a-0.94_384x192x192_IHARM/m_1_1_10/image_a-0.94_0054_17_0_230.e9_6.2e9_1.55976e+25_10.dat
        55       0.858056        4.90436       -340.547         12.287        177.874        100.689       -4271.86     /gpfs/hpu/EHT2/IHARM/MAD/MAD_a-0.94_384x192x192_IHARM/m_1_1_10/image_a-0.94_0055_17_0_230.e9_6.2e9_1.55976e+25_10.dat
        56       0.757014        4.00662       -162.894        5.30823        15.5589        10.6144       -578.789     /gpfs/hpu/EHT2/IHARM/MAD/MAD_a-0.94_384x192x192_IHARM/m_1_1_10/image_a-0.94_0056_17_0_230.e9_6.2e9_1.55976e+25_10.dat
        57       0.607874        4.28487       -125.604        3.89726        5.95149        4.85695       -323.675     /gpfs/hpu/EHT2/IHARM/MAD/MAD_a-0.94_384x192x192_IHARM/m_1_1_10/image_a-0.94_0057_17_0_230.e9_6.2e9_1.55976e+25_10.dat
        58       0.666843        3.66334       -81.5661         5.1831        11.3864        8.32205       -486.035     /gpfs/hpu/EHT2/IHARM/MAD/MAD_a-0.94_384x192x192_IHARM/m_1_1_10/image_a-0.94_0058_17_0_230.e9_6.2e9_1.55976e+25_10.dat
        59       0.882195        4.26802       -142.876        16.5314         15.319         15.276       -757.455     /gpfs/hpu/EHT2/IHARM/MAD/MAD_a-0.94_384x192x192_IHARM/m_1_1_10/image_a-0.94_0059_17_0_230.e9_6.2e9_1.55976e+25_10.dat
        60       0.645088        3.89135       -163.786        11.6125        33.8629        23.1269       -1110.75     /gpfs/hpu/EHT2/IHARM/MAD/MAD_a-0.94_384x192x192_IHARM/m_1_1_10/image_a-0.94_0060_17_0_230.e9_6.2e9_1.55976e+25_10.dat
        61       0.642525        3.98966       -134.799        16.2325        17.7566        16.4564       -829.908     /gpfs/hpu/EHT2/IHARM/MAD/MAD_a-0.94_384x192x192_IHARM/m_1_1_10/image_a-0.94_0061_17_0_230.e9_6.2e9_1.55976e+25_10.dat
        62       0.600841        4.37102       -122.394        4.48857        7.19239        5.77518       -368.154     /gpfs/hpu/EHT2/IHARM/MAD/MAD_a-0.94_384x192x192_IHARM/m_1_1_10/image_a-0.94_0062_17_0_230.e9_6.2e9_1.55976e+25_10.dat
        63       0.702527        4.51333       -93.4147        24.4988        21.5542        22.0225       -1047.96     /gpfs/hpu/EHT2/IHARM/MAD/MAD_a-0.94_384x192x192_IHARM/m_1_1_10/image_a-0.94_0063_17_0_230.e9_6.2e9_1.55976e+25_10.dat
        64       0.557455         4.1752       -122.483        7.64593        24.4921        16.4056       -805.936     /gpfs/hpu/EHT2/IHARM/MAD/MAD_a-0.94_384x192x192_IHARM/m_1_1_10/image_a-0.94_0064_17_0_230.e9_6.2e9_1.55976e+25_10.dat
        65       0.645663        3.54408       -20.9573         23.219        15.2643        18.1011       -951.444     /gpfs/hpu/EHT2/IHARM/MAD/MAD_a-0.94_384x192x192_IHARM/m_1_1_10/image_a-0.94_0065_17_0_230.e9_6.2e9_1.55976e+25_10.dat
        66       0.501593        3.12223        9.20201        7.80523        15.9934        11.9133       -791.642     /gpfs/hpu/EHT2/IHARM/MAD/MAD_a-0.94_384x192x192_IHARM/m_1_1_10/image_a-0.94_0066_17_0_230.e9_6.2e9_1.55976e+25_10.dat
        67       0.627102        3.16252        9.82503         13.405        19.0185        15.9267       -1008.37     /gpfs/hpu/EHT2/IHARM/MAD/MAD_a-0.94_384x192x192_IHARM/m_1_1_10/image_a-0.94_0067_17_0_230.e9_6.2e9_1.55976e+25_10.dat
        68       0.670986         3.8732       -61.1281        14.2418        9.48211        11.1668       -603.174     /gpfs/hpu/EHT2/IHARM/MAD/MAD_a-0.94_384x192x192_IHARM/m_1_1_10/image_a-0.94_0068_17_0_230.e9_6.2e9_1.55976e+25_10.dat
        69       0.760326        3.99343       -48.3098         24.511        28.9184        25.9792       -1228.81     /gpfs/hpu/EHT2/IHARM/MAD/MAD_a-0.94_384x192x192_IHARM/m_1_1_10/image_a-0.94_0069_17_0_230.e9_6.2e9_1.55976e+25_10.dat
        70       0.607319        4.66511       -22.6459        23.5518        19.1154        20.3097       -954.253     /gpfs/hpu/EHT2/IHARM/MAD/MAD_a-0.94_384x192x192_IHARM/m_1_1_10/image_a-0.94_0070_17_0_230.e9_6.2e9_1.55976e+25_10.dat
        71        1.56007        4.55672       -318.144        16.2685        16.6173        15.8605       -838.119     /gpfs/hpu/EHT2/IHARM/MAD/MAD_a-0.94_384x192x192_IHARM/m_1_1_10/image_a-0.94_0071_17_0_230.e9_6.2e9_1.55976e+25_10.dat
        72        1.14363        3.83119       -149.135        6.47343         8.6722        7.41643       -499.648     /gpfs/hpu/EHT2/IHARM/MAD/MAD_a-0.94_384x192x192_IHARM/m_1_1_10/image_a-0.94_0072_17_0_230.e9_6.2e9_1.55976e+25_10.dat
        73       0.902337        4.14146       -114.506         8.4613        18.3226        13.4432       -675.114     /gpfs/hpu/EHT2/IHARM/MAD/MAD_a-0.94_384x192x192_IHARM/m_1_1_10/image_a-0.94_0073_17_0_230.e9_6.2e9_1.55976e+25_10.dat
        74        0.56468        3.91308       -176.534        6.65997        8.66075         7.4899       -448.202     /gpfs/hpu/EHT2/IHARM/MAD/MAD_a-0.94_384x192x192_IHARM/m_1_1_10/image_a-0.94_0074_17_0_230.e9_6.2e9_1.55976e+25_10.dat
        75       0.523856        4.25374       -156.596        2.35293        8.68224        5.66306       -365.966     /gpfs/hpu/EHT2/IHARM/MAD/MAD_a-0.94_384x192x192_IHARM/m_1_1_10/image_a-0.94_0075_17_0_230.e9_6.2e9_1.55976e+25_10.dat
        76       0.500302        3.93336       -156.675        4.52857        11.4751        8.09029       -487.372     /gpfs/hpu/EHT2/IHARM/MAD/MAD_a-0.94_384x192x192_IHARM/m_1_1_10/image_a-0.94_0076_17_0_230.e9_6.2e9_1.55976e+25_10.dat
        77       0.679443        4.11134        -87.024        26.1772        16.6329        20.0981       -967.177     /gpfs/hpu/EHT2/IHARM/MAD/MAD_a-0.94_384x192x192_IHARM/m_1_1_10/image_a-0.94_0077_17_0_230.e9_6.2e9_1.55976e+25_10.dat
        78        0.75211        4.49923       -16.8961        43.0194        19.0594        28.5889       -1336.06     /gpfs/hpu/EHT2/IHARM/MAD/MAD_a-0.94_384x192x192_IHARM/m_1_1_10/image_a-0.94_0078_17_0_230.e9_6.2e9_1.55976e+25_10.dat
        79       0.652823         3.7824       -5.21143        14.7363        15.4573         14.584       -793.164     /gpfs/hpu/EHT2/IHARM/MAD/MAD_a-0.94_384x192x192_IHARM/m_1_1_10/image_a-0.94_0079_17_0_230.e9_6.2e9_1.55976e+25_10.dat
        80       0.747557         3.7146       -47.2119        30.1901        24.1462        25.8425       -1279.81     /gpfs/hpu/EHT2/IHARM/MAD/MAD_a-0.94_384x192x192_IHARM/m_1_1_10/image_a-0.94_0080_17_0_230.e9_6.2e9_1.55976e+25_10.dat
        81       0.717524         3.7448       -27.4877        11.9914        28.1064        20.1998       -985.871     /gpfs/hpu/EHT2/IHARM/MAD/MAD_a-0.94_384x192x192_IHARM/m_1_1_10/image_a-0.94_0081_17_0_230.e9_6.2e9_1.55976e+25_10.dat
        82       0.611233        3.23434       -46.7176        17.4539        25.2778        21.0135       -1019.55     /gpfs/hpu/EHT2/IHARM/MAD/MAD_a-0.94_384x192x192_IHARM/m_1_1_10/image_a-0.94_0082_17_0_230.e9_6.2e9_1.55976e+25_10.dat
        83         1.0158        3.45701       -69.0093         11.817        22.5091        17.1219       -1026.39     /gpfs/hpu/EHT2/IHARM/MAD/MAD_a-0.94_384x192x192_IHARM/m_1_1_10/image_a-0.94_0083_17_0_230.e9_6.2e9_1.55976e+25_10.dat
        84       0.623236         2.9821       -50.6663        27.5696        12.9136        18.6968       -944.766     /gpfs/hpu/EHT2/IHARM/MAD/MAD_a-0.94_384x192x192_IHARM/m_1_1_10/image_a-0.94_0084_17_0_230.e9_6.2e9_1.55976e+25_10.dat
        85        0.61514         3.5428       -25.3758        8.54723        18.4177        13.5308       -716.738     /gpfs/hpu/EHT2/IHARM/MAD/MAD_a-0.94_384x192x192_IHARM/m_1_1_10/image_a-0.94_0085_17_0_230.e9_6.2e9_1.55976e+25_10.dat
        86       0.583395        3.55096       -16.8114        7.51591        8.88246        7.97421       -466.073     /gpfs/hpu/EHT2/IHARM/MAD/MAD_a-0.94_384x192x192_IHARM/m_1_1_10/image_a-0.94_0086_17_0_230.e9_6.2e9_1.55976e+25_10.dat
        87       0.562123        3.38435        22.7587        5.74543        11.8432        8.80718       -554.095     /gpfs/hpu/EHT2/IHARM/MAD/MAD_a-0.94_384x192x192_IHARM/m_1_1_10/image_a-0.94_0087_17_0_230.e9_6.2e9_1.55976e+25_10.dat
        88       0.962213        4.03695        17.3502        2.17457        21.7803        12.6151       -748.882     /gpfs/hpu/EHT2/IHARM/MAD/MAD_a-0.94_384x192x192_IHARM/m_1_1_10/image_a-0.94_0088_17_0_230.e9_6.2e9_1.55976e+25_10.dat
        89       0.887998        3.65205       -36.3063        7.93896        15.2708        11.5827       -655.262     /gpfs/hpu/EHT2/IHARM/MAD/MAD_a-0.94_384x192x192_IHARM/m_1_1_10/image_a-0.94_0089_17_0_230.e9_6.2e9_1.55976e+25_10.dat
        90       0.694664        3.67047        24.3612        12.9323        5.76526        8.61345       -517.841     /gpfs/hpu/EHT2/IHARM/MAD/MAD_a-0.94_384x192x192_IHARM/m_1_1_10/image_a-0.94_0090_17_0_230.e9_6.2e9_1.55976e+25_10.dat
        91         1.1701        3.60565        58.0806        20.5393        16.7568        17.7582       -898.363     /gpfs/hpu/EHT2/IHARM/MAD/MAD_a-0.94_384x192x192_IHARM/m_1_1_10/image_a-0.94_0091_17_0_230.e9_6.2e9_1.55976e+25_10.dat
        92       0.945269        4.11538        118.821        15.7103        52.4222        34.8346       -1603.44     /gpfs/hpu/EHT2/IHARM/MAD/MAD_a-0.94_384x192x192_IHARM/m_1_1_10/image_a-0.94_0092_17_0_230.e9_6.2e9_1.55976e+25_10.dat
        93        1.64444        4.42777          206.1        12.6445        60.1901        37.6942       -1729.67     /gpfs/hpu/EHT2/IHARM/MAD/MAD_a-0.94_384x192x192_IHARM/m_1_1_10/image_a-0.94_0093_17_0_230.e9_6.2e9_1.55976e+25_10.dat
        94       0.922986        4.07618        212.765        34.0553        30.2354        30.7597       -1428.37     /gpfs/hpu/EHT2/IHARM/MAD/MAD_a-0.94_384x192x192_IHARM/m_1_1_10/image_a-0.94_0094_17_0_230.e9_6.2e9_1.55976e+25_10.dat
        95        1.09534        4.01412        258.956        8.32487        11.9788        9.98094       -549.196     /gpfs/hpu/EHT2/IHARM/MAD/MAD_a-0.94_384x192x192_IHARM/m_1_1_10/image_a-0.94_0095_17_0_230.e9_6.2e9_1.55976e+25_10.dat
        96        0.80167        3.81252        224.935        5.21089        9.72969        7.44497       -480.734     /gpfs/hpu/EHT2/IHARM/MAD/MAD_a-0.94_384x192x192_IHARM/m_1_1_10/image_a-0.94_0096_17_0_230.e9_6.2e9_1.55976e+25_10.dat
        97        1.23515         4.1891        325.422        8.08041        9.57516        8.58684       -551.202     /gpfs/hpu/EHT2/IHARM/MAD/MAD_a-0.94_384x192x192_IHARM/m_1_1_10/image_a-0.94_0097_17_0_230.e9_6.2e9_1.55976e+25_10.dat
        98       0.795317        4.57956         216.06        18.6683        25.2164        21.4989       -1018.25     /gpfs/hpu/EHT2/IHARM/MAD/MAD_a-0.94_384x192x192_IHARM/m_1_1_10/image_a-0.94_0098_17_0_230.e9_6.2e9_1.55976e+25_10.dat
        99       0.717743        4.08374        211.174        5.06935        15.9088        10.7002       -581.525     /gpfs/hpu/EHT2/IHARM/MAD/MAD_a-0.94_384x192x192_IHARM/m_1_1_10/image_a-0.94_0099_17_0_230.e9_6.2e9_1.55976e+25_10.dat
