   # Index         I (Jy)      M/D (uas)       PA (deg)  VA red. chisq  CP red. chisq     red. chisq     log-liklhd     FileName
         0       0.722434        4.96853       -167.944        28.7047        48.7973        39.5934       -3999.62     /gpfs/hpu/EHT2/KORAL/SANE/SANE_a+0.94_192x192x192_KORAL/m_1_1_80/image_a+0.94_9000_163_0_230.e9_6.2e9_6.03286e+28_80.dat
         1       0.823463        5.30771       -168.982         35.026        48.0989         41.844       -4201.83     /gpfs/hpu/EHT2/KORAL/SANE/SANE_a+0.94_192x192x192_KORAL/m_1_1_80/image_a+0.94_9010_163_0_230.e9_6.2e9_6.03286e+28_80.dat
         2       0.706391        4.60331       -312.749        35.1921        56.0664        46.4168       -4621.01     /gpfs/hpu/EHT2/KORAL/SANE/SANE_a+0.94_192x192x192_KORAL/m_1_1_80/image_a+0.94_9020_163_0_230.e9_6.2e9_6.03286e+28_80.dat
         3       0.679316        4.58095       -315.813        39.0929        50.4644        44.8829       -4492.81     /gpfs/hpu/EHT2/KORAL/SANE/SANE_a+0.94_192x192x192_KORAL/m_1_1_80/image_a+0.94_9030_163_0_230.e9_6.2e9_6.03286e+28_80.dat
         4       0.794602        4.58389       -307.474        40.3989         38.496        38.6647       -3875.59     /gpfs/hpu/EHT2/KORAL/SANE/SANE_a+0.94_192x192x192_KORAL/m_1_1_80/image_a+0.94_9040_163_0_230.e9_6.2e9_6.03286e+28_80.dat
         5       0.624202        4.48863       -301.451        40.5788         36.182         37.432        -3752.5     /gpfs/hpu/EHT2/KORAL/SANE/SANE_a+0.94_192x192x192_KORAL/m_1_1_80/image_a+0.94_9050_163_0_230.e9_6.2e9_6.03286e+28_80.dat
         6       0.714619        4.45263       -295.918        77.9305        24.2842        46.3381       -4586.04     /gpfs/hpu/EHT2/KORAL/SANE/SANE_a+0.94_192x192x192_KORAL/m_1_1_80/image_a+0.94_9060_163_0_230.e9_6.2e9_6.03286e+28_80.dat
         7       0.644622        4.40509        -164.39        22.7438        43.8791         34.319       -3549.89     /gpfs/hpu/EHT2/KORAL/SANE/SANE_a+0.94_192x192x192_KORAL/m_1_1_80/image_a+0.94_9070_163_0_230.e9_6.2e9_6.03286e+28_80.dat
         8       0.732074        4.39146       -164.586        24.0627        53.2039        40.1415       -4115.51     /gpfs/hpu/EHT2/KORAL/SANE/SANE_a+0.94_192x192x192_KORAL/m_1_1_80/image_a+0.94_9080_163_0_230.e9_6.2e9_6.03286e+28_80.dat
         9       0.686427        4.64204       -168.334        20.9776        48.1385        35.9874       -3690.96     /gpfs/hpu/EHT2/KORAL/SANE/SANE_a+0.94_192x192x192_KORAL/m_1_1_80/image_a+0.94_9090_163_0_230.e9_6.2e9_6.03286e+28_80.dat
        10        0.65702        4.75382       -165.617        36.0842         35.471        35.1493       -3595.85     /gpfs/hpu/EHT2/KORAL/SANE/SANE_a+0.94_192x192x192_KORAL/m_1_1_80/image_a+0.94_9100_163_0_230.e9_6.2e9_6.03286e+28_80.dat
        11       0.632384         4.8359       -165.775        36.4254         44.633        40.4706       -4068.66     /gpfs/hpu/EHT2/KORAL/SANE/SANE_a+0.94_192x192x192_KORAL/m_1_1_80/image_a+0.94_9110_163_0_230.e9_6.2e9_6.03286e+28_80.dat
        12       0.677281        4.82087       -314.364        35.5295        51.2901        43.8584       -4349.48     /gpfs/hpu/EHT2/KORAL/SANE/SANE_a+0.94_192x192x192_KORAL/m_1_1_80/image_a+0.94_9120_163_0_230.e9_6.2e9_6.03286e+28_80.dat
        13        1.21194        4.76115       -313.033        90.5985        51.0374        66.7607       -6541.64     /gpfs/hpu/EHT2/KORAL/SANE/SANE_a+0.94_192x192x192_KORAL/m_1_1_80/image_a+0.94_9130_163_0_230.e9_6.2e9_6.03286e+28_80.dat
        14       0.790361        4.90189       -312.171        26.6477        35.6065        31.2769       -3225.87     /gpfs/hpu/EHT2/KORAL/SANE/SANE_a+0.94_192x192x192_KORAL/m_1_1_80/image_a+0.94_9140_163_0_230.e9_6.2e9_6.03286e+28_80.dat
        15       0.590197        4.80556       -303.529         23.461        39.1872        31.9672       -3241.52     /gpfs/hpu/EHT2/KORAL/SANE/SANE_a+0.94_192x192x192_KORAL/m_1_1_80/image_a+0.94_9150_163_0_230.e9_6.2e9_6.03286e+28_80.dat
        16       0.679365        4.73497       -308.472        41.8962        34.2716        36.9035       -3715.77     /gpfs/hpu/EHT2/KORAL/SANE/SANE_a+0.94_192x192x192_KORAL/m_1_1_80/image_a+0.94_9160_163_0_230.e9_6.2e9_6.03286e+28_80.dat
        17       0.776194        4.75313       -315.584        37.5325        40.6777        38.6983       -3903.44     /gpfs/hpu/EHT2/KORAL/SANE/SANE_a+0.94_192x192x192_KORAL/m_1_1_80/image_a+0.94_9170_163_0_230.e9_6.2e9_6.03286e+28_80.dat
        18       0.732078        4.51081       -319.002        31.4365        55.3549         44.443       -4446.84     /gpfs/hpu/EHT2/KORAL/SANE/SANE_a+0.94_192x192x192_KORAL/m_1_1_80/image_a+0.94_9180_163_0_230.e9_6.2e9_6.03286e+28_80.dat
        19       0.556535        4.37372       -306.316        29.0883        43.0777        36.5211       -3667.95     /gpfs/hpu/EHT2/KORAL/SANE/SANE_a+0.94_192x192x192_KORAL/m_1_1_80/image_a+0.94_9190_163_0_230.e9_6.2e9_6.03286e+28_80.dat
        20       0.627693        4.41712       -317.959        29.9929        52.2755        42.0984       -4227.87     /gpfs/hpu/EHT2/KORAL/SANE/SANE_a+0.94_192x192x192_KORAL/m_1_1_80/image_a+0.94_9200_163_0_230.e9_6.2e9_6.03286e+28_80.dat
        21       0.629889        4.51286       -321.515        29.3018        53.5405        42.5242       -4244.12     /gpfs/hpu/EHT2/KORAL/SANE/SANE_a+0.94_192x192x192_KORAL/m_1_1_80/image_a+0.94_9210_163_0_230.e9_6.2e9_6.03286e+28_80.dat
        22       0.657429        4.34805       -316.185        17.1407        59.9939        41.0826        -4122.9     /gpfs/hpu/EHT2/KORAL/SANE/SANE_a+0.94_192x192x192_KORAL/m_1_1_80/image_a+0.94_9220_163_0_230.e9_6.2e9_6.03286e+28_80.dat
        23       0.567118        4.34118        -161.84        23.1646        45.6091         35.473       -3618.75     /gpfs/hpu/EHT2/KORAL/SANE/SANE_a+0.94_192x192x192_KORAL/m_1_1_80/image_a+0.94_9230_163_0_230.e9_6.2e9_6.03286e+28_80.dat
        24       0.778045        4.59461       -160.738        20.9411         42.371        32.7122       -3377.15     /gpfs/hpu/EHT2/KORAL/SANE/SANE_a+0.94_192x192x192_KORAL/m_1_1_80/image_a+0.94_9240_163_0_230.e9_6.2e9_6.03286e+28_80.dat
        25       0.835293        4.52451       -165.492        29.4025        44.4378        37.4213       -3821.65     /gpfs/hpu/EHT2/KORAL/SANE/SANE_a+0.94_192x192x192_KORAL/m_1_1_80/image_a+0.94_9250_163_0_230.e9_6.2e9_6.03286e+28_80.dat
        26        1.12532        4.54581       -162.659        47.7726        57.0397        52.2316       -5207.56     /gpfs/hpu/EHT2/KORAL/SANE/SANE_a+0.94_192x192x192_KORAL/m_1_1_80/image_a+0.94_9260_163_0_230.e9_6.2e9_6.03286e+28_80.dat
        27       0.859611        4.43825       -163.088        25.3165        36.7912        31.3894       -3263.42     /gpfs/hpu/EHT2/KORAL/SANE/SANE_a+0.94_192x192x192_KORAL/m_1_1_80/image_a+0.94_9270_163_0_230.e9_6.2e9_6.03286e+28_80.dat
        28       0.746931        4.43056       -173.499        36.1752        36.8307        35.9558       -3649.39     /gpfs/hpu/EHT2/KORAL/SANE/SANE_a+0.94_192x192x192_KORAL/m_1_1_80/image_a+0.94_9280_163_0_230.e9_6.2e9_6.03286e+28_80.dat
        29       0.675146        4.46989       -155.839        32.2249        41.5636        36.9779       -3755.93     /gpfs/hpu/EHT2/KORAL/SANE/SANE_a+0.94_192x192x192_KORAL/m_1_1_80/image_a+0.94_9290_163_0_230.e9_6.2e9_6.03286e+28_80.dat
        30       0.766753        4.60391       -177.219        45.1767        41.8262        42.5464       -4265.53     /gpfs/hpu/EHT2/KORAL/SANE/SANE_a+0.94_192x192x192_KORAL/m_1_1_80/image_a+0.94_9300_163_0_230.e9_6.2e9_6.03286e+28_80.dat
        31       0.787832        4.70874       -168.787        28.4513        50.8529        40.6492       -4097.61     /gpfs/hpu/EHT2/KORAL/SANE/SANE_a+0.94_192x192x192_KORAL/m_1_1_80/image_a+0.94_9310_163_0_230.e9_6.2e9_6.03286e+28_80.dat
        32       0.842956        4.61575       -166.651        28.8487        43.4486        36.6305       -3749.23     /gpfs/hpu/EHT2/KORAL/SANE/SANE_a+0.94_192x192x192_KORAL/m_1_1_80/image_a+0.94_9320_163_0_230.e9_6.2e9_6.03286e+28_80.dat
        33       0.688144        4.48058       -166.951        20.5998        45.3614        34.2596       -3518.29     /gpfs/hpu/EHT2/KORAL/SANE/SANE_a+0.94_192x192x192_KORAL/m_1_1_80/image_a+0.94_9330_163_0_230.e9_6.2e9_6.03286e+28_80.dat
        34        0.77619        4.64361       -167.808        20.8388        40.4204        31.5669       -3303.45     /gpfs/hpu/EHT2/KORAL/SANE/SANE_a+0.94_192x192x192_KORAL/m_1_1_80/image_a+0.94_9340_163_0_230.e9_6.2e9_6.03286e+28_80.dat
        35        1.16272        4.87293       -313.213        24.9169        68.0337         48.881        -4975.3     /gpfs/hpu/EHT2/KORAL/SANE/SANE_a+0.94_192x192x192_KORAL/m_1_1_80/image_a+0.94_9350_163_0_230.e9_6.2e9_6.03286e+28_80.dat
        36       0.997223        4.88318       -316.028        29.3667        67.5796        50.4865       -5041.93     /gpfs/hpu/EHT2/KORAL/SANE/SANE_a+0.94_192x192x192_KORAL/m_1_1_80/image_a+0.94_9360_163_0_230.e9_6.2e9_6.03286e+28_80.dat
        37       0.985966        4.75648       -322.051        37.0511        55.2836        46.7523       -4775.07     /gpfs/hpu/EHT2/KORAL/SANE/SANE_a+0.94_192x192x192_KORAL/m_1_1_80/image_a+0.94_9370_163_0_230.e9_6.2e9_6.03286e+28_80.dat
        38       0.773492        4.43386       -306.575        44.0787        31.4529        36.2237       -3683.11     /gpfs/hpu/EHT2/KORAL/SANE/SANE_a+0.94_192x192x192_KORAL/m_1_1_80/image_a+0.94_9380_163_0_230.e9_6.2e9_6.03286e+28_80.dat
        39        1.22809        4.66291       -269.874        57.0437        62.8731        59.4085       -5951.39     /gpfs/hpu/EHT2/KORAL/SANE/SANE_a+0.94_192x192x192_KORAL/m_1_1_80/image_a+0.94_9390_163_0_230.e9_6.2e9_6.03286e+28_80.dat
        40        0.97843        4.39111       -262.518        54.7597        67.4077        61.0157       -6058.91     /gpfs/hpu/EHT2/KORAL/SANE/SANE_a+0.94_192x192x192_KORAL/m_1_1_80/image_a+0.94_9400_163_0_230.e9_6.2e9_6.03286e+28_80.dat
        41       0.764154        4.77912       -177.089        26.7811        41.4284        34.6233       -3573.56     /gpfs/hpu/EHT2/KORAL/SANE/SANE_a+0.94_192x192x192_KORAL/m_1_1_80/image_a+0.94_9410_163_0_230.e9_6.2e9_6.03286e+28_80.dat
        42       0.737364         4.7766       -177.614        16.1305        40.5747        29.6838       -3097.13     /gpfs/hpu/EHT2/KORAL/SANE/SANE_a+0.94_192x192x192_KORAL/m_1_1_80/image_a+0.94_9420_163_0_230.e9_6.2e9_6.03286e+28_80.dat
        43       0.892723        5.15078       -167.599        22.0138        38.4244        30.9304       -3227.09     /gpfs/hpu/EHT2/KORAL/SANE/SANE_a+0.94_192x192x192_KORAL/m_1_1_80/image_a+0.94_9430_163_0_230.e9_6.2e9_6.03286e+28_80.dat
        44       0.881861        5.15107       -164.528        35.2477        34.3749        34.1797       -3500.49     /gpfs/hpu/EHT2/KORAL/SANE/SANE_a+0.94_192x192x192_KORAL/m_1_1_80/image_a+0.94_9440_163_0_230.e9_6.2e9_6.03286e+28_80.dat
        45        1.14765        5.08094       -186.059        47.9806        56.7863        52.1754       -5199.02     /gpfs/hpu/EHT2/KORAL/SANE/SANE_a+0.94_192x192x192_KORAL/m_1_1_80/image_a+0.94_9450_163_0_230.e9_6.2e9_6.03286e+28_80.dat
        46       0.823498         4.9297       -184.096        50.7323        48.9359        48.8898       -4834.97     /gpfs/hpu/EHT2/KORAL/SANE/SANE_a+0.94_192x192x192_KORAL/m_1_1_80/image_a+0.94_9460_163_0_230.e9_6.2e9_6.03286e+28_80.dat
        47       0.905039         4.9252       -186.328        45.5753        43.2645        43.5261       -4359.97     /gpfs/hpu/EHT2/KORAL/SANE/SANE_a+0.94_192x192x192_KORAL/m_1_1_80/image_a+0.94_9470_163_0_230.e9_6.2e9_6.03286e+28_80.dat
        48       0.736376        4.61322        -313.11        23.9744        59.3914        43.6018       -4347.41     /gpfs/hpu/EHT2/KORAL/SANE/SANE_a+0.94_192x192x192_KORAL/m_1_1_80/image_a+0.94_9480_163_0_230.e9_6.2e9_6.03286e+28_80.dat
        49       0.841846        4.50837       -308.768        34.6841        43.0055         38.822       -3914.82     /gpfs/hpu/EHT2/KORAL/SANE/SANE_a+0.94_192x192x192_KORAL/m_1_1_80/image_a+0.94_9490_163_0_230.e9_6.2e9_6.03286e+28_80.dat
        50       0.708219         4.5836       -300.719        41.1324        26.8463         32.387       -3284.39     /gpfs/hpu/EHT2/KORAL/SANE/SANE_a+0.94_192x192x192_KORAL/m_1_1_80/image_a+0.94_9500_163_0_230.e9_6.2e9_6.03286e+28_80.dat
        51        1.05549        4.90593        -160.68         37.101        43.6704        40.2092       -4121.93     /gpfs/hpu/EHT2/KORAL/SANE/SANE_a+0.94_192x192x192_KORAL/m_1_1_80/image_a+0.94_9510_163_0_230.e9_6.2e9_6.03286e+28_80.dat
        52       0.876177        5.03914       -165.978        42.7627         50.034        46.1754       -4614.46     /gpfs/hpu/EHT2/KORAL/SANE/SANE_a+0.94_192x192x192_KORAL/m_1_1_80/image_a+0.94_9520_163_0_230.e9_6.2e9_6.03286e+28_80.dat
        53       0.768206        4.81289       -171.412        22.3265        48.6479        36.8398       -3763.37     /gpfs/hpu/EHT2/KORAL/SANE/SANE_a+0.94_192x192x192_KORAL/m_1_1_80/image_a+0.94_9530_163_0_230.e9_6.2e9_6.03286e+28_80.dat
        54       0.819859        4.74561        -309.33        17.8526        40.2507        30.2213        -3107.8     /gpfs/hpu/EHT2/KORAL/SANE/SANE_a+0.94_192x192x192_KORAL/m_1_1_80/image_a+0.94_9540_163_0_230.e9_6.2e9_6.03286e+28_80.dat
        55        0.72236        4.55823       -296.854        30.1539        46.6661        38.9952       -3883.66     /gpfs/hpu/EHT2/KORAL/SANE/SANE_a+0.94_192x192x192_KORAL/m_1_1_80/image_a+0.94_9550_163_0_230.e9_6.2e9_6.03286e+28_80.dat
        56         0.8273         4.4262       -298.646         44.878        30.3526        35.9363       -3621.08     /gpfs/hpu/EHT2/KORAL/SANE/SANE_a+0.94_192x192x192_KORAL/m_1_1_80/image_a+0.94_9560_163_0_230.e9_6.2e9_6.03286e+28_80.dat
        57        1.09007        4.57205       -314.742        37.8578        40.0093        38.4566       -3934.51     /gpfs/hpu/EHT2/KORAL/SANE/SANE_a+0.94_192x192x192_KORAL/m_1_1_80/image_a+0.94_9570_163_0_230.e9_6.2e9_6.03286e+28_80.dat
        58       0.964307        4.53161       -310.317        26.4804         37.471        32.2608       -3325.39     /gpfs/hpu/EHT2/KORAL/SANE/SANE_a+0.94_192x192x192_KORAL/m_1_1_80/image_a+0.94_9580_163_0_230.e9_6.2e9_6.03286e+28_80.dat
        59        1.17903        4.60539       -318.864        31.0672        43.1655        37.3989       -3879.37     /gpfs/hpu/EHT2/KORAL/SANE/SANE_a+0.94_192x192x192_KORAL/m_1_1_80/image_a+0.94_9590_163_0_230.e9_6.2e9_6.03286e+28_80.dat
        60       0.992067        4.65563       -175.816        27.7606         36.728        32.3765       -3429.81     /gpfs/hpu/EHT2/KORAL/SANE/SANE_a+0.94_192x192x192_KORAL/m_1_1_80/image_a+0.94_9600_163_0_230.e9_6.2e9_6.03286e+28_80.dat
        61       0.807006        4.47579       -173.788        39.8792        44.7541        41.9843       -4229.36     /gpfs/hpu/EHT2/KORAL/SANE/SANE_a+0.94_192x192x192_KORAL/m_1_1_80/image_a+0.94_9610_163_0_230.e9_6.2e9_6.03286e+28_80.dat
        62       0.672724        4.51253       -300.622        39.4173        32.2587        34.7285       -3500.99     /gpfs/hpu/EHT2/KORAL/SANE/SANE_a+0.94_192x192x192_KORAL/m_1_1_80/image_a+0.94_9620_163_0_230.e9_6.2e9_6.03286e+28_80.dat
        63        1.22361        5.04822       -309.612        73.7978        24.5474        44.7574       -4595.18     /gpfs/hpu/EHT2/KORAL/SANE/SANE_a+0.94_192x192x192_KORAL/m_1_1_80/image_a+0.94_9630_163_0_230.e9_6.2e9_6.03286e+28_80.dat
        64       0.865262        4.77209       -312.739        33.4197        32.8196        32.5356       -3351.12     /gpfs/hpu/EHT2/KORAL/SANE/SANE_a+0.94_192x192x192_KORAL/m_1_1_80/image_a+0.94_9640_163_0_230.e9_6.2e9_6.03286e+28_80.dat
        65       0.927026        4.43592       -175.257        21.5603        35.2009        28.9187       -3149.51     /gpfs/hpu/EHT2/KORAL/SANE/SANE_a+0.94_192x192x192_KORAL/m_1_1_80/image_a+0.94_9650_163_0_230.e9_6.2e9_6.03286e+28_80.dat
        66       0.781552        4.47271        -309.37        23.9745        29.9346        26.9524       -2832.44     /gpfs/hpu/EHT2/KORAL/SANE/SANE_a+0.94_192x192x192_KORAL/m_1_1_80/image_a+0.94_9660_163_0_230.e9_6.2e9_6.03286e+28_80.dat
        67         1.0429        4.87041       -318.906        34.2247        42.8792        38.5584       -3937.24     /gpfs/hpu/EHT2/KORAL/SANE/SANE_a+0.94_192x192x192_KORAL/m_1_1_80/image_a+0.94_9670_163_0_230.e9_6.2e9_6.03286e+28_80.dat
        68        1.02128        4.95201        -313.55         56.138        41.9972          47.23       -4749.56     /gpfs/hpu/EHT2/KORAL/SANE/SANE_a+0.94_192x192x192_KORAL/m_1_1_80/image_a+0.94_9680_163_0_230.e9_6.2e9_6.03286e+28_80.dat
        69       0.767712        4.84784       -310.272        28.1656        38.6208        33.6159       -3451.15     /gpfs/hpu/EHT2/KORAL/SANE/SANE_a+0.94_192x192x192_KORAL/m_1_1_80/image_a+0.94_9690_163_0_230.e9_6.2e9_6.03286e+28_80.dat
        70        1.10316          5.001       -310.063        58.5993        40.0534        47.1614       -4771.33     /gpfs/hpu/EHT2/KORAL/SANE/SANE_a+0.94_192x192x192_KORAL/m_1_1_80/image_a+0.94_9700_163_0_230.e9_6.2e9_6.03286e+28_80.dat
        71       0.746283        4.77411       -315.077        36.4144        43.4275        39.7846       -4023.41     /gpfs/hpu/EHT2/KORAL/SANE/SANE_a+0.94_192x192x192_KORAL/m_1_1_80/image_a+0.94_9710_163_0_230.e9_6.2e9_6.03286e+28_80.dat
        72       0.585088        4.96488       -311.802        30.9414        28.2519        28.9167       -2972.31     /gpfs/hpu/EHT2/KORAL/SANE/SANE_a+0.94_192x192x192_KORAL/m_1_1_80/image_a+0.94_9720_163_0_230.e9_6.2e9_6.03286e+28_80.dat
        73       0.551538        4.77112       -310.154        17.7792        26.6846        22.5228       -2377.35     /gpfs/hpu/EHT2/KORAL/SANE/SANE_a+0.94_192x192x192_KORAL/m_1_1_80/image_a+0.94_9730_163_0_230.e9_6.2e9_6.03286e+28_80.dat
        74       0.931818        5.03537       -317.948        37.7254        25.7567        30.3454       -3207.49     /gpfs/hpu/EHT2/KORAL/SANE/SANE_a+0.94_192x192x192_KORAL/m_1_1_80/image_a+0.94_9740_163_0_230.e9_6.2e9_6.03286e+28_80.dat
        75       0.756649        5.14384       -166.465         15.459        36.6397        27.1787       -2883.87     /gpfs/hpu/EHT2/KORAL/SANE/SANE_a+0.94_192x192x192_KORAL/m_1_1_80/image_a+0.94_9750_163_0_230.e9_6.2e9_6.03286e+28_80.dat
        76       0.710843        4.87445       -168.752        17.1111        33.7216        26.2207       -2781.68     /gpfs/hpu/EHT2/KORAL/SANE/SANE_a+0.94_192x192x192_KORAL/m_1_1_80/image_a+0.94_9760_163_0_230.e9_6.2e9_6.03286e+28_80.dat
        77       0.661428        4.45252       -164.008        16.1189        37.5139        27.9489        -2925.8     /gpfs/hpu/EHT2/KORAL/SANE/SANE_a+0.94_192x192x192_KORAL/m_1_1_80/image_a+0.94_9770_163_0_230.e9_6.2e9_6.03286e+28_80.dat
        78       0.673517        4.67907        -168.31        23.3829         47.272        36.5042       -3725.91     /gpfs/hpu/EHT2/KORAL/SANE/SANE_a+0.94_192x192x192_KORAL/m_1_1_80/image_a+0.94_9780_163_0_230.e9_6.2e9_6.03286e+28_80.dat
        79        1.09767        5.00955       -161.281        38.0194         44.215        40.9014       -4188.75     /gpfs/hpu/EHT2/KORAL/SANE/SANE_a+0.94_192x192x192_KORAL/m_1_1_80/image_a+0.94_9790_163_0_230.e9_6.2e9_6.03286e+28_80.dat
        80        0.77627         4.7901        -163.49        26.9715        42.9257        35.5493       -3649.57     /gpfs/hpu/EHT2/KORAL/SANE/SANE_a+0.94_192x192x192_KORAL/m_1_1_80/image_a+0.94_9800_163_0_230.e9_6.2e9_6.03286e+28_80.dat
        81       0.653018        4.42864       -167.725        31.1984         42.256        36.9397       -3766.28     /gpfs/hpu/EHT2/KORAL/SANE/SANE_a+0.94_192x192x192_KORAL/m_1_1_80/image_a+0.94_9810_163_0_230.e9_6.2e9_6.03286e+28_80.dat
        82       0.766155        4.28624       -167.085        28.1752        40.0054        34.4024       -3554.44     /gpfs/hpu/EHT2/KORAL/SANE/SANE_a+0.94_192x192x192_KORAL/m_1_1_80/image_a+0.94_9820_163_0_230.e9_6.2e9_6.03286e+28_80.dat
        83       0.642171        4.47167       -300.103         30.286        36.6725         33.402       -3366.86     /gpfs/hpu/EHT2/KORAL/SANE/SANE_a+0.94_192x192x192_KORAL/m_1_1_80/image_a+0.94_9830_163_0_230.e9_6.2e9_6.03286e+28_80.dat
        84        1.16345        4.73749       -314.422        39.5424        34.9039        36.2759       -3742.41     /gpfs/hpu/EHT2/KORAL/SANE/SANE_a+0.94_192x192x192_KORAL/m_1_1_80/image_a+0.94_9840_163_0_230.e9_6.2e9_6.03286e+28_80.dat
        85        1.04636        4.58352       -314.655        27.6912        53.0794        41.5896       -4238.12     /gpfs/hpu/EHT2/KORAL/SANE/SANE_a+0.94_192x192x192_KORAL/m_1_1_80/image_a+0.94_9850_163_0_230.e9_6.2e9_6.03286e+28_80.dat
        86       0.801374        4.41844       -308.196        31.3652        39.4567        35.4273       -3615.33     /gpfs/hpu/EHT2/KORAL/SANE/SANE_a+0.94_192x192x192_KORAL/m_1_1_80/image_a+0.94_9860_163_0_230.e9_6.2e9_6.03286e+28_80.dat
        87       0.640351        4.66278       -294.695        36.6891        36.8061         36.157       -3638.39     /gpfs/hpu/EHT2/KORAL/SANE/SANE_a+0.94_192x192x192_KORAL/m_1_1_80/image_a+0.94_9870_163_0_230.e9_6.2e9_6.03286e+28_80.dat
        88       0.900421        4.64437       -313.981        43.4596        58.0778        51.0135       -5174.67     /gpfs/hpu/EHT2/KORAL/SANE/SANE_a+0.94_192x192x192_KORAL/m_1_1_80/image_a+0.94_9880_163_0_230.e9_6.2e9_6.03286e+28_80.dat
        89       0.784742        4.55904       -308.693        30.5667        39.5212        35.1296       -3602.65     /gpfs/hpu/EHT2/KORAL/SANE/SANE_a+0.94_192x192x192_KORAL/m_1_1_80/image_a+0.94_9890_163_0_230.e9_6.2e9_6.03286e+28_80.dat
        90        1.00928         4.8764       -324.531        34.7285        43.8025         39.291       -4041.22     /gpfs/hpu/EHT2/KORAL/SANE/SANE_a+0.94_192x192x192_KORAL/m_1_1_80/image_a+0.94_9900_163_0_230.e9_6.2e9_6.03286e+28_80.dat
        91       0.758711        4.84673       -171.947        23.3413        40.8344        32.8482       -3396.68     /gpfs/hpu/EHT2/KORAL/SANE/SANE_a+0.94_192x192x192_KORAL/m_1_1_80/image_a+0.94_9910_163_0_230.e9_6.2e9_6.03286e+28_80.dat
        92       0.862258         4.7892       -166.098        18.5191        38.5713         29.551       -3121.38     /gpfs/hpu/EHT2/KORAL/SANE/SANE_a+0.94_192x192x192_KORAL/m_1_1_80/image_a+0.94_9920_163_0_230.e9_6.2e9_6.03286e+28_80.dat
        93       0.763822        4.69398       -164.849        14.6157        32.8621        24.6906       -2658.13     /gpfs/hpu/EHT2/KORAL/SANE/SANE_a+0.94_192x192x192_KORAL/m_1_1_80/image_a+0.94_9930_163_0_230.e9_6.2e9_6.03286e+28_80.dat
        94       0.880416        4.60761       -163.531        22.0262        33.4689        28.1347       -2984.89     /gpfs/hpu/EHT2/KORAL/SANE/SANE_a+0.94_192x192x192_KORAL/m_1_1_80/image_a+0.94_9940_163_0_230.e9_6.2e9_6.03286e+28_80.dat
        95       0.761065        4.38007       -161.595        22.6227        37.4652        30.6431       -3212.27     /gpfs/hpu/EHT2/KORAL/SANE/SANE_a+0.94_192x192x192_KORAL/m_1_1_80/image_a+0.94_9950_163_0_230.e9_6.2e9_6.03286e+28_80.dat
        96        0.71804        4.73079       -168.236        29.4879        42.2188        36.2029       -3710.43     /gpfs/hpu/EHT2/KORAL/SANE/SANE_a+0.94_192x192x192_KORAL/m_1_1_80/image_a+0.94_9960_163_0_230.e9_6.2e9_6.03286e+28_80.dat
        97       0.640542        4.65098       -166.058        16.5818        51.9853        36.3221       -3714.59     /gpfs/hpu/EHT2/KORAL/SANE/SANE_a+0.94_192x192x192_KORAL/m_1_1_80/image_a+0.94_9970_163_0_230.e9_6.2e9_6.03286e+28_80.dat
        98       0.851921        5.23694       -169.674        41.5612        38.6389        39.2318        -3982.9     /gpfs/hpu/EHT2/KORAL/SANE/SANE_a+0.94_192x192x192_KORAL/m_1_1_80/image_a+0.94_9980_163_0_230.e9_6.2e9_6.03286e+28_80.dat
        99       0.611359        4.54037       -165.085        33.0488         45.537        39.5685       -3982.61     /gpfs/hpu/EHT2/KORAL/SANE/SANE_a+0.94_192x192x192_KORAL/m_1_1_80/image_a+0.94_9990_163_0_230.e9_6.2e9_6.03286e+28_80.dat
