   # Index         I (Jy)      M/D (uas)       PA (deg)  VA red. chisq  CP red. chisq     red. chisq     log-liklhd     FileName
         0       0.624346        2.81232        81.8328        13.4775        25.1449         20.016       -1611.94     /gpfs/hpu/EHT2/IHARM_inc+5/SANE_a-0.5_288x128x128_IHARM/m_1_1_10/image_a-0.5_1000_22_0_230.e9_6.2e9_8.80494e+28_10.dat
         1       0.552087        2.75255        103.865        12.9181        17.1213        15.0918       -1288.45     /gpfs/hpu/EHT2/IHARM_inc+5/SANE_a-0.5_288x128x128_IHARM/m_1_1_10/image_a-0.5_1006_22_0_230.e9_6.2e9_8.80494e+28_10.dat
         2       0.661015        2.86328        68.6531        19.7283         50.845        37.5322       -2853.77     /gpfs/hpu/EHT2/IHARM_inc+5/SANE_a-0.5_288x128x128_IHARM/m_1_1_10/image_a-0.5_1012_22_0_230.e9_6.2e9_8.80494e+28_10.dat
         3        0.64023        3.20331        57.7763        10.3688        29.9715        21.6312       -1798.77     /gpfs/hpu/EHT2/IHARM_inc+5/SANE_a-0.5_288x128x128_IHARM/m_1_1_10/image_a-0.5_1018_22_0_230.e9_6.2e9_8.80494e+28_10.dat
         4       0.495389         2.9124        101.659        8.04125        20.5759         15.211       -1343.69     /gpfs/hpu/EHT2/IHARM_inc+5/SANE_a-0.5_288x128x128_IHARM/m_1_1_10/image_a-0.5_1024_22_0_230.e9_6.2e9_8.80494e+28_10.dat
         5       0.588729        3.05918        54.3458        13.6026        39.9589        28.7529        -2232.3     /gpfs/hpu/EHT2/IHARM_inc+5/SANE_a-0.5_288x128x128_IHARM/m_1_1_10/image_a-0.5_1030_22_0_230.e9_6.2e9_8.80494e+28_10.dat
         6       0.787378        2.79545       -217.995        9.94591        90.4758        56.9496       -4457.96     /gpfs/hpu/EHT2/IHARM_inc+5/SANE_a-0.5_288x128x128_IHARM/m_1_1_10/image_a-0.5_1036_22_0_230.e9_6.2e9_8.80494e+28_10.dat
         7       0.604671        2.80616       -203.988        11.8402        23.9194        18.6572       -1552.74     /gpfs/hpu/EHT2/IHARM_inc+5/SANE_a-0.5_288x128x128_IHARM/m_1_1_10/image_a-0.5_1042_22_0_230.e9_6.2e9_8.80494e+28_10.dat
         8       0.438721        2.87144       -268.702        15.5415        19.7847        17.6794       -1495.56     /gpfs/hpu/EHT2/IHARM_inc+5/SANE_a-0.5_288x128x128_IHARM/m_1_1_10/image_a-0.5_1048_22_0_230.e9_6.2e9_8.80494e+28_10.dat
         9       0.605253        2.85581       -179.342        20.2194        27.7865        24.2012       -1959.26     /gpfs/hpu/EHT2/IHARM_inc+5/SANE_a-0.5_288x128x128_IHARM/m_1_1_10/image_a-0.5_1054_22_0_230.e9_6.2e9_8.80494e+28_10.dat
        10       0.470642        2.73221       -227.224        7.31506        17.0555        12.8625       -1174.23     /gpfs/hpu/EHT2/IHARM_inc+5/SANE_a-0.5_288x128x128_IHARM/m_1_1_10/image_a-0.5_1060_22_0_230.e9_6.2e9_8.80494e+28_10.dat
        11       0.572311        2.72922       -230.903        17.5218        37.7151        28.9692       -2275.81     /gpfs/hpu/EHT2/IHARM_inc+5/SANE_a-0.5_288x128x128_IHARM/m_1_1_10/image_a-0.5_1066_22_0_230.e9_6.2e9_8.80494e+28_10.dat
        12       0.886997        3.12433       -318.001        8.71438        68.5076        43.5845        -3403.2     /gpfs/hpu/EHT2/IHARM_inc+5/SANE_a-0.5_288x128x128_IHARM/m_1_1_10/image_a-0.5_1072_22_0_230.e9_6.2e9_8.80494e+28_10.dat
        13       0.712541        3.15055       -321.595        8.26262        49.0184        31.9781       -2497.33     /gpfs/hpu/EHT2/IHARM_inc+5/SANE_a-0.5_288x128x128_IHARM/m_1_1_10/image_a-0.5_1078_22_0_230.e9_6.2e9_8.80494e+28_10.dat
        14        0.81752        2.99333       -313.912        22.1981        56.1497        41.6089       -3181.25     /gpfs/hpu/EHT2/IHARM_inc+5/SANE_a-0.5_288x128x128_IHARM/m_1_1_10/image_a-0.5_1084_22_0_230.e9_6.2e9_8.80494e+28_10.dat
        15       0.834339         3.1147       -302.118        17.6118        58.2654        41.0565       -3118.81     /gpfs/hpu/EHT2/IHARM_inc+5/SANE_a-0.5_288x128x128_IHARM/m_1_1_10/image_a-0.5_1090_22_0_230.e9_6.2e9_8.80494e+28_10.dat
        16       0.513156        2.78244       -249.439        12.5208        53.4484         36.241       -2774.47     /gpfs/hpu/EHT2/IHARM_inc+5/SANE_a-0.5_288x128x128_IHARM/m_1_1_10/image_a-0.5_1096_22_0_230.e9_6.2e9_8.80494e+28_10.dat
        17       0.653553        3.23319       -302.442        12.3684        41.2438        29.0239       -2262.06     /gpfs/hpu/EHT2/IHARM_inc+5/SANE_a-0.5_288x128x128_IHARM/m_1_1_10/image_a-0.5_1102_22_0_230.e9_6.2e9_8.80494e+28_10.dat
        18       0.426217        2.80204       -253.246         19.069        24.7573        21.9749       -1744.27     /gpfs/hpu/EHT2/IHARM_inc+5/SANE_a-0.5_288x128x128_IHARM/m_1_1_10/image_a-0.5_1108_22_0_230.e9_6.2e9_8.80494e+28_10.dat
        19       0.452661         2.9555       -261.102         9.7433         24.416        18.1286       -1505.87     /gpfs/hpu/EHT2/IHARM_inc+5/SANE_a-0.5_288x128x128_IHARM/m_1_1_10/image_a-0.5_1114_22_0_230.e9_6.2e9_8.80494e+28_10.dat
        20       0.448039        2.92044       -250.917        16.1055        48.2336        34.5843       -2608.29     /gpfs/hpu/EHT2/IHARM_inc+5/SANE_a-0.5_288x128x128_IHARM/m_1_1_10/image_a-0.5_1120_22_0_230.e9_6.2e9_8.80494e+28_10.dat
        21       0.482847         3.1154       -298.051        5.10278        14.1856        10.3144       -990.707     /gpfs/hpu/EHT2/IHARM_inc+5/SANE_a-0.5_288x128x128_IHARM/m_1_1_10/image_a-0.5_1126_22_0_230.e9_6.2e9_8.80494e+28_10.dat
        22       0.458948        2.95063       -289.866         16.308        15.9052        15.7039       -1325.97     /gpfs/hpu/EHT2/IHARM_inc+5/SANE_a-0.5_288x128x128_IHARM/m_1_1_10/image_a-0.5_1132_22_0_230.e9_6.2e9_8.80494e+28_10.dat
        23       0.480017        3.09272       -283.387        18.9277         11.749        14.2907       -1231.72     /gpfs/hpu/EHT2/IHARM_inc+5/SANE_a-0.5_288x128x128_IHARM/m_1_1_10/image_a-0.5_1138_22_0_230.e9_6.2e9_8.80494e+28_10.dat
        24       0.756535        2.86909       -183.853        32.5502        26.5785        28.3138       -2257.72     /gpfs/hpu/EHT2/IHARM_inc+5/SANE_a-0.5_288x128x128_IHARM/m_1_1_10/image_a-0.5_1144_22_0_230.e9_6.2e9_8.80494e+28_10.dat
        25       0.464504        3.11968       -275.611        8.97542         27.902        19.8728        -1615.6     /gpfs/hpu/EHT2/IHARM_inc+5/SANE_a-0.5_288x128x128_IHARM/m_1_1_10/image_a-0.5_1150_22_0_230.e9_6.2e9_8.80494e+28_10.dat
        26       0.439683        2.75564       -213.601        14.4914        16.9305         15.595       -1320.33     /gpfs/hpu/EHT2/IHARM_inc+5/SANE_a-0.5_288x128x128_IHARM/m_1_1_10/image_a-0.5_1156_22_0_230.e9_6.2e9_8.80494e+28_10.dat
        27       0.666746        3.34252        -235.24        5.71903        12.8126         9.7502       -1004.65     /gpfs/hpu/EHT2/IHARM_inc+5/SANE_a-0.5_288x128x128_IHARM/m_1_1_10/image_a-0.5_1162_22_0_230.e9_6.2e9_8.80494e+28_10.dat
        28        0.81783        3.12878       -219.853        10.8373        30.4187        22.0767       -1904.86     /gpfs/hpu/EHT2/IHARM_inc+5/SANE_a-0.5_288x128x128_IHARM/m_1_1_10/image_a-0.5_1168_22_0_230.e9_6.2e9_8.80494e+28_10.dat
        29       0.899789        2.96672       -236.577        20.0491        15.3741        16.8551       -1538.24     /gpfs/hpu/EHT2/IHARM_inc+5/SANE_a-0.5_288x128x128_IHARM/m_1_1_10/image_a-0.5_1174_22_0_230.e9_6.2e9_8.80494e+28_10.dat
        30       0.603539        2.84361       -266.508        22.0635         87.385        59.8747       -4415.19     /gpfs/hpu/EHT2/IHARM_inc+5/SANE_a-0.5_288x128x128_IHARM/m_1_1_10/image_a-0.5_1180_22_0_230.e9_6.2e9_8.80494e+28_10.dat
        31        1.20254         3.3492       -307.875        11.3713        80.8569        51.8658       -4526.99     /gpfs/hpu/EHT2/IHARM_inc+5/SANE_a-0.5_288x128x128_IHARM/m_1_1_10/image_a-0.5_1186_22_0_230.e9_6.2e9_8.80494e+28_10.dat
        32       0.606716        3.22085       -305.248        17.9578        43.9336        32.7867       -2503.43     /gpfs/hpu/EHT2/IHARM_inc+5/SANE_a-0.5_288x128x128_IHARM/m_1_1_10/image_a-0.5_1192_22_0_230.e9_6.2e9_8.80494e+28_10.dat
        33       0.656711        3.25152       -292.522        19.3612        49.4059        36.5447       -2775.22     /gpfs/hpu/EHT2/IHARM_inc+5/SANE_a-0.5_288x128x128_IHARM/m_1_1_10/image_a-0.5_1198_22_0_230.e9_6.2e9_8.80494e+28_10.dat
        34        0.40027        3.16722       -284.061        12.7402        15.1125        13.8441       -1199.83     /gpfs/hpu/EHT2/IHARM_inc+5/SANE_a-0.5_288x128x128_IHARM/m_1_1_10/image_a-0.5_1204_22_0_230.e9_6.2e9_8.80494e+28_10.dat
        35       0.506186        3.05336       -247.644        8.57729        18.5807        14.2505       -1279.22     /gpfs/hpu/EHT2/IHARM_inc+5/SANE_a-0.5_288x128x128_IHARM/m_1_1_10/image_a-0.5_1210_22_0_230.e9_6.2e9_8.80494e+28_10.dat
        36        1.15993        2.86505       -227.608        13.9531        27.8818        21.8071        -1897.8     /gpfs/hpu/EHT2/IHARM_inc+5/SANE_a-0.5_288x128x128_IHARM/m_1_1_10/image_a-0.5_1216_22_0_230.e9_6.2e9_8.80494e+28_10.dat
        37       0.824131         3.2946       -323.655        13.7873        51.4939          35.59       -2731.15     /gpfs/hpu/EHT2/IHARM_inc+5/SANE_a-0.5_288x128x128_IHARM/m_1_1_10/image_a-0.5_1222_22_0_230.e9_6.2e9_8.80494e+28_10.dat
        38       0.888809        3.14705        -289.85        8.38445        114.089        70.1877       -5559.72     /gpfs/hpu/EHT2/IHARM_inc+5/SANE_a-0.5_288x128x128_IHARM/m_1_1_10/image_a-0.5_1228_22_0_230.e9_6.2e9_8.80494e+28_10.dat
        39       0.884009        3.45135       -327.977        8.45222        20.0368        15.0555       -1402.38     /gpfs/hpu/EHT2/IHARM_inc+5/SANE_a-0.5_288x128x128_IHARM/m_1_1_10/image_a-0.5_1234_22_0_230.e9_6.2e9_8.80494e+28_10.dat
        40       0.588792        2.87812       -262.978        20.4477        30.6708         25.982       -2047.86     /gpfs/hpu/EHT2/IHARM_inc+5/SANE_a-0.5_288x128x128_IHARM/m_1_1_10/image_a-0.5_1240_22_0_230.e9_6.2e9_8.80494e+28_10.dat
        41       0.853595        3.36415       -282.042         22.676        75.9179        53.3891       -3960.05     /gpfs/hpu/EHT2/IHARM_inc+5/SANE_a-0.5_288x128x128_IHARM/m_1_1_10/image_a-0.5_1246_22_0_230.e9_6.2e9_8.80494e+28_10.dat
        42       0.452694        3.02366       -271.641        8.65684        32.4352        22.4068       -1797.16     /gpfs/hpu/EHT2/IHARM_inc+5/SANE_a-0.5_288x128x128_IHARM/m_1_1_10/image_a-0.5_1252_22_0_230.e9_6.2e9_8.80494e+28_10.dat
        43        0.48847        3.11858       -274.243        6.16594        21.6717        15.1205       -1304.55     /gpfs/hpu/EHT2/IHARM_inc+5/SANE_a-0.5_288x128x128_IHARM/m_1_1_10/image_a-0.5_1258_22_0_230.e9_6.2e9_8.80494e+28_10.dat
        44       0.801183        3.09985       -254.119        7.06045        45.6088        29.5085       -2379.66     /gpfs/hpu/EHT2/IHARM_inc+5/SANE_a-0.5_288x128x128_IHARM/m_1_1_10/image_a-0.5_1264_22_0_230.e9_6.2e9_8.80494e+28_10.dat
        45       0.611402        2.88539       -270.253        10.2854        14.8317        12.7196        -1178.9     /gpfs/hpu/EHT2/IHARM_inc+5/SANE_a-0.5_288x128x128_IHARM/m_1_1_10/image_a-0.5_1270_22_0_230.e9_6.2e9_8.80494e+28_10.dat
        46       0.551558        2.75974       -252.487        9.20519        16.4526        13.2479       -1201.26     /gpfs/hpu/EHT2/IHARM_inc+5/SANE_a-0.5_288x128x128_IHARM/m_1_1_10/image_a-0.5_1276_22_0_230.e9_6.2e9_8.80494e+28_10.dat
        47        0.99567        2.66938       -243.171        15.0388        22.4407        19.0405       -1756.12     /gpfs/hpu/EHT2/IHARM_inc+5/SANE_a-0.5_288x128x128_IHARM/m_1_1_10/image_a-0.5_1282_22_0_230.e9_6.2e9_8.80494e+28_10.dat
        48       0.607823        3.00923       -203.155        27.6872        29.4016        28.0681       -2229.33     /gpfs/hpu/EHT2/IHARM_inc+5/SANE_a-0.5_288x128x128_IHARM/m_1_1_10/image_a-0.5_1288_22_0_230.e9_6.2e9_8.80494e+28_10.dat
        49       0.544985         2.8766        -203.69        13.9478        43.4111        30.9124       -2385.46     /gpfs/hpu/EHT2/IHARM_inc+5/SANE_a-0.5_288x128x128_IHARM/m_1_1_10/image_a-0.5_1294_22_0_230.e9_6.2e9_8.80494e+28_10.dat
        50        1.00928           3.56        9.83816        9.48362        37.7631        25.8546       -2117.42     /gpfs/hpu/EHT2/IHARM_inc+5/SANE_a-0.5_288x128x128_IHARM/m_1_1_10/image_a-0.5_1300_22_0_230.e9_6.2e9_8.80494e+28_10.dat
        51        0.74238        3.49134        33.8484        11.7117        31.8357        23.2496       -1914.94     /gpfs/hpu/EHT2/IHARM_inc+5/SANE_a-0.5_288x128x128_IHARM/m_1_1_10/image_a-0.5_1306_22_0_230.e9_6.2e9_8.80494e+28_10.dat
        52       0.452442        3.28693        54.2702         11.973        21.9314        17.5432       -1448.52     /gpfs/hpu/EHT2/IHARM_inc+5/SANE_a-0.5_288x128x128_IHARM/m_1_1_10/image_a-0.5_1312_22_0_230.e9_6.2e9_8.80494e+28_10.dat
        53       0.510248        3.06681        58.8448        22.0652        16.3527        18.2173        -1499.8     /gpfs/hpu/EHT2/IHARM_inc+5/SANE_a-0.5_288x128x128_IHARM/m_1_1_10/image_a-0.5_1318_22_0_230.e9_6.2e9_8.80494e+28_10.dat
        54       0.444637        2.78544        126.246        8.81472        22.8394        16.8409       -1422.24     /gpfs/hpu/EHT2/IHARM_inc+5/SANE_a-0.5_288x128x128_IHARM/m_1_1_10/image_a-0.5_1324_22_0_230.e9_6.2e9_8.80494e+28_10.dat
        55       0.494704         2.8761        126.311        3.54964        9.29935        6.84159       -788.965     /gpfs/hpu/EHT2/IHARM_inc+5/SANE_a-0.5_288x128x128_IHARM/m_1_1_10/image_a-0.5_1330_22_0_230.e9_6.2e9_8.80494e+28_10.dat
        56       0.887708         2.9693         141.94        7.03699        42.8412        27.8762       -2308.12     /gpfs/hpu/EHT2/IHARM_inc+5/SANE_a-0.5_288x128x128_IHARM/m_1_1_10/image_a-0.5_1336_22_0_230.e9_6.2e9_8.80494e+28_10.dat
        57       0.894146        3.10674        157.089        11.7799        162.165        99.7097       -8538.45     /gpfs/hpu/EHT2/IHARM_inc+5/SANE_a-0.5_288x128x128_IHARM/m_1_1_10/image_a-0.5_1342_22_0_230.e9_6.2e9_8.80494e+28_10.dat
        58        1.01681        3.36261         7.3472        7.50629        45.8269        29.8107       -2382.68     /gpfs/hpu/EHT2/IHARM_inc+5/SANE_a-0.5_288x128x128_IHARM/m_1_1_10/image_a-0.5_1348_22_0_230.e9_6.2e9_8.80494e+28_10.dat
        59       0.686631        3.17834        41.9543        12.6649        33.4799        24.5865       -1966.74     /gpfs/hpu/EHT2/IHARM_inc+5/SANE_a-0.5_288x128x128_IHARM/m_1_1_10/image_a-0.5_1354_22_0_230.e9_6.2e9_8.80494e+28_10.dat
        60       0.441082         2.9031        68.4167        17.5469        27.4634        22.9668       -1828.92     /gpfs/hpu/EHT2/IHARM_inc+5/SANE_a-0.5_288x128x128_IHARM/m_1_1_10/image_a-0.5_1360_22_0_230.e9_6.2e9_8.80494e+28_10.dat
        61       0.593473        3.18757        52.3605        19.1787        39.4131        30.6129       -2358.09     /gpfs/hpu/EHT2/IHARM_inc+5/SANE_a-0.5_288x128x128_IHARM/m_1_1_10/image_a-0.5_1366_22_0_230.e9_6.2e9_8.80494e+28_10.dat
        62       0.904555        3.23148        35.5271        13.6689         62.811        42.1807       -3303.61     /gpfs/hpu/EHT2/IHARM_inc+5/SANE_a-0.5_288x128x128_IHARM/m_1_1_10/image_a-0.5_1372_22_0_230.e9_6.2e9_8.80494e+28_10.dat
        63       0.867646        3.39477        39.9867        9.63626        37.2737        25.6273       -2118.45     /gpfs/hpu/EHT2/IHARM_inc+5/SANE_a-0.5_288x128x128_IHARM/m_1_1_10/image_a-0.5_1378_22_0_230.e9_6.2e9_8.80494e+28_10.dat
        64       0.587096              3       -43.5791        16.2098        106.241        68.6442       -5002.55     /gpfs/hpu/EHT2/IHARM_inc+5/SANE_a-0.5_288x128x128_IHARM/m_1_1_10/image_a-0.5_1384_22_0_230.e9_6.2e9_8.80494e+28_10.dat
        65        0.88553         3.5109        62.7771        12.1098        46.9141        32.2482       -2545.99     /gpfs/hpu/EHT2/IHARM_inc+5/SANE_a-0.5_288x128x128_IHARM/m_1_1_10/image_a-0.5_1390_22_0_230.e9_6.2e9_8.80494e+28_10.dat
        66       0.534565         2.9839       -34.6727        12.4274        36.1022        26.0316       -2034.39     /gpfs/hpu/EHT2/IHARM_inc+5/SANE_a-0.5_288x128x128_IHARM/m_1_1_10/image_a-0.5_1396_22_0_230.e9_6.2e9_8.80494e+28_10.dat
        67       0.544694        2.96977       -34.6527        11.5288        66.8562        43.7164       -3266.36     /gpfs/hpu/EHT2/IHARM_inc+5/SANE_a-0.5_288x128x128_IHARM/m_1_1_10/image_a-0.5_1402_22_0_230.e9_6.2e9_8.80494e+28_10.dat
        68       0.778459        3.17374        107.009        8.55512         67.887        43.1583       -3289.27     /gpfs/hpu/EHT2/IHARM_inc+5/SANE_a-0.5_288x128x128_IHARM/m_1_1_10/image_a-0.5_1408_22_0_230.e9_6.2e9_8.80494e+28_10.dat
        69       0.923959        3.14671        142.382        19.9909        26.1548        23.1549       -1962.07     /gpfs/hpu/EHT2/IHARM_inc+5/SANE_a-0.5_288x128x128_IHARM/m_1_1_10/image_a-0.5_1414_22_0_230.e9_6.2e9_8.80494e+28_10.dat
        70       0.477843        3.02101        131.708        5.41061        25.4175        17.0219       -1453.16     /gpfs/hpu/EHT2/IHARM_inc+5/SANE_a-0.5_288x128x128_IHARM/m_1_1_10/image_a-0.5_1420_22_0_230.e9_6.2e9_8.80494e+28_10.dat
        71       0.649668        3.10724         126.14        11.8313        17.7731        15.0491       -1356.12     /gpfs/hpu/EHT2/IHARM_inc+5/SANE_a-0.5_288x128x128_IHARM/m_1_1_10/image_a-0.5_1426_22_0_230.e9_6.2e9_8.80494e+28_10.dat
        72       0.669681        3.02106        98.5312         12.479        52.8234        35.8581       -2767.17     /gpfs/hpu/EHT2/IHARM_inc+5/SANE_a-0.5_288x128x128_IHARM/m_1_1_10/image_a-0.5_1432_22_0_230.e9_6.2e9_8.80494e+28_10.dat
        73        1.11734        3.46457        30.0214        13.0667        63.1589        42.1493       -3394.57     /gpfs/hpu/EHT2/IHARM_inc+5/SANE_a-0.5_288x128x128_IHARM/m_1_1_10/image_a-0.5_1438_22_0_230.e9_6.2e9_8.80494e+28_10.dat
        74       0.816313        3.24385        65.0178         19.593        49.3718        36.6153       -2782.97     /gpfs/hpu/EHT2/IHARM_inc+5/SANE_a-0.5_288x128x128_IHARM/m_1_1_10/image_a-0.5_1444_22_0_230.e9_6.2e9_8.80494e+28_10.dat
        75       0.819179        2.91237        34.2505        8.34684        52.4615        34.0303       -2705.29     /gpfs/hpu/EHT2/IHARM_inc+5/SANE_a-0.5_288x128x128_IHARM/m_1_1_10/image_a-0.5_1450_22_0_230.e9_6.2e9_8.80494e+28_10.dat
        76        0.57021        2.94716        47.3585         12.954        9.09472        10.3985       -981.516     /gpfs/hpu/EHT2/IHARM_inc+5/SANE_a-0.5_288x128x128_IHARM/m_1_1_10/image_a-0.5_1456_22_0_230.e9_6.2e9_8.80494e+28_10.dat
        77       0.872397        3.11045        67.1369        9.74045        50.8876        33.6522       -2635.77     /gpfs/hpu/EHT2/IHARM_inc+5/SANE_a-0.5_288x128x128_IHARM/m_1_1_10/image_a-0.5_1462_22_0_230.e9_6.2e9_8.80494e+28_10.dat
        78       0.615892        3.11035        38.6101        11.2659        28.4066        21.0642        -1735.6     /gpfs/hpu/EHT2/IHARM_inc+5/SANE_a-0.5_288x128x128_IHARM/m_1_1_10/image_a-0.5_1468_22_0_230.e9_6.2e9_8.80494e+28_10.dat
        79       0.639879        3.12066        84.1222        15.7671        26.5514        21.7361       -1768.12     /gpfs/hpu/EHT2/IHARM_inc+5/SANE_a-0.5_288x128x128_IHARM/m_1_1_10/image_a-0.5_1474_22_0_230.e9_6.2e9_8.80494e+28_10.dat
        80       0.493225        2.86677        147.463        18.8556        45.1714        33.8636       -2559.82     /gpfs/hpu/EHT2/IHARM_inc+5/SANE_a-0.5_288x128x128_IHARM/m_1_1_10/image_a-0.5_1480_22_0_230.e9_6.2e9_8.80494e+28_10.dat
        81       0.839345        3.18584        223.386        15.2939        106.947        68.7007       -5092.63     /gpfs/hpu/EHT2/IHARM_inc+5/SANE_a-0.5_288x128x128_IHARM/m_1_1_10/image_a-0.5_1486_22_0_230.e9_6.2e9_8.80494e+28_10.dat
        82       0.965768         3.3788        34.7733        13.8063        57.8348        39.3161       -3096.59     /gpfs/hpu/EHT2/IHARM_inc+5/SANE_a-0.5_288x128x128_IHARM/m_1_1_10/image_a-0.5_1492_22_0_230.e9_6.2e9_8.80494e+28_10.dat
        83       0.614013        3.23935        62.0571        9.72742        24.7536        18.3203       -1597.18     /gpfs/hpu/EHT2/IHARM_inc+5/SANE_a-0.5_288x128x128_IHARM/m_1_1_10/image_a-0.5_1498_22_0_230.e9_6.2e9_8.80494e+28_10.dat
        84       0.602435        2.96017        79.2018        15.2651        31.1276        24.2236       -1967.17     /gpfs/hpu/EHT2/IHARM_inc+5/SANE_a-0.5_288x128x128_IHARM/m_1_1_10/image_a-0.5_1504_22_0_230.e9_6.2e9_8.80494e+28_10.dat
        85       0.701135        3.02413         98.269         18.115        69.7054        47.9624       -3554.58     /gpfs/hpu/EHT2/IHARM_inc+5/SANE_a-0.5_288x128x128_IHARM/m_1_1_10/image_a-0.5_1510_22_0_230.e9_6.2e9_8.80494e+28_10.dat
        86       0.508917        2.94343        102.832        20.9125        50.6847        37.9012       -2856.24     /gpfs/hpu/EHT2/IHARM_inc+5/SANE_a-0.5_288x128x128_IHARM/m_1_1_10/image_a-0.5_1516_22_0_230.e9_6.2e9_8.80494e+28_10.dat
        87       0.435559        2.85762        139.618        18.8765        12.1916        14.5302       -1245.32     /gpfs/hpu/EHT2/IHARM_inc+5/SANE_a-0.5_288x128x128_IHARM/m_1_1_10/image_a-0.5_1522_22_0_230.e9_6.2e9_8.80494e+28_10.dat
        88       0.637708        2.81138        164.508        9.78356        10.5327        10.0022       -1022.42     /gpfs/hpu/EHT2/IHARM_inc+5/SANE_a-0.5_288x128x128_IHARM/m_1_1_10/image_a-0.5_1528_22_0_230.e9_6.2e9_8.80494e+28_10.dat
        89       0.727889        2.89729        137.003        11.6769        28.9966        21.5709       -1799.23     /gpfs/hpu/EHT2/IHARM_inc+5/SANE_a-0.5_288x128x128_IHARM/m_1_1_10/image_a-0.5_1534_22_0_230.e9_6.2e9_8.80494e+28_10.dat
        90       0.437005        2.92991         155.63        10.9141         12.115        11.3722        -1048.8     /gpfs/hpu/EHT2/IHARM_inc+5/SANE_a-0.5_288x128x128_IHARM/m_1_1_10/image_a-0.5_1540_22_0_230.e9_6.2e9_8.80494e+28_10.dat
        91       0.605128        2.78472        164.107        20.8885         71.233        49.9427       -3678.59     /gpfs/hpu/EHT2/IHARM_inc+5/SANE_a-0.5_288x128x128_IHARM/m_1_1_10/image_a-0.5_1546_22_0_230.e9_6.2e9_8.80494e+28_10.dat
        92        1.06819        2.70303        177.164        11.2254        64.3556        42.1312       -3425.11     /gpfs/hpu/EHT2/IHARM_inc+5/SANE_a-0.5_288x128x128_IHARM/m_1_1_10/image_a-0.5_1552_22_0_230.e9_6.2e9_8.80494e+28_10.dat
        93       0.916269         2.7109        149.945        21.8709        48.2889        36.8709       -2890.59     /gpfs/hpu/EHT2/IHARM_inc+5/SANE_a-0.5_288x128x128_IHARM/m_1_1_10/image_a-0.5_1558_22_0_230.e9_6.2e9_8.80494e+28_10.dat
        94       0.638051        2.46171         148.32        10.4616        33.4555        23.7108       -1963.34     /gpfs/hpu/EHT2/IHARM_inc+5/SANE_a-0.5_288x128x128_IHARM/m_1_1_10/image_a-0.5_1564_22_0_230.e9_6.2e9_8.80494e+28_10.dat
        95       0.789412        2.59563         136.14        19.2182        44.8031        33.7894       -2771.73     /gpfs/hpu/EHT2/IHARM_inc+5/SANE_a-0.5_288x128x128_IHARM/m_1_1_10/image_a-0.5_1570_22_0_230.e9_6.2e9_8.80494e+28_10.dat
        96       0.848706        3.28087        27.8212        15.6284        69.0022        46.5778        -3452.3     /gpfs/hpu/EHT2/IHARM_inc+5/SANE_a-0.5_288x128x128_IHARM/m_1_1_10/image_a-0.5_1576_22_0_230.e9_6.2e9_8.80494e+28_10.dat
        97       0.742248        3.07312        75.3503        22.1268        62.3237        45.2019       -3512.98     /gpfs/hpu/EHT2/IHARM_inc+5/SANE_a-0.5_288x128x128_IHARM/m_1_1_10/image_a-0.5_1582_22_0_230.e9_6.2e9_8.80494e+28_10.dat
        98       0.610169        2.86658        92.8211        11.9148        29.5844        22.0086       -1818.55     /gpfs/hpu/EHT2/IHARM_inc+5/SANE_a-0.5_288x128x128_IHARM/m_1_1_10/image_a-0.5_1588_22_0_230.e9_6.2e9_8.80494e+28_10.dat
        99       0.499764        2.84646        107.762         11.829        26.8846        20.3917       -1649.54     /gpfs/hpu/EHT2/IHARM_inc+5/SANE_a-0.5_288x128x128_IHARM/m_1_1_10/image_a-0.5_1594_22_0_230.e9_6.2e9_8.80494e+28_10.dat
