   # Index         I (Jy)      M/D (uas)       PA (deg)  VA red. chisq  CP red. chisq     red. chisq     log-liklhd     FileName
         0       0.480078        4.12284        201.352        9.90711        38.1551        24.7021       -1184.21     /gpfs/hpu/EHT2/IHARM_inc-5/MAD_a-0.94_384x192x192_IHARM/m_1_1_40/image_a-0.94_0000_12_0_230.e9_6.2e9_2.39158e+25_40.dat
         1       0.537456        4.23128        229.286        24.9446        38.3697        31.2357       -1417.57     /gpfs/hpu/EHT2/IHARM_inc-5/MAD_a-0.94_384x192x192_IHARM/m_1_1_40/image_a-0.94_0001_12_0_230.e9_6.2e9_2.39158e+25_40.dat
         2       0.831164        3.99258        53.7636        8.18219        9.80921        8.75588       -519.525     /gpfs/hpu/EHT2/IHARM_inc-5/MAD_a-0.94_384x192x192_IHARM/m_1_1_40/image_a-0.94_0002_12_0_230.e9_6.2e9_2.39158e+25_40.dat
         3       0.938188        3.60842        277.728        8.94379        47.5101        29.3107       -1440.42     /gpfs/hpu/EHT2/IHARM_inc-5/MAD_a-0.94_384x192x192_IHARM/m_1_1_40/image_a-0.94_0003_12_0_230.e9_6.2e9_2.39158e+25_40.dat
         4        0.65601        4.02092        345.105        19.6224        8.43426        12.9011       -667.689     /gpfs/hpu/EHT2/IHARM_inc-5/MAD_a-0.94_384x192x192_IHARM/m_1_1_40/image_a-0.94_0004_12_0_230.e9_6.2e9_2.39158e+25_40.dat
         5       0.480481        3.88453        270.835        16.0914        23.3129        19.3776       -929.575     /gpfs/hpu/EHT2/IHARM_inc-5/MAD_a-0.94_384x192x192_IHARM/m_1_1_40/image_a-0.94_0005_12_0_230.e9_6.2e9_2.39158e+25_40.dat
         6       0.874641        3.78174        285.544        5.99769        20.3856        13.4986       -682.972     /gpfs/hpu/EHT2/IHARM_inc-5/MAD_a-0.94_384x192x192_IHARM/m_1_1_40/image_a-0.94_0006_12_0_230.e9_6.2e9_2.39158e+25_40.dat
         7         1.0567        3.63658        166.805        17.4007        40.1838        28.9892       -1462.46     /gpfs/hpu/EHT2/IHARM_inc-5/MAD_a-0.94_384x192x192_IHARM/m_1_1_40/image_a-0.94_0007_12_0_230.e9_6.2e9_2.39158e+25_40.dat
         8       0.624437        3.45552        216.542         13.355        14.0547        13.2419       -679.497     /gpfs/hpu/EHT2/IHARM_inc-5/MAD_a-0.94_384x192x192_IHARM/m_1_1_40/image_a-0.94_0008_12_0_230.e9_6.2e9_2.39158e+25_40.dat
         9       0.570723        3.56265         227.44        7.76664        14.8016        11.2573       -589.219     /gpfs/hpu/EHT2/IHARM_inc-5/MAD_a-0.94_384x192x192_IHARM/m_1_1_40/image_a-0.94_0009_12_0_230.e9_6.2e9_2.39158e+25_40.dat
        10       0.645046        3.60296        286.393        11.2755         27.091        19.3494       -932.243     /gpfs/hpu/EHT2/IHARM_inc-5/MAD_a-0.94_384x192x192_IHARM/m_1_1_40/image_a-0.94_0010_12_0_230.e9_6.2e9_2.39158e+25_40.dat
        11        1.04054        4.55634        199.951        18.8138        44.3841        31.8461       -1463.65     /gpfs/hpu/EHT2/IHARM_inc-5/MAD_a-0.94_384x192x192_IHARM/m_1_1_40/image_a-0.94_0011_12_0_230.e9_6.2e9_2.39158e+25_40.dat
        12        1.19296        3.96733        151.993        2.72491        10.9514        7.03944       -496.862     /gpfs/hpu/EHT2/IHARM_inc-5/MAD_a-0.94_384x192x192_IHARM/m_1_1_40/image_a-0.94_0012_12_0_230.e9_6.2e9_2.39158e+25_40.dat
        13       0.797133        4.17501        30.4311        18.2421        34.3019        26.1922       -1264.93     /gpfs/hpu/EHT2/IHARM_inc-5/MAD_a-0.94_384x192x192_IHARM/m_1_1_40/image_a-0.94_0013_12_0_230.e9_6.2e9_2.39158e+25_40.dat
        14        0.68893        3.51607       -108.974        4.01668        8.93797        6.51042       -439.929     /gpfs/hpu/EHT2/IHARM_inc-5/MAD_a-0.94_384x192x192_IHARM/m_1_1_40/image_a-0.94_0014_12_0_230.e9_6.2e9_2.39158e+25_40.dat
        15       0.670991        4.17222       -58.0015        12.4424        10.4178        10.9008       -587.646     /gpfs/hpu/EHT2/IHARM_inc-5/MAD_a-0.94_384x192x192_IHARM/m_1_1_40/image_a-0.94_0015_12_0_230.e9_6.2e9_2.39158e+25_40.dat
        16       0.578154        3.90931       -112.624        16.5467        6.42128        10.5082       -572.077     /gpfs/hpu/EHT2/IHARM_inc-5/MAD_a-0.94_384x192x192_IHARM/m_1_1_40/image_a-0.94_0016_12_0_230.e9_6.2e9_2.39158e+25_40.dat
        17       0.722022         4.0292       -359.985        11.3458        14.5036        12.6252        -662.42     /gpfs/hpu/EHT2/IHARM_inc-5/MAD_a-0.94_384x192x192_IHARM/m_1_1_40/image_a-0.94_0017_12_0_230.e9_6.2e9_2.39158e+25_40.dat
        18       0.788357        4.43531       -339.403        22.1255         142.63        85.9769       -3667.15     /gpfs/hpu/EHT2/IHARM_inc-5/MAD_a-0.94_384x192x192_IHARM/m_1_1_40/image_a-0.94_0018_12_0_230.e9_6.2e9_2.39158e+25_40.dat
        19       0.734351        4.32592       -359.999        11.0059        171.006        96.4571        -4256.5     /gpfs/hpu/EHT2/IHARM_inc-5/MAD_a-0.94_384x192x192_IHARM/m_1_1_40/image_a-0.94_0019_12_0_230.e9_6.2e9_2.39158e+25_40.dat
        20       0.549092        4.08553       -125.147        11.0373        20.3737        15.6433       -775.837     /gpfs/hpu/EHT2/IHARM_inc-5/MAD_a-0.94_384x192x192_IHARM/m_1_1_40/image_a-0.94_0020_12_0_230.e9_6.2e9_2.39158e+25_40.dat
        21       0.554434        3.62327       -180.545        10.3933        16.1752        13.1156       -746.927     /gpfs/hpu/EHT2/IHARM_inc-5/MAD_a-0.94_384x192x192_IHARM/m_1_1_40/image_a-0.94_0021_12_0_230.e9_6.2e9_2.39158e+25_40.dat
        22       0.734979        4.29502       -86.1517        6.10893        6.51125        6.10131       -378.279     /gpfs/hpu/EHT2/IHARM_inc-5/MAD_a-0.94_384x192x192_IHARM/m_1_1_40/image_a-0.94_0022_12_0_230.e9_6.2e9_2.39158e+25_40.dat
        23       0.844647        4.63361       -67.7111        9.23074        6.32008        7.33121       -431.369     /gpfs/hpu/EHT2/IHARM_inc-5/MAD_a-0.94_384x192x192_IHARM/m_1_1_40/image_a-0.94_0023_12_0_230.e9_6.2e9_2.39158e+25_40.dat
        24       0.522785         3.7336       -123.854        5.01552        13.2825        9.26795        -513.14     /gpfs/hpu/EHT2/IHARM_inc-5/MAD_a-0.94_384x192x192_IHARM/m_1_1_40/image_a-0.94_0024_12_0_230.e9_6.2e9_2.39158e+25_40.dat
        25       0.474616        3.63947       -123.164        12.0042        12.8664        12.0277       -625.367     /gpfs/hpu/EHT2/IHARM_inc-5/MAD_a-0.94_384x192x192_IHARM/m_1_1_40/image_a-0.94_0025_12_0_230.e9_6.2e9_2.39158e+25_40.dat
        26       0.618177         3.3509        -56.984        27.6275        12.4339         18.464       -1103.25     /gpfs/hpu/EHT2/IHARM_inc-5/MAD_a-0.94_384x192x192_IHARM/m_1_1_40/image_a-0.94_0026_12_0_230.e9_6.2e9_2.39158e+25_40.dat
        27        0.74215        3.19202       -51.2589        10.4828        9.96628        9.82211       -583.563     /gpfs/hpu/EHT2/IHARM_inc-5/MAD_a-0.94_384x192x192_IHARM/m_1_1_40/image_a-0.94_0027_12_0_230.e9_6.2e9_2.39158e+25_40.dat
        28         0.9929        3.62509       -44.4007        7.93801         13.533        10.6498       -620.641     /gpfs/hpu/EHT2/IHARM_inc-5/MAD_a-0.94_384x192x192_IHARM/m_1_1_40/image_a-0.94_0028_12_0_230.e9_6.2e9_2.39158e+25_40.dat
        29        1.16127        3.91046        -76.207        17.9623        16.7575        16.6587       -845.865     /gpfs/hpu/EHT2/IHARM_inc-5/MAD_a-0.94_384x192x192_IHARM/m_1_1_40/image_a-0.94_0029_12_0_230.e9_6.2e9_2.39158e+25_40.dat
        30        0.84954        3.95082       -40.5577         2.9598        10.5286        6.91282       -454.443     /gpfs/hpu/EHT2/IHARM_inc-5/MAD_a-0.94_384x192x192_IHARM/m_1_1_40/image_a-0.94_0030_12_0_230.e9_6.2e9_2.39158e+25_40.dat
        31       0.657556        4.03329       -82.0507        4.56532        7.55461         6.0023       -376.331     /gpfs/hpu/EHT2/IHARM_inc-5/MAD_a-0.94_384x192x192_IHARM/m_1_1_40/image_a-0.94_0031_12_0_230.e9_6.2e9_2.39158e+25_40.dat
        32       0.777776        4.01543       -61.2377        11.7566        13.7803        12.4124       -643.098     /gpfs/hpu/EHT2/IHARM_inc-5/MAD_a-0.94_384x192x192_IHARM/m_1_1_40/image_a-0.94_0032_12_0_230.e9_6.2e9_2.39158e+25_40.dat
        33       0.588924        3.48505         -40.21        18.2245        12.9281        14.7157       -747.118     /gpfs/hpu/EHT2/IHARM_inc-5/MAD_a-0.94_384x192x192_IHARM/m_1_1_40/image_a-0.94_0033_12_0_230.e9_6.2e9_2.39158e+25_40.dat
        34       0.700519        3.43047       -44.7467        7.43363        20.2374         14.032       -744.183     /gpfs/hpu/EHT2/IHARM_inc-5/MAD_a-0.94_384x192x192_IHARM/m_1_1_40/image_a-0.94_0034_12_0_230.e9_6.2e9_2.39158e+25_40.dat
        35       0.648512        3.82405        29.2908        6.61226        23.3412        15.3469       -818.807     /gpfs/hpu/EHT2/IHARM_inc-5/MAD_a-0.94_384x192x192_IHARM/m_1_1_40/image_a-0.94_0035_12_0_230.e9_6.2e9_2.39158e+25_40.dat
        36        1.35043        4.22949        30.0695        35.1435        26.7034        29.3289       -1421.96     /gpfs/hpu/EHT2/IHARM_inc-5/MAD_a-0.94_384x192x192_IHARM/m_1_1_40/image_a-0.94_0036_12_0_230.e9_6.2e9_2.39158e+25_40.dat
        37       0.632385        3.78729       -88.8363        10.3019        29.0378        19.9784       -1055.06     /gpfs/hpu/EHT2/IHARM_inc-5/MAD_a-0.94_384x192x192_IHARM/m_1_1_40/image_a-0.94_0037_12_0_230.e9_6.2e9_2.39158e+25_40.dat
        38       0.608103        3.93563       -87.5151         13.228        34.9617         24.406       -1306.53     /gpfs/hpu/EHT2/IHARM_inc-5/MAD_a-0.94_384x192x192_IHARM/m_1_1_40/image_a-0.94_0038_12_0_230.e9_6.2e9_2.39158e+25_40.dat
        39       0.821521        4.72924       -62.8438        11.1645        37.3832        24.8246       -1161.31     /gpfs/hpu/EHT2/IHARM_inc-5/MAD_a-0.94_384x192x192_IHARM/m_1_1_40/image_a-0.94_0039_12_0_230.e9_6.2e9_2.39158e+25_40.dat
        40        1.64533        4.77909       -18.6569        40.0351        27.1954        31.6808       -1525.23     /gpfs/hpu/EHT2/IHARM_inc-5/MAD_a-0.94_384x192x192_IHARM/m_1_1_40/image_a-0.94_0040_12_0_230.e9_6.2e9_2.39158e+25_40.dat
        41       0.892141        4.09536       -40.1641        7.56012        8.98764        8.04952       -496.994     /gpfs/hpu/EHT2/IHARM_inc-5/MAD_a-0.94_384x192x192_IHARM/m_1_1_40/image_a-0.94_0041_12_0_230.e9_6.2e9_2.39158e+25_40.dat
        42        1.01943        4.51871       -36.9784        7.31319        11.8297        9.46912       -537.336     /gpfs/hpu/EHT2/IHARM_inc-5/MAD_a-0.94_384x192x192_IHARM/m_1_1_40/image_a-0.94_0042_12_0_230.e9_6.2e9_2.39158e+25_40.dat
        43       0.685352        3.50684         -107.9        1.88953        17.8243        10.3708       -585.434     /gpfs/hpu/EHT2/IHARM_inc-5/MAD_a-0.94_384x192x192_IHARM/m_1_1_40/image_a-0.94_0043_12_0_230.e9_6.2e9_2.39158e+25_40.dat
        44        1.05265        4.01536       -207.807        21.2893        26.0178        23.0477       -1162.75     /gpfs/hpu/EHT2/IHARM_inc-5/MAD_a-0.94_384x192x192_IHARM/m_1_1_40/image_a-0.94_0044_12_0_230.e9_6.2e9_2.39158e+25_40.dat
        45       0.539304        3.37394        20.1863        47.8659        18.5611        30.3902       -1393.59     /gpfs/hpu/EHT2/IHARM_inc-5/MAD_a-0.94_384x192x192_IHARM/m_1_1_40/image_a-0.94_0045_12_0_230.e9_6.2e9_2.39158e+25_40.dat
        46        1.55503         3.5573        58.6765        18.6093        41.0852        29.9887       -1488.88     /gpfs/hpu/EHT2/IHARM_inc-5/MAD_a-0.94_384x192x192_IHARM/m_1_1_40/image_a-0.94_0046_12_0_230.e9_6.2e9_2.39158e+25_40.dat
        47        1.36715        3.74984        79.1972        21.4655        79.0138        51.5597       -2671.91     /gpfs/hpu/EHT2/IHARM_inc-5/MAD_a-0.94_384x192x192_IHARM/m_1_1_40/image_a-0.94_0047_12_0_230.e9_6.2e9_2.39158e+25_40.dat
        48       0.741267        3.81567       -123.011        69.5044         46.116        54.4117        -2365.4     /gpfs/hpu/EHT2/IHARM_inc-5/MAD_a-0.94_384x192x192_IHARM/m_1_1_40/image_a-0.94_0048_12_0_230.e9_6.2e9_2.39158e+25_40.dat
        49       0.632717        4.55194       -86.8427        56.6046        36.9458        43.9851        -1927.8     /gpfs/hpu/EHT2/IHARM_inc-5/MAD_a-0.94_384x192x192_IHARM/m_1_1_40/image_a-0.94_0049_12_0_230.e9_6.2e9_2.39158e+25_40.dat
        50       0.851179        4.16947       -10.6981        15.5021        16.0478        15.2278       -807.079     /gpfs/hpu/EHT2/IHARM_inc-5/MAD_a-0.94_384x192x192_IHARM/m_1_1_40/image_a-0.94_0050_12_0_230.e9_6.2e9_2.39158e+25_40.dat
        51       0.586082        4.15811        7.96438        2.77692        9.86979        6.48125       -403.025     /gpfs/hpu/EHT2/IHARM_inc-5/MAD_a-0.94_384x192x192_IHARM/m_1_1_40/image_a-0.94_0051_12_0_230.e9_6.2e9_2.39158e+25_40.dat
        52       0.959798        4.05816        27.3557        24.5671        50.3326        37.4937       -1899.98     /gpfs/hpu/EHT2/IHARM_inc-5/MAD_a-0.94_384x192x192_IHARM/m_1_1_40/image_a-0.94_0052_12_0_230.e9_6.2e9_2.39158e+25_40.dat
        53       0.736885        3.69156         6.8541        13.3262        12.4528          12.37        -645.02     /gpfs/hpu/EHT2/IHARM_inc-5/MAD_a-0.94_384x192x192_IHARM/m_1_1_40/image_a-0.94_0053_12_0_230.e9_6.2e9_2.39158e+25_40.dat
        54       0.427308        3.95683       -26.9537        5.98874        11.9878        8.98862       -493.906     /gpfs/hpu/EHT2/IHARM_inc-5/MAD_a-0.94_384x192x192_IHARM/m_1_1_40/image_a-0.94_0054_12_0_230.e9_6.2e9_2.39158e+25_40.dat
        55       0.458317        4.08289       -97.0177        8.20153        10.2657        9.00911       -494.227     /gpfs/hpu/EHT2/IHARM_inc-5/MAD_a-0.94_384x192x192_IHARM/m_1_1_40/image_a-0.94_0055_12_0_230.e9_6.2e9_2.39158e+25_40.dat
        56       0.468084        3.97172       -60.2942        9.61183         12.321        10.7139       -642.708     /gpfs/hpu/EHT2/IHARM_inc-5/MAD_a-0.94_384x192x192_IHARM/m_1_1_40/image_a-0.94_0056_12_0_230.e9_6.2e9_2.39158e+25_40.dat
        57       0.596093        3.70304       -53.4998        7.40016        11.8599        9.52246       -538.675     /gpfs/hpu/EHT2/IHARM_inc-5/MAD_a-0.94_384x192x192_IHARM/m_1_1_40/image_a-0.94_0057_12_0_230.e9_6.2e9_2.39158e+25_40.dat
        58       0.657218          3.773       -74.1894        8.07569         8.9795        8.26521       -479.649     /gpfs/hpu/EHT2/IHARM_inc-5/MAD_a-0.94_384x192x192_IHARM/m_1_1_40/image_a-0.94_0058_12_0_230.e9_6.2e9_2.39158e+25_40.dat
        59       0.746088        3.55251       -48.0654         6.5356         13.229        9.88808       -561.798     /gpfs/hpu/EHT2/IHARM_inc-5/MAD_a-0.94_384x192x192_IHARM/m_1_1_40/image_a-0.94_0059_12_0_230.e9_6.2e9_2.39158e+25_40.dat
        60       0.659877        4.02845       -158.577         13.091        25.9247        19.4984       -941.192     /gpfs/hpu/EHT2/IHARM_inc-5/MAD_a-0.94_384x192x192_IHARM/m_1_1_40/image_a-0.94_0060_12_0_230.e9_6.2e9_2.39158e+25_40.dat
        61       0.527256        4.14329         -125.2        11.1109        11.7536        11.0493       -594.148     /gpfs/hpu/EHT2/IHARM_inc-5/MAD_a-0.94_384x192x192_IHARM/m_1_1_40/image_a-0.94_0061_12_0_230.e9_6.2e9_2.39158e+25_40.dat
        62       0.668798        4.32515       -117.446        5.79588          14.32        10.1577       -573.073     /gpfs/hpu/EHT2/IHARM_inc-5/MAD_a-0.94_384x192x192_IHARM/m_1_1_40/image_a-0.94_0062_12_0_230.e9_6.2e9_2.39158e+25_40.dat
        63       0.603802        4.24783       -72.9542        13.1796        15.2474        13.8069       -699.814     /gpfs/hpu/EHT2/IHARM_inc-5/MAD_a-0.94_384x192x192_IHARM/m_1_1_40/image_a-0.94_0063_12_0_230.e9_6.2e9_2.39158e+25_40.dat
        64       0.492811         3.9685       -118.211         5.9274        27.9548        17.5301       -863.851     /gpfs/hpu/EHT2/IHARM_inc-5/MAD_a-0.94_384x192x192_IHARM/m_1_1_40/image_a-0.94_0064_12_0_230.e9_6.2e9_2.39158e+25_40.dat
        65       0.526814        3.54448       -145.147        31.3225         17.361        22.6851       -1063.79     /gpfs/hpu/EHT2/IHARM_inc-5/MAD_a-0.94_384x192x192_IHARM/m_1_1_40/image_a-0.94_0065_12_0_230.e9_6.2e9_2.39158e+25_40.dat
        66       0.568852        4.18362       -115.419         27.769        45.5846        36.3127       -1665.08     /gpfs/hpu/EHT2/IHARM_inc-5/MAD_a-0.94_384x192x192_IHARM/m_1_1_40/image_a-0.94_0066_12_0_230.e9_6.2e9_2.39158e+25_40.dat
        67        1.05201        3.76269       -120.164        25.8032        21.4465        22.5215       -1162.79     /gpfs/hpu/EHT2/IHARM_inc-5/MAD_a-0.94_384x192x192_IHARM/m_1_1_40/image_a-0.94_0067_12_0_230.e9_6.2e9_2.39158e+25_40.dat
        68       0.673777        3.75831       -100.552        8.50431        10.2631        9.13689       -522.661     /gpfs/hpu/EHT2/IHARM_inc-5/MAD_a-0.94_384x192x192_IHARM/m_1_1_40/image_a-0.94_0068_12_0_230.e9_6.2e9_2.39158e+25_40.dat
        69       0.838566        4.00957       -66.0763        17.9854        16.5124         16.537       -845.119     /gpfs/hpu/EHT2/IHARM_inc-5/MAD_a-0.94_384x192x192_IHARM/m_1_1_40/image_a-0.94_0069_12_0_230.e9_6.2e9_2.39158e+25_40.dat
        70       0.878165        4.48247        99.5721        19.6857        16.1951        17.0925       -907.162     /gpfs/hpu/EHT2/IHARM_inc-5/MAD_a-0.94_384x192x192_IHARM/m_1_1_40/image_a-0.94_0070_12_0_230.e9_6.2e9_2.39158e+25_40.dat
        71       0.737776        4.09331        22.5777        11.9477        11.4859        11.2628       -631.395     /gpfs/hpu/EHT2/IHARM_inc-5/MAD_a-0.94_384x192x192_IHARM/m_1_1_40/image_a-0.94_0071_12_0_230.e9_6.2e9_2.39158e+25_40.dat
        72       0.508873        3.58614       -234.635        15.7819          23.12         19.142       -927.071     /gpfs/hpu/EHT2/IHARM_inc-5/MAD_a-0.94_384x192x192_IHARM/m_1_1_40/image_a-0.94_0072_12_0_230.e9_6.2e9_2.39158e+25_40.dat
        73       0.701859        3.90987       -132.292         6.9448        12.4068        9.62153       -518.907     /gpfs/hpu/EHT2/IHARM_inc-5/MAD_a-0.94_384x192x192_IHARM/m_1_1_40/image_a-0.94_0073_12_0_230.e9_6.2e9_2.39158e+25_40.dat
        74       0.499345        3.74952       -106.767        9.59739        12.6356        10.8765       -590.881     /gpfs/hpu/EHT2/IHARM_inc-5/MAD_a-0.94_384x192x192_IHARM/m_1_1_40/image_a-0.94_0074_12_0_230.e9_6.2e9_2.39158e+25_40.dat
        75       0.681327        3.96551       -185.402        3.38151         8.4636        5.98477       -384.638     /gpfs/hpu/EHT2/IHARM_inc-5/MAD_a-0.94_384x192x192_IHARM/m_1_1_40/image_a-0.94_0075_12_0_230.e9_6.2e9_2.39158e+25_40.dat
        76        0.83979        4.16726       -120.625        9.12964        7.81481        8.09011       -468.287     /gpfs/hpu/EHT2/IHARM_inc-5/MAD_a-0.94_384x192x192_IHARM/m_1_1_40/image_a-0.94_0076_12_0_230.e9_6.2e9_2.39158e+25_40.dat
        77       0.570699        4.17846       -87.0643        5.77626        8.36284        6.95285       -428.042     /gpfs/hpu/EHT2/IHARM_inc-5/MAD_a-0.94_384x192x192_IHARM/m_1_1_40/image_a-0.94_0077_12_0_230.e9_6.2e9_2.39158e+25_40.dat
        78         0.6574        4.52971       -15.8443         36.757        13.5679        22.9693       -1085.66     /gpfs/hpu/EHT2/IHARM_inc-5/MAD_a-0.94_384x192x192_IHARM/m_1_1_40/image_a-0.94_0078_12_0_230.e9_6.2e9_2.39158e+25_40.dat
        79       0.760931        3.53137       -129.503        19.2155        12.7436        15.0398       -780.502     /gpfs/hpu/EHT2/IHARM_inc-5/MAD_a-0.94_384x192x192_IHARM/m_1_1_40/image_a-0.94_0079_12_0_230.e9_6.2e9_2.39158e+25_40.dat
        80       0.588115        3.75097       -105.418        15.7762        15.2339         14.908       -811.322     /gpfs/hpu/EHT2/IHARM_inc-5/MAD_a-0.94_384x192x192_IHARM/m_1_1_40/image_a-0.94_0080_12_0_230.e9_6.2e9_2.39158e+25_40.dat
        81       0.596089        3.39049       -310.335        10.4335        13.8715        11.8966       -650.507     /gpfs/hpu/EHT2/IHARM_inc-5/MAD_a-0.94_384x192x192_IHARM/m_1_1_40/image_a-0.94_0081_12_0_230.e9_6.2e9_2.39158e+25_40.dat
        82       0.550027        3.13681       -309.639        7.82362         101.14        57.6096        -2921.5     /gpfs/hpu/EHT2/IHARM_inc-5/MAD_a-0.94_384x192x192_IHARM/m_1_1_40/image_a-0.94_0082_12_0_230.e9_6.2e9_2.39158e+25_40.dat
        83        0.46242         3.6184       -74.2618        5.03508        9.66723        7.33641       -440.819     /gpfs/hpu/EHT2/IHARM_inc-5/MAD_a-0.94_384x192x192_IHARM/m_1_1_40/image_a-0.94_0083_12_0_230.e9_6.2e9_2.39158e+25_40.dat
        84       0.585145        3.03068       -82.9755        19.3438        13.6398        15.5754       -775.617     /gpfs/hpu/EHT2/IHARM_inc-5/MAD_a-0.94_384x192x192_IHARM/m_1_1_40/image_a-0.94_0084_12_0_230.e9_6.2e9_2.39158e+25_40.dat
        85       0.713773        3.50472       -31.5808        7.62167        22.4071        15.2765       -786.619     /gpfs/hpu/EHT2/IHARM_inc-5/MAD_a-0.94_384x192x192_IHARM/m_1_1_40/image_a-0.94_0085_12_0_230.e9_6.2e9_2.39158e+25_40.dat
        86       0.558313        3.57986       -20.7266        4.87297        5.86716        5.22815       -346.642     /gpfs/hpu/EHT2/IHARM_inc-5/MAD_a-0.94_384x192x192_IHARM/m_1_1_40/image_a-0.94_0086_12_0_230.e9_6.2e9_2.39158e+25_40.dat
        87       0.954904        3.75208       -23.6474          6.058        10.0934        8.00168       -486.347     /gpfs/hpu/EHT2/IHARM_inc-5/MAD_a-0.94_384x192x192_IHARM/m_1_1_40/image_a-0.94_0087_12_0_230.e9_6.2e9_2.39158e+25_40.dat
        88       0.828959        3.94964        45.1521          6.739        12.9808         9.8417       -582.894     /gpfs/hpu/EHT2/IHARM_inc-5/MAD_a-0.94_384x192x192_IHARM/m_1_1_40/image_a-0.94_0088_12_0_230.e9_6.2e9_2.39158e+25_40.dat
        89       0.696217        3.68294        29.4852         16.685        35.0702        25.9398       -1197.84     /gpfs/hpu/EHT2/IHARM_inc-5/MAD_a-0.94_384x192x192_IHARM/m_1_1_40/image_a-0.94_0089_12_0_230.e9_6.2e9_2.39158e+25_40.dat
        90       0.631809        3.25066        26.8803         7.3766        14.1669        10.7503       -621.913     /gpfs/hpu/EHT2/IHARM_inc-5/MAD_a-0.94_384x192x192_IHARM/m_1_1_40/image_a-0.94_0090_12_0_230.e9_6.2e9_2.39158e+25_40.dat
        91          1.195        3.87927         48.717        13.9893        29.5601        21.8326       -1063.49     /gpfs/hpu/EHT2/IHARM_inc-5/MAD_a-0.94_384x192x192_IHARM/m_1_1_40/image_a-0.94_0091_12_0_230.e9_6.2e9_2.39158e+25_40.dat
        92       0.733774        3.84113        117.629        16.2026        78.7663        49.1806       -2222.59     /gpfs/hpu/EHT2/IHARM_inc-5/MAD_a-0.94_384x192x192_IHARM/m_1_1_40/image_a-0.94_0092_12_0_230.e9_6.2e9_2.39158e+25_40.dat
        93       0.867625        4.04286         192.83        24.5457         41.918        32.9694       -1554.74     /gpfs/hpu/EHT2/IHARM_inc-5/MAD_a-0.94_384x192x192_IHARM/m_1_1_40/image_a-0.94_0093_12_0_230.e9_6.2e9_2.39158e+25_40.dat
        94        1.16887        4.13702        181.491        10.8137        16.0273        13.2156       -762.336     /gpfs/hpu/EHT2/IHARM_inc-5/MAD_a-0.94_384x192x192_IHARM/m_1_1_40/image_a-0.94_0094_12_0_230.e9_6.2e9_2.39158e+25_40.dat
        95        0.87508        3.75093        262.181        7.71689        5.89084        6.45474        -401.08     /gpfs/hpu/EHT2/IHARM_inc-5/MAD_a-0.94_384x192x192_IHARM/m_1_1_40/image_a-0.94_0095_12_0_230.e9_6.2e9_2.39158e+25_40.dat
        96       0.889234        4.00274        233.019        8.48608        12.1709        10.1529       -598.305     /gpfs/hpu/EHT2/IHARM_inc-5/MAD_a-0.94_384x192x192_IHARM/m_1_1_40/image_a-0.94_0096_12_0_230.e9_6.2e9_2.39158e+25_40.dat
        97       0.475908        3.54668        217.487         22.245        20.6364         20.568       -989.498     /gpfs/hpu/EHT2/IHARM_inc-5/MAD_a-0.94_384x192x192_IHARM/m_1_1_40/image_a-0.94_0097_12_0_230.e9_6.2e9_2.39158e+25_40.dat
        98       0.535026        4.03138        210.614        23.8041        18.9927        20.3515       -962.705     /gpfs/hpu/EHT2/IHARM_inc-5/MAD_a-0.94_384x192x192_IHARM/m_1_1_40/image_a-0.94_0098_12_0_230.e9_6.2e9_2.39158e+25_40.dat
        99       0.597815        4.07167        222.111        9.12615        20.6591        14.9807       -756.114     /gpfs/hpu/EHT2/IHARM_inc-5/MAD_a-0.94_384x192x192_IHARM/m_1_1_40/image_a-0.94_0099_12_0_230.e9_6.2e9_2.39158e+25_40.dat
