   # Index         I (Jy)      M/D (uas)       PA (deg)  VA red. chisq  CP red. chisq     red. chisq     log-liklhd     FileName
         0       0.674583         2.8619        79.7761        16.2731        31.3955        24.5873       -1965.85     /gpfs/hpu/EHT2/IHARM/SANE/SANE_a-0.5_288x128x128_IHARM/m_1_1_10/image_a-0.5_1000_17_0_230.e9_6.2e9_8.99534e+28_10.dat
         1       0.519521        2.78274        108.104        16.2434         23.367        19.9706       -1659.63     /gpfs/hpu/EHT2/IHARM/SANE/SANE_a-0.5_288x128x128_IHARM/m_1_1_10/image_a-0.5_1006_17_0_230.e9_6.2e9_8.99534e+28_10.dat
         2       0.794304        2.89353        171.626        18.2618        93.4517        60.9826       -4606.53     /gpfs/hpu/EHT2/IHARM/SANE/SANE_a-0.5_288x128x128_IHARM/m_1_1_10/image_a-0.5_1012_17_0_230.e9_6.2e9_8.99534e+28_10.dat
         3       0.650609        3.12476        52.0664        14.9999        39.6592        28.8119       -2337.26     /gpfs/hpu/EHT2/IHARM/SANE/SANE_a-0.5_288x128x128_IHARM/m_1_1_10/image_a-0.5_1018_17_0_230.e9_6.2e9_8.99534e+28_10.dat
         4       0.534667        2.94854        102.361        7.32871        29.0439        19.6213       -1685.27     /gpfs/hpu/EHT2/IHARM/SANE/SANE_a-0.5_288x128x128_IHARM/m_1_1_10/image_a-0.5_1024_17_0_230.e9_6.2e9_8.99534e+28_10.dat
         5       0.691548        2.99848        53.0663        17.8328        62.5551         43.089       -3276.73     /gpfs/hpu/EHT2/IHARM/SANE/SANE_a-0.5_288x128x128_IHARM/m_1_1_10/image_a-0.5_1030_17_0_230.e9_6.2e9_8.99534e+28_10.dat
         6       0.811147        2.94502        158.271        16.3102        86.9636        56.4722       -4713.06     /gpfs/hpu/EHT2/IHARM/SANE/SANE_a-0.5_288x128x128_IHARM/m_1_1_10/image_a-0.5_1036_17_0_230.e9_6.2e9_8.99534e+28_10.dat
         7       0.695838        2.85999         163.02        18.7123        32.6612        26.2996       -2130.24     /gpfs/hpu/EHT2/IHARM/SANE/SANE_a-0.5_288x128x128_IHARM/m_1_1_10/image_a-0.5_1042_17_0_230.e9_6.2e9_8.99534e+28_10.dat
         8       0.485088         2.8802        88.1798        21.8256        20.5306        20.6014       -1735.82     /gpfs/hpu/EHT2/IHARM/SANE/SANE_a-0.5_288x128x128_IHARM/m_1_1_10/image_a-0.5_1048_17_0_230.e9_6.2e9_8.99534e+28_10.dat
         9        0.60038        2.83458        178.815        17.7747        27.2853        22.8372       -1899.89     /gpfs/hpu/EHT2/IHARM/SANE/SANE_a-0.5_288x128x128_IHARM/m_1_1_10/image_a-0.5_1054_17_0_230.e9_6.2e9_8.99534e+28_10.dat
        10       0.392851        2.77348        131.262        9.99863        21.1589        16.1788       -1416.99     /gpfs/hpu/EHT2/IHARM/SANE/SANE_a-0.5_288x128x128_IHARM/m_1_1_10/image_a-0.5_1060_17_0_230.e9_6.2e9_8.99534e+28_10.dat
        11       0.570903        2.74928        132.652        25.7934         54.244        41.5417       -3195.66     /gpfs/hpu/EHT2/IHARM/SANE/SANE_a-0.5_288x128x128_IHARM/m_1_1_10/image_a-0.5_1066_17_0_230.e9_6.2e9_8.99534e+28_10.dat
        12        0.82902        3.00145        34.5752        14.1951        109.521        68.5544        -5311.4     /gpfs/hpu/EHT2/IHARM/SANE/SANE_a-0.5_288x128x128_IHARM/m_1_1_10/image_a-0.5_1072_17_0_230.e9_6.2e9_8.99534e+28_10.dat
        13       0.767257        3.04858        31.0489         13.443        83.0859        53.0887       -4048.64     /gpfs/hpu/EHT2/IHARM/SANE/SANE_a-0.5_288x128x128_IHARM/m_1_1_10/image_a-0.5_1078_17_0_230.e9_6.2e9_8.99534e+28_10.dat
        14       0.653761        2.85825        21.7577        14.5884        119.963        74.7022       -5691.31     /gpfs/hpu/EHT2/IHARM/SANE/SANE_a-0.5_288x128x128_IHARM/m_1_1_10/image_a-0.5_1084_17_0_230.e9_6.2e9_8.99534e+28_10.dat
        15        0.62197        2.87641        99.3382        29.5193        111.622        75.9567       -5576.67     /gpfs/hpu/EHT2/IHARM/SANE/SANE_a-0.5_288x128x128_IHARM/m_1_1_10/image_a-0.5_1090_17_0_230.e9_6.2e9_8.99534e+28_10.dat
        16       0.628643          3.129        16.3713         20.487        59.1092        42.1861       -3266.34     /gpfs/hpu/EHT2/IHARM/SANE/SANE_a-0.5_288x128x128_IHARM/m_1_1_10/image_a-0.5_1096_17_0_230.e9_6.2e9_8.99534e+28_10.dat
        17       0.443023        2.68658        122.797        14.5054        61.9562        41.3998       -3156.53     /gpfs/hpu/EHT2/IHARM/SANE/SANE_a-0.5_288x128x128_IHARM/m_1_1_10/image_a-0.5_1102_17_0_230.e9_6.2e9_8.99534e+28_10.dat
        18       0.532407        2.84886        107.275        22.9265        37.9402        31.0316       -2409.47     /gpfs/hpu/EHT2/IHARM/SANE/SANE_a-0.5_288x128x128_IHARM/m_1_1_10/image_a-0.5_1108_17_0_230.e9_6.2e9_8.99534e+28_10.dat
        19       0.506527        2.96876        100.976        11.8075        38.8721        27.0694       -2172.87     /gpfs/hpu/EHT2/IHARM/SANE/SANE_a-0.5_288x128x128_IHARM/m_1_1_10/image_a-0.5_1114_17_0_230.e9_6.2e9_8.99534e+28_10.dat
        20       0.635704        2.98536        103.404        18.4465        82.3931        54.7149       -4064.75     /gpfs/hpu/EHT2/IHARM/SANE/SANE_a-0.5_288x128x128_IHARM/m_1_1_10/image_a-0.5_1120_17_0_230.e9_6.2e9_8.99534e+28_10.dat
        21       0.459601        3.08702        60.0641        7.73763        20.4641        14.8659       -1329.82     /gpfs/hpu/EHT2/IHARM/SANE/SANE_a-0.5_288x128x128_IHARM/m_1_1_10/image_a-0.5_1126_17_0_230.e9_6.2e9_8.99534e+28_10.dat
        22       0.489046        2.94644        70.6087         20.099        19.5252        19.3265        -1608.9     /gpfs/hpu/EHT2/IHARM/SANE/SANE_a-0.5_288x128x128_IHARM/m_1_1_10/image_a-0.5_1132_17_0_230.e9_6.2e9_8.99534e+28_10.dat
        23       0.470821        3.09001        73.9603        16.9541        14.7391        15.3097       -1320.62     /gpfs/hpu/EHT2/IHARM/SANE/SANE_a-0.5_288x128x128_IHARM/m_1_1_10/image_a-0.5_1138_17_0_230.e9_6.2e9_8.99534e+28_10.dat
        24       0.643766        2.83614        174.033        27.5407        26.9961        26.6208       -2162.71     /gpfs/hpu/EHT2/IHARM/SANE/SANE_a-0.5_288x128x128_IHARM/m_1_1_10/image_a-0.5_1144_17_0_230.e9_6.2e9_8.99534e+28_10.dat
        25       0.505167        2.86813        122.194        36.6228        24.4235        28.8183       -2260.59     /gpfs/hpu/EHT2/IHARM/SANE/SANE_a-0.5_288x128x128_IHARM/m_1_1_10/image_a-0.5_1150_17_0_230.e9_6.2e9_8.99534e+28_10.dat
        26        0.44454        2.82249        149.574        21.0668        19.2903        19.5832       -1615.75     /gpfs/hpu/EHT2/IHARM/SANE/SANE_a-0.5_288x128x128_IHARM/m_1_1_10/image_a-0.5_1156_17_0_230.e9_6.2e9_8.99534e+28_10.dat
        27       0.692764         3.3216        129.455        12.9583        23.3337         18.623       -1665.02     /gpfs/hpu/EHT2/IHARM/SANE/SANE_a-0.5_288x128x128_IHARM/m_1_1_10/image_a-0.5_1162_17_0_230.e9_6.2e9_8.99534e+28_10.dat
        28       0.721339        3.15839         139.87        15.5081        47.4831        33.5047       -2723.49     /gpfs/hpu/EHT2/IHARM/SANE/SANE_a-0.5_288x128x128_IHARM/m_1_1_10/image_a-0.5_1168_17_0_230.e9_6.2e9_8.99534e+28_10.dat
        29       0.811231        3.11965        136.752        16.5793        20.8835        18.6822       -1668.91     /gpfs/hpu/EHT2/IHARM/SANE/SANE_a-0.5_288x128x128_IHARM/m_1_1_10/image_a-0.5_1174_17_0_230.e9_6.2e9_8.99534e+28_10.dat
        30        1.01037        3.21497       -166.723        15.0481        57.8471        39.2627       -3179.14     /gpfs/hpu/EHT2/IHARM/SANE/SANE_a-0.5_288x128x128_IHARM/m_1_1_10/image_a-0.5_1180_17_0_230.e9_6.2e9_8.99534e+28_10.dat
        31       0.742663        2.95827       -71.4811        26.3025        172.887        109.793       -8407.19     /gpfs/hpu/EHT2/IHARM/SANE/SANE_a-0.5_288x128x128_IHARM/m_1_1_10/image_a-0.5_1186_17_0_230.e9_6.2e9_8.99534e+28_10.dat
        32       0.577319        3.11462        58.3175        26.4915        69.1091        50.3496       -3803.96     /gpfs/hpu/EHT2/IHARM/SANE/SANE_a-0.5_288x128x128_IHARM/m_1_1_10/image_a-0.5_1192_17_0_230.e9_6.2e9_8.99534e+28_10.dat
        33        0.77632        3.11323        78.8043        34.3282        78.4479        58.8749       -4377.89     /gpfs/hpu/EHT2/IHARM/SANE/SANE_a-0.5_288x128x128_IHARM/m_1_1_10/image_a-0.5_1198_17_0_230.e9_6.2e9_8.99534e+28_10.dat
        34       0.490942        3.13519        83.5046         21.135        19.1058         19.505       -1645.72     /gpfs/hpu/EHT2/IHARM/SANE/SANE_a-0.5_288x128x128_IHARM/m_1_1_10/image_a-0.5_1204_17_0_230.e9_6.2e9_8.99534e+28_10.dat
        35        0.61914        3.14394        110.387        15.0665        26.9322        21.5395       -1850.75     /gpfs/hpu/EHT2/IHARM/SANE/SANE_a-0.5_288x128x128_IHARM/m_1_1_10/image_a-0.5_1210_17_0_230.e9_6.2e9_8.99534e+28_10.dat
        36       0.808169        2.86488        126.834        16.8155        54.5551        38.0894       -3062.02     /gpfs/hpu/EHT2/IHARM/SANE/SANE_a-0.5_288x128x128_IHARM/m_1_1_10/image_a-0.5_1216_17_0_230.e9_6.2e9_8.99534e+28_10.dat
        37       0.976205        3.26193        33.4372        24.1759        54.7013        41.1498       -3206.28     /gpfs/hpu/EHT2/IHARM/SANE/SANE_a-0.5_288x128x128_IHARM/m_1_1_10/image_a-0.5_1222_17_0_230.e9_6.2e9_8.99534e+28_10.dat
        38       0.934537        3.11023        4.83904         10.133        88.9272        55.1003       -4584.63     /gpfs/hpu/EHT2/IHARM/SANE/SANE_a-0.5_288x128x128_IHARM/m_1_1_10/image_a-0.5_1228_17_0_230.e9_6.2e9_8.99534e+28_10.dat
        39        1.12484        3.42489        27.9047        8.18648        28.6796        19.7593       -1761.35     /gpfs/hpu/EHT2/IHARM/SANE/SANE_a-0.5_288x128x128_IHARM/m_1_1_10/image_a-0.5_1234_17_0_230.e9_6.2e9_8.99534e+28_10.dat
        40       0.654603        2.86104        99.9547        25.3753        49.5246        38.6659       -2983.39     /gpfs/hpu/EHT2/IHARM/SANE/SANE_a-0.5_288x128x128_IHARM/m_1_1_10/image_a-0.5_1240_17_0_230.e9_6.2e9_8.99534e+28_10.dat
        41       0.733608        3.00842        5.64736        23.0739        123.292        80.0428       -5920.27     /gpfs/hpu/EHT2/IHARM/SANE/SANE_a-0.5_288x128x128_IHARM/m_1_1_10/image_a-0.5_1246_17_0_230.e9_6.2e9_8.99534e+28_10.dat
        42       0.701132        3.12005        36.8565        11.4889        61.5298        39.9354        -3081.6     /gpfs/hpu/EHT2/IHARM/SANE/SANE_a-0.5_288x128x128_IHARM/m_1_1_10/image_a-0.5_1252_17_0_230.e9_6.2e9_8.99534e+28_10.dat
        43       0.591824        3.13383        87.3921        9.55675        32.7036        22.6213       -1874.85     /gpfs/hpu/EHT2/IHARM/SANE/SANE_a-0.5_288x128x128_IHARM/m_1_1_10/image_a-0.5_1258_17_0_230.e9_6.2e9_8.99534e+28_10.dat
        44       0.910499        3.14223        107.506        11.4011        101.204         62.654       -5154.94     /gpfs/hpu/EHT2/IHARM/SANE/SANE_a-0.5_288x128x128_IHARM/m_1_1_10/image_a-0.5_1264_17_0_230.e9_6.2e9_8.99534e+28_10.dat
        45       0.622716        2.92568        91.2515        8.67479        24.4293        17.5191       -1543.35     /gpfs/hpu/EHT2/IHARM/SANE/SANE_a-0.5_288x128x128_IHARM/m_1_1_10/image_a-0.5_1270_17_0_230.e9_6.2e9_8.99534e+28_10.dat
        46       0.542965        2.81759        109.698        9.69827        23.5182        17.4105       -1509.68     /gpfs/hpu/EHT2/IHARM/SANE/SANE_a-0.5_288x128x128_IHARM/m_1_1_10/image_a-0.5_1276_17_0_230.e9_6.2e9_8.99534e+28_10.dat
        47       0.658045        2.74805        120.507        14.9326        29.9456        23.2136       -1974.81     /gpfs/hpu/EHT2/IHARM/SANE/SANE_a-0.5_288x128x128_IHARM/m_1_1_10/image_a-0.5_1282_17_0_230.e9_6.2e9_8.99534e+28_10.dat
        48       0.535376        2.98669        154.438         23.936        30.4595        27.1494       -2189.97     /gpfs/hpu/EHT2/IHARM/SANE/SANE_a-0.5_288x128x128_IHARM/m_1_1_10/image_a-0.5_1288_17_0_230.e9_6.2e9_8.99534e+28_10.dat
        49       0.436117        2.92943        160.059        16.6356        52.3371        36.7445          -2824     /gpfs/hpu/EHT2/IHARM/SANE/SANE_a-0.5_288x128x128_IHARM/m_1_1_10/image_a-0.5_1294_17_0_230.e9_6.2e9_8.99534e+28_10.dat
        50       0.811438        3.49098        6.19243         10.299        36.1119        24.8762       -2066.73     /gpfs/hpu/EHT2/IHARM/SANE/SANE_a-0.5_288x128x128_IHARM/m_1_1_10/image_a-0.5_1300_17_0_230.e9_6.2e9_8.99534e+28_10.dat
        51       0.786796        3.46243        21.9744        14.9278        40.1113         29.042        -2348.3     /gpfs/hpu/EHT2/IHARM/SANE/SANE_a-0.5_288x128x128_IHARM/m_1_1_10/image_a-0.5_1306_17_0_230.e9_6.2e9_8.99534e+28_10.dat
        52       0.398103        3.16956        66.5312        18.2055         32.293        25.8835       -2058.33     /gpfs/hpu/EHT2/IHARM/SANE/SANE_a-0.5_288x128x128_IHARM/m_1_1_10/image_a-0.5_1312_17_0_230.e9_6.2e9_8.99534e+28_10.dat
        53         0.4467        3.05471        58.2518        22.3937        25.1176        23.4619       -1886.48     /gpfs/hpu/EHT2/IHARM/SANE/SANE_a-0.5_288x128x128_IHARM/m_1_1_10/image_a-0.5_1318_17_0_230.e9_6.2e9_8.99534e+28_10.dat
        54       0.457207        2.85589        126.832        9.81347        27.9398         19.993       -1667.14     /gpfs/hpu/EHT2/IHARM/SANE/SANE_a-0.5_288x128x128_IHARM/m_1_1_10/image_a-0.5_1324_17_0_230.e9_6.2e9_8.99534e+28_10.dat
        55       0.554058        2.92244        132.405        5.16212         11.518        8.69354       -943.846     /gpfs/hpu/EHT2/IHARM/SANE/SANE_a-0.5_288x128x128_IHARM/m_1_1_10/image_a-0.5_1330_17_0_230.e9_6.2e9_8.99534e+28_10.dat
        56       0.909113        3.00086        150.601        13.5598        76.6955        49.4709       -3859.91     /gpfs/hpu/EHT2/IHARM/SANE/SANE_a-0.5_288x128x128_IHARM/m_1_1_10/image_a-0.5_1336_17_0_230.e9_6.2e9_8.99534e+28_10.dat
        57       0.846074        2.93535        258.547        24.8111        149.537        95.7975       -7269.85     /gpfs/hpu/EHT2/IHARM/SANE/SANE_a-0.5_288x128x128_IHARM/m_1_1_10/image_a-0.5_1342_17_0_230.e9_6.2e9_8.99534e+28_10.dat
        58       0.711141        3.13818         12.779        23.7578        54.8198        41.0487       -3257.41     /gpfs/hpu/EHT2/IHARM/SANE/SANE_a-0.5_288x128x128_IHARM/m_1_1_10/image_a-0.5_1348_17_0_230.e9_6.2e9_8.99534e+28_10.dat
        59       0.592374        3.18322        36.1414        13.2895        48.7263        33.3204       -2612.35     /gpfs/hpu/EHT2/IHARM/SANE/SANE_a-0.5_288x128x128_IHARM/m_1_1_10/image_a-0.5_1354_17_0_230.e9_6.2e9_8.99534e+28_10.dat
        60       0.472966        2.90534        64.1699         24.122        43.0213        34.4292       -2665.44     /gpfs/hpu/EHT2/IHARM/SANE/SANE_a-0.5_288x128x128_IHARM/m_1_1_10/image_a-0.5_1360_17_0_230.e9_6.2e9_8.99534e+28_10.dat
        61       0.663083        3.07944        54.2318        28.7343        60.0843        46.0806       -3485.21     /gpfs/hpu/EHT2/IHARM/SANE/SANE_a-0.5_288x128x128_IHARM/m_1_1_10/image_a-0.5_1366_17_0_230.e9_6.2e9_8.99534e+28_10.dat
        62       0.683196        3.10428        28.4178         19.543        80.8618          54.28       -4361.16     /gpfs/hpu/EHT2/IHARM/SANE/SANE_a-0.5_288x128x128_IHARM/m_1_1_10/image_a-0.5_1372_17_0_230.e9_6.2e9_8.99534e+28_10.dat
        63       0.887817        3.31206        39.8526        11.2031        60.7111        39.3503       -3139.33     /gpfs/hpu/EHT2/IHARM/SANE/SANE_a-0.5_288x128x128_IHARM/m_1_1_10/image_a-0.5_1378_17_0_230.e9_6.2e9_8.99534e+28_10.dat
        64       0.595903         3.0097       -40.3164        23.3897        100.673        67.1978       -4972.31     /gpfs/hpu/EHT2/IHARM/SANE/SANE_a-0.5_288x128x128_IHARM/m_1_1_10/image_a-0.5_1384_17_0_230.e9_6.2e9_8.99534e+28_10.dat
        65       0.893884        3.50885       -303.094        16.5031        56.2203        38.9181       -3091.67     /gpfs/hpu/EHT2/IHARM/SANE/SANE_a-0.5_288x128x128_IHARM/m_1_1_10/image_a-0.5_1390_17_0_230.e9_6.2e9_8.99534e+28_10.dat
        66        0.79942        3.20122       -297.672        19.4491        104.502        67.8007       -5378.56     /gpfs/hpu/EHT2/IHARM/SANE/SANE_a-0.5_288x128x128_IHARM/m_1_1_10/image_a-0.5_1396_17_0_230.e9_6.2e9_8.99534e+28_10.dat
        67        2.35455        5.34155       -279.658        97.5791        79.1831         84.876       -6484.76     /gpfs/hpu/EHT2/IHARM/SANE/SANE_a-0.5_288x128x128_IHARM/m_1_1_10/image_a-0.5_1402_17_0_230.e9_6.2e9_8.99534e+28_10.dat
        68       0.952208        3.17685       -246.189         12.933        104.503         65.166       -4997.14     /gpfs/hpu/EHT2/IHARM/SANE/SANE_a-0.5_288x128x128_IHARM/m_1_1_10/image_a-0.5_1408_17_0_230.e9_6.2e9_8.99534e+28_10.dat
        69       0.783334        3.20065       -212.709         21.532        33.6547        28.0097       -2283.79     /gpfs/hpu/EHT2/IHARM/SANE/SANE_a-0.5_288x128x128_IHARM/m_1_1_10/image_a-0.5_1414_17_0_230.e9_6.2e9_8.99534e+28_10.dat
        70       0.494979         3.0956       -219.762        6.65069        30.6748        20.2825       -1717.04     /gpfs/hpu/EHT2/IHARM/SANE/SANE_a-0.5_288x128x128_IHARM/m_1_1_10/image_a-0.5_1420_17_0_230.e9_6.2e9_8.99534e+28_10.dat
        71       0.576617        3.15368       -236.591        13.4625        28.0713        21.5441       -1817.47     /gpfs/hpu/EHT2/IHARM/SANE/SANE_a-0.5_288x128x128_IHARM/m_1_1_10/image_a-0.5_1426_17_0_230.e9_6.2e9_8.99534e+28_10.dat
        72       0.698634        3.08339        -257.56        15.4013        70.5177        46.6725       -3571.97     /gpfs/hpu/EHT2/IHARM/SANE/SANE_a-0.5_288x128x128_IHARM/m_1_1_10/image_a-0.5_1432_17_0_230.e9_6.2e9_8.99534e+28_10.dat
        73        1.04834        3.31058       -331.752        16.6627        70.9082        47.4065       -3701.64     /gpfs/hpu/EHT2/IHARM/SANE/SANE_a-0.5_288x128x128_IHARM/m_1_1_10/image_a-0.5_1438_17_0_230.e9_6.2e9_8.99534e+28_10.dat
        74        1.01885        3.24813        -328.69        14.8158        50.0995        34.7253        -2809.5     /gpfs/hpu/EHT2/IHARM/SANE/SANE_a-0.5_288x128x128_IHARM/m_1_1_10/image_a-0.5_1444_17_0_230.e9_6.2e9_8.99534e+28_10.dat
        75       0.986943        2.91481       -321.267        9.73649        70.0154        44.0934       -3455.07     /gpfs/hpu/EHT2/IHARM/SANE/SANE_a-0.5_288x128x128_IHARM/m_1_1_10/image_a-0.5_1450_17_0_230.e9_6.2e9_8.99534e+28_10.dat
        76        0.43051        2.98414       -357.058        16.3302         26.993        22.0854       -1796.71     /gpfs/hpu/EHT2/IHARM/SANE/SANE_a-0.5_288x128x128_IHARM/m_1_1_10/image_a-0.5_1456_17_0_230.e9_6.2e9_8.99534e+28_10.dat
        77         0.8076         3.1624       -331.655        14.1612        69.3284        45.4888       -3523.81     /gpfs/hpu/EHT2/IHARM/SANE/SANE_a-0.5_288x128x128_IHARM/m_1_1_10/image_a-0.5_1462_17_0_230.e9_6.2e9_8.99534e+28_10.dat
        78       0.599254        3.04562       -321.516        16.7443        42.4298        31.1064       -2455.95     /gpfs/hpu/EHT2/IHARM/SANE/SANE_a-0.5_288x128x128_IHARM/m_1_1_10/image_a-0.5_1468_17_0_230.e9_6.2e9_8.99534e+28_10.dat
        79       0.700942        3.10321       -276.344        18.4254        39.2939        29.9877       -2377.27     /gpfs/hpu/EHT2/IHARM/SANE/SANE_a-0.5_288x128x128_IHARM/m_1_1_10/image_a-0.5_1474_17_0_230.e9_6.2e9_8.99534e+28_10.dat
        80       0.555953        2.91989       -211.861        27.7206        52.5548        41.3523        -3124.2     /gpfs/hpu/EHT2/IHARM/SANE/SANE_a-0.5_288x128x128_IHARM/m_1_1_10/image_a-0.5_1480_17_0_230.e9_6.2e9_8.99534e+28_10.dat
        81        0.79784        3.14735       -131.024        19.5132        115.941         74.387       -5551.05     /gpfs/hpu/EHT2/IHARM/SANE/SANE_a-0.5_288x128x128_IHARM/m_1_1_10/image_a-0.5_1486_17_0_230.e9_6.2e9_8.99534e+28_10.dat
        82       0.861037        3.30443       -323.302        14.9428        77.2478        50.3469       -3922.45     /gpfs/hpu/EHT2/IHARM/SANE/SANE_a-0.5_288x128x128_IHARM/m_1_1_10/image_a-0.5_1492_17_0_230.e9_6.2e9_8.99534e+28_10.dat
        83       0.650031        3.16946       -296.902        12.7074        31.0206        22.9303       -1946.65     /gpfs/hpu/EHT2/IHARM/SANE/SANE_a-0.5_288x128x128_IHARM/m_1_1_10/image_a-0.5_1498_17_0_230.e9_6.2e9_8.99534e+28_10.dat
        84       0.541537         2.9764       -277.428        17.8028        55.0462        38.7702       -3006.93     /gpfs/hpu/EHT2/IHARM/SANE/SANE_a-0.5_288x128x128_IHARM/m_1_1_10/image_a-0.5_1504_17_0_230.e9_6.2e9_8.99534e+28_10.dat
        85       0.738221        3.03845       -268.096        20.0475        89.0493        59.1798       -4428.37     /gpfs/hpu/EHT2/IHARM/SANE/SANE_a-0.5_288x128x128_IHARM/m_1_1_10/image_a-0.5_1510_17_0_230.e9_6.2e9_8.99534e+28_10.dat
        86       0.588254        2.95018       -254.772        28.0964        74.2422        53.9426       -4025.11     /gpfs/hpu/EHT2/IHARM/SANE/SANE_a-0.5_288x128x128_IHARM/m_1_1_10/image_a-0.5_1516_17_0_230.e9_6.2e9_8.99534e+28_10.dat
        87       0.441174        2.93441       -220.989        30.6415        15.4501        21.2529       -1731.96     /gpfs/hpu/EHT2/IHARM/SANE/SANE_a-0.5_288x128x128_IHARM/m_1_1_10/image_a-0.5_1522_17_0_230.e9_6.2e9_8.99534e+28_10.dat
        88       0.478749        2.82264       -199.032        12.6676         15.857        14.2174       -1282.89     /gpfs/hpu/EHT2/IHARM/SANE/SANE_a-0.5_288x128x128_IHARM/m_1_1_10/image_a-0.5_1528_17_0_230.e9_6.2e9_8.99534e+28_10.dat
        89       0.617379        2.99011       -221.855        8.23116        39.2339        25.8306       -2101.76     /gpfs/hpu/EHT2/IHARM/SANE/SANE_a-0.5_288x128x128_IHARM/m_1_1_10/image_a-0.5_1534_17_0_230.e9_6.2e9_8.99534e+28_10.dat
        90        0.74598        3.06017       -289.933        42.5295        40.6881        40.5353       -3176.46     /gpfs/hpu/EHT2/IHARM/SANE/SANE_a-0.5_288x128x128_IHARM/m_1_1_10/image_a-0.5_1540_17_0_230.e9_6.2e9_8.99534e+28_10.dat
        91        0.67656        2.80082       -195.075        32.3339        102.005        71.5789       -5250.35     /gpfs/hpu/EHT2/IHARM/SANE/SANE_a-0.5_288x128x128_IHARM/m_1_1_10/image_a-0.5_1546_17_0_230.e9_6.2e9_8.99534e+28_10.dat
        92        1.01303        2.72471        -177.49        20.4056        115.923        74.7374       -5813.15     /gpfs/hpu/EHT2/IHARM/SANE/SANE_a-0.5_288x128x128_IHARM/m_1_1_10/image_a-0.5_1552_17_0_230.e9_6.2e9_8.99534e+28_10.dat
        93        0.92114        3.18809        -93.333        34.0626         96.706        69.2391       -6922.43     /gpfs/hpu/EHT2/IHARM/SANE/SANE_a-0.5_288x128x128_IHARM/m_1_1_10/image_a-0.5_1558_17_0_230.e9_6.2e9_8.99534e+28_10.dat
        94       0.709729        2.87621        88.8876        32.1605        57.6953         46.096       -3605.09     /gpfs/hpu/EHT2/IHARM/SANE/SANE_a-0.5_288x128x128_IHARM/m_1_1_10/image_a-0.5_1564_17_0_230.e9_6.2e9_8.99534e+28_10.dat
        95       0.835352        2.89566        108.364        34.6742        73.1917        56.0002        -5273.8     /gpfs/hpu/EHT2/IHARM/SANE/SANE_a-0.5_288x128x128_IHARM/m_1_1_10/image_a-0.5_1570_17_0_230.e9_6.2e9_8.99534e+28_10.dat
        96       0.931666        3.06253        22.6297        19.3954         72.107        49.1992        -3842.9     /gpfs/hpu/EHT2/IHARM/SANE/SANE_a-0.5_288x128x128_IHARM/m_1_1_10/image_a-0.5_1576_17_0_230.e9_6.2e9_8.99534e+28_10.dat
        97        0.97004        3.27543       -17.4567        24.2668         71.393        50.7598       -3909.12     /gpfs/hpu/EHT2/IHARM/SANE/SANE_a-0.5_288x128x128_IHARM/m_1_1_10/image_a-0.5_1582_17_0_230.e9_6.2e9_8.99534e+28_10.dat
        98       0.971742        3.21172        17.8921        12.0253        40.2272        27.9347       -2272.85     /gpfs/hpu/EHT2/IHARM/SANE/SANE_a-0.5_288x128x128_IHARM/m_1_1_10/image_a-0.5_1588_17_0_230.e9_6.2e9_8.99534e+28_10.dat
        99       0.608887        2.84852        119.996        19.3792        42.2917        32.0927       -2502.85     /gpfs/hpu/EHT2/IHARM/SANE/SANE_a-0.5_288x128x128_IHARM/m_1_1_10/image_a-0.5_1594_17_0_230.e9_6.2e9_8.99534e+28_10.dat
