   # Index         I (Jy)      M/D (uas)       PA (deg)  VA red. chisq  CP red. chisq     red. chisq     log-liklhd     FileName
         0       0.401079        3.81701        151.694         37.297        13.6652        22.9207       -1837.68     /gpfs/hpu/EHT2/KORAL/SANE/SANE_a+0.5_300x192x192_KORAL/m_1_1_40/image_a+0.5_900_163_0_230.e9_6.2e9_1.08003e+29_40.dat
         1        0.44011        3.78747        107.929         19.388        8.69435        12.8272       -1177.05     /gpfs/hpu/EHT2/KORAL/SANE/SANE_a+0.5_300x192x192_KORAL/m_1_1_40/image_a+0.5_901_163_0_230.e9_6.2e9_1.08003e+29_40.dat
         2       0.523248        3.96536        130.509        31.7139        16.5287        22.3052       -1815.57     /gpfs/hpu/EHT2/KORAL/SANE/SANE_a+0.5_300x192x192_KORAL/m_1_1_40/image_a+0.5_902_163_0_230.e9_6.2e9_1.08003e+29_40.dat
         3       0.388185         3.8139        108.383        18.8537        24.2822        21.5512       -1765.01     /gpfs/hpu/EHT2/KORAL/SANE/SANE_a+0.5_300x192x192_KORAL/m_1_1_40/image_a+0.5_903_163_0_230.e9_6.2e9_1.08003e+29_40.dat
         4       0.340833         3.8631        138.237        10.9817        15.5261        13.3458       -1177.51     /gpfs/hpu/EHT2/KORAL/SANE/SANE_a+0.5_300x192x192_KORAL/m_1_1_40/image_a+0.5_904_163_0_230.e9_6.2e9_1.08003e+29_40.dat
         5       0.324735        3.77601         165.02        41.5787        23.6378        30.3719       -2364.65     /gpfs/hpu/EHT2/KORAL/SANE/SANE_a+0.5_300x192x192_KORAL/m_1_1_40/image_a+0.5_905_163_0_230.e9_6.2e9_1.08003e+29_40.dat
         6        0.34001        3.67835        161.906        25.3883          23.63        23.8198       -1918.53     /gpfs/hpu/EHT2/KORAL/SANE/SANE_a+0.5_300x192x192_KORAL/m_1_1_40/image_a+0.5_906_163_0_230.e9_6.2e9_1.08003e+29_40.dat
         7       0.469365        3.70481        128.275        39.1034        30.7435        33.4462       -2612.49     /gpfs/hpu/EHT2/KORAL/SANE/SANE_a+0.5_300x192x192_KORAL/m_1_1_40/image_a+0.5_907_163_0_230.e9_6.2e9_1.08003e+29_40.dat
         8       0.404072        3.76681        144.067        12.5719         15.237        13.8231       -1220.53     /gpfs/hpu/EHT2/KORAL/SANE/SANE_a+0.5_300x192x192_KORAL/m_1_1_40/image_a+0.5_908_163_0_230.e9_6.2e9_1.08003e+29_40.dat
         9       0.364731        3.64201        125.645        19.2349        19.7301        19.0946       -1575.86     /gpfs/hpu/EHT2/KORAL/SANE/SANE_a+0.5_300x192x192_KORAL/m_1_1_40/image_a+0.5_909_163_0_230.e9_6.2e9_1.08003e+29_40.dat
        10       0.416654        3.55617        122.388        13.5911        20.5086        17.2587       -1467.31     /gpfs/hpu/EHT2/KORAL/SANE/SANE_a+0.5_300x192x192_KORAL/m_1_1_40/image_a+0.5_910_163_0_230.e9_6.2e9_1.08003e+29_40.dat
        11       0.388713        3.58534        173.194        34.2996        21.3519        26.1171       -2052.33     /gpfs/hpu/EHT2/KORAL/SANE/SANE_a+0.5_300x192x192_KORAL/m_1_1_40/image_a+0.5_911_163_0_230.e9_6.2e9_1.08003e+29_40.dat
        12       0.420202        3.60139        173.943        25.7284        24.4115        24.4056       -1957.81     /gpfs/hpu/EHT2/KORAL/SANE/SANE_a+0.5_300x192x192_KORAL/m_1_1_40/image_a+0.5_912_163_0_230.e9_6.2e9_1.08003e+29_40.dat
        13       0.393503        3.40237        125.875         18.667        7.61462        11.9164       -1081.66     /gpfs/hpu/EHT2/KORAL/SANE/SANE_a+0.5_300x192x192_KORAL/m_1_1_40/image_a+0.5_913_163_0_230.e9_6.2e9_1.08003e+29_40.dat
        14       0.477506        3.48567         120.89        15.9259        11.5668        13.0745       -1165.69     /gpfs/hpu/EHT2/KORAL/SANE/SANE_a+0.5_300x192x192_KORAL/m_1_1_40/image_a+0.5_914_163_0_230.e9_6.2e9_1.08003e+29_40.dat
        15       0.652925         3.6871        109.354        4.45645        15.5957        10.7468        -1043.7     /gpfs/hpu/EHT2/KORAL/SANE/SANE_a+0.5_300x192x192_KORAL/m_1_1_40/image_a+0.5_915_163_0_230.e9_6.2e9_1.08003e+29_40.dat
        16        0.59417        3.76393        108.872         10.635        33.2164        23.3515       -1915.62     /gpfs/hpu/EHT2/KORAL/SANE/SANE_a+0.5_300x192x192_KORAL/m_1_1_40/image_a+0.5_916_163_0_230.e9_6.2e9_1.08003e+29_40.dat
        17       0.442188        3.62537        105.232        17.0813        26.9829        22.3834       -1807.67     /gpfs/hpu/EHT2/KORAL/SANE/SANE_a+0.5_300x192x192_KORAL/m_1_1_40/image_a+0.5_917_163_0_230.e9_6.2e9_1.08003e+29_40.dat
        18       0.444549        3.62471         93.845        10.3012        26.2487        19.2203       -1583.34     /gpfs/hpu/EHT2/KORAL/SANE/SANE_a+0.5_300x192x192_KORAL/m_1_1_40/image_a+0.5_918_163_0_230.e9_6.2e9_1.08003e+29_40.dat
        19       0.536918        3.76662        85.8259        6.53023        21.1848         14.791       -1300.13     /gpfs/hpu/EHT2/KORAL/SANE/SANE_a+0.5_300x192x192_KORAL/m_1_1_40/image_a+0.5_919_163_0_230.e9_6.2e9_1.08003e+29_40.dat
        20       0.813579        3.99594        73.4927        19.7442        20.7768        19.9009        -1686.3     /gpfs/hpu/EHT2/KORAL/SANE/SANE_a+0.5_300x192x192_KORAL/m_1_1_40/image_a+0.5_920_163_0_230.e9_6.2e9_1.08003e+29_40.dat
        21       0.528396         3.7821       -154.902        9.85227        43.1112        28.7099       -2233.38     /gpfs/hpu/EHT2/KORAL/SANE/SANE_a+0.5_300x192x192_KORAL/m_1_1_40/image_a+0.5_921_163_0_230.e9_6.2e9_1.08003e+29_40.dat
        22       0.481684        3.14463       -177.643        69.0713        32.1198        46.3549       -3450.35     /gpfs/hpu/EHT2/KORAL/SANE/SANE_a+0.5_300x192x192_KORAL/m_1_1_40/image_a+0.5_922_163_0_230.e9_6.2e9_1.08003e+29_40.dat
        23       0.427973        3.15504       -189.548          45.27        25.9232        33.1754       -2562.26     /gpfs/hpu/EHT2/KORAL/SANE/SANE_a+0.5_300x192x192_KORAL/m_1_1_40/image_a+0.5_923_163_0_230.e9_6.2e9_1.08003e+29_40.dat
        24       0.408231        3.21748       -221.023        38.3367        29.0274        32.1519       -2494.38     /gpfs/hpu/EHT2/KORAL/SANE/SANE_a+0.5_300x192x192_KORAL/m_1_1_40/image_a+0.5_924_163_0_230.e9_6.2e9_1.08003e+29_40.dat
        25       0.641887        3.43146       -188.324        36.0036        19.4899        25.7383        -2128.5     /gpfs/hpu/EHT2/KORAL/SANE/SANE_a+0.5_300x192x192_KORAL/m_1_1_40/image_a+0.5_925_163_0_230.e9_6.2e9_1.08003e+29_40.dat
        26       0.466844        3.48924       -204.582        13.1066          13.28         12.917       -1205.22     /gpfs/hpu/EHT2/KORAL/SANE/SANE_a+0.5_300x192x192_KORAL/m_1_1_40/image_a+0.5_926_163_0_230.e9_6.2e9_1.08003e+29_40.dat
        27       0.436336        3.58923       -218.897         23.227        12.9715        16.8328       -1451.66     /gpfs/hpu/EHT2/KORAL/SANE/SANE_a+0.5_300x192x192_KORAL/m_1_1_40/image_a+0.5_927_163_0_230.e9_6.2e9_1.08003e+29_40.dat
        28       0.598204        3.21611       -164.115        40.9797        17.2863        26.4869       -2174.07     /gpfs/hpu/EHT2/KORAL/SANE/SANE_a+0.5_300x192x192_KORAL/m_1_1_40/image_a+0.5_928_163_0_230.e9_6.2e9_1.08003e+29_40.dat
        29       0.486065        3.41546       -167.715        66.3234        27.2099        42.4276       -3210.29     /gpfs/hpu/EHT2/KORAL/SANE/SANE_a+0.5_300x192x192_KORAL/m_1_1_40/image_a+0.5_929_163_0_230.e9_6.2e9_1.08003e+29_40.dat
        30       0.672392        3.72009       -174.365        81.6883        30.5545        50.5596       -3793.71     /gpfs/hpu/EHT2/KORAL/SANE/SANE_a+0.5_300x192x192_KORAL/m_1_1_40/image_a+0.5_930_163_0_230.e9_6.2e9_1.08003e+29_40.dat
        31       0.458385         3.6688       -179.214        44.6983        19.0907        29.0256       -2279.25     /gpfs/hpu/EHT2/KORAL/SANE/SANE_a+0.5_300x192x192_KORAL/m_1_1_40/image_a+0.5_931_163_0_230.e9_6.2e9_1.08003e+29_40.dat
        32       0.374417        3.55521       -183.203        38.9158        20.8691         27.707       -2186.44     /gpfs/hpu/EHT2/KORAL/SANE/SANE_a+0.5_300x192x192_KORAL/m_1_1_40/image_a+0.5_932_163_0_230.e9_6.2e9_1.08003e+29_40.dat
        33       0.431758        3.58471       -187.242        55.1192        14.7093        30.7271       -2381.96     /gpfs/hpu/EHT2/KORAL/SANE/SANE_a+0.5_300x192x192_KORAL/m_1_1_40/image_a+0.5_933_163_0_230.e9_6.2e9_1.08003e+29_40.dat
        34       0.409525        3.83672       -188.621        50.2181          25.85        35.1345       -2677.64     /gpfs/hpu/EHT2/KORAL/SANE/SANE_a+0.5_300x192x192_KORAL/m_1_1_40/image_a+0.5_934_163_0_230.e9_6.2e9_1.08003e+29_40.dat
        35       0.410883        3.65449       -270.411        32.6452        42.5344        37.5968       -2838.74     /gpfs/hpu/EHT2/KORAL/SANE/SANE_a+0.5_300x192x192_KORAL/m_1_1_40/image_a+0.5_935_163_0_230.e9_6.2e9_1.08003e+29_40.dat
        36        0.39074        3.69394       -214.201        37.7006        19.0789        26.1889       -2066.14     /gpfs/hpu/EHT2/KORAL/SANE/SANE_a+0.5_300x192x192_KORAL/m_1_1_40/image_a+0.5_936_163_0_230.e9_6.2e9_1.08003e+29_40.dat
        37       0.583263        3.67283       -180.908          64.38        27.7982        41.9791       -3223.45     /gpfs/hpu/EHT2/KORAL/SANE/SANE_a+0.5_300x192x192_KORAL/m_1_1_40/image_a+0.5_937_163_0_230.e9_6.2e9_1.08003e+29_40.dat
        38       0.420934        4.08846        -291.65        15.9398        76.7643        50.4728       -3728.73     /gpfs/hpu/EHT2/KORAL/SANE/SANE_a+0.5_300x192x192_KORAL/m_1_1_40/image_a+0.5_938_163_0_230.e9_6.2e9_1.08003e+29_40.dat
        39       0.405312        3.41805       -212.858        51.0205        25.3255        35.1582       -2699.63     /gpfs/hpu/EHT2/KORAL/SANE/SANE_a+0.5_300x192x192_KORAL/m_1_1_40/image_a+0.5_939_163_0_230.e9_6.2e9_1.08003e+29_40.dat
        40       0.384211        3.42209       -229.445        40.8981        27.5985        32.3682       -2485.34     /gpfs/hpu/EHT2/KORAL/SANE/SANE_a+0.5_300x192x192_KORAL/m_1_1_40/image_a+0.5_940_163_0_230.e9_6.2e9_1.08003e+29_40.dat
        41       0.407845        3.58894       -217.526        21.9267        9.90113         14.546       -1284.77     /gpfs/hpu/EHT2/KORAL/SANE/SANE_a+0.5_300x192x192_KORAL/m_1_1_40/image_a+0.5_941_163_0_230.e9_6.2e9_1.08003e+29_40.dat
        42       0.447022        3.74093       -244.618        18.8956        15.5727         16.573        -1432.7     /gpfs/hpu/EHT2/KORAL/SANE/SANE_a+0.5_300x192x192_KORAL/m_1_1_40/image_a+0.5_942_163_0_230.e9_6.2e9_1.08003e+29_40.dat
        43       0.485155        4.07517       -264.861        18.7363        21.8277         20.096       -1659.52     /gpfs/hpu/EHT2/KORAL/SANE/SANE_a+0.5_300x192x192_KORAL/m_1_1_40/image_a+0.5_943_163_0_230.e9_6.2e9_1.08003e+29_40.dat
        44        0.53917        3.49536       -196.396        8.25668        11.6677        10.0309       -1039.63     /gpfs/hpu/EHT2/KORAL/SANE/SANE_a+0.5_300x192x192_KORAL/m_1_1_40/image_a+0.5_944_163_0_230.e9_6.2e9_1.08003e+29_40.dat
        45       0.385787        3.68037       -145.581        38.6749        15.5801        24.5762       -1954.94     /gpfs/hpu/EHT2/KORAL/SANE/SANE_a+0.5_300x192x192_KORAL/m_1_1_40/image_a+0.5_945_163_0_230.e9_6.2e9_1.08003e+29_40.dat
        46       0.402733        3.63403       -174.709        36.5796        13.7895        22.7019       -1845.93     /gpfs/hpu/EHT2/KORAL/SANE/SANE_a+0.5_300x192x192_KORAL/m_1_1_40/image_a+0.5_946_163_0_230.e9_6.2e9_1.08003e+29_40.dat
        47       0.431731        3.99086       -200.493         18.182         10.697        13.4881        -1198.2     /gpfs/hpu/EHT2/KORAL/SANE/SANE_a+0.5_300x192x192_KORAL/m_1_1_40/image_a+0.5_947_163_0_230.e9_6.2e9_1.08003e+29_40.dat
        48       0.366181           3.76       -189.632        56.8336        21.6481           35.4       -2690.97     /gpfs/hpu/EHT2/KORAL/SANE/SANE_a+0.5_300x192x192_KORAL/m_1_1_40/image_a+0.5_948_163_0_230.e9_6.2e9_1.08003e+29_40.dat
        49          0.352        3.90032       -198.163        47.1796         25.363        33.6264       -2567.63     /gpfs/hpu/EHT2/KORAL/SANE/SANE_a+0.5_300x192x192_KORAL/m_1_1_40/image_a+0.5_949_163_0_230.e9_6.2e9_1.08003e+29_40.dat
        50        0.46217         4.0429       -167.516        42.7541        14.5099        25.6121       -2081.12     /gpfs/hpu/EHT2/KORAL/SANE/SANE_a+0.5_300x192x192_KORAL/m_1_1_40/image_a+0.5_950_163_0_230.e9_6.2e9_1.08003e+29_40.dat
        51       0.419455        3.89532       -186.698        59.7778        19.6701        35.4562       -2696.95     /gpfs/hpu/EHT2/KORAL/SANE/SANE_a+0.5_300x192x192_KORAL/m_1_1_40/image_a+0.5_951_163_0_230.e9_6.2e9_1.08003e+29_40.dat
        52       0.505943        3.84701        -239.35        22.2518         12.087        15.9311       -1382.25     /gpfs/hpu/EHT2/KORAL/SANE/SANE_a+0.5_300x192x192_KORAL/m_1_1_40/image_a+0.5_952_163_0_230.e9_6.2e9_1.08003e+29_40.dat
        53       0.368614        3.73227        -250.88        14.2496        9.96744        11.4793       -1052.14     /gpfs/hpu/EHT2/KORAL/SANE/SANE_a+0.5_300x192x192_KORAL/m_1_1_40/image_a+0.5_953_163_0_230.e9_6.2e9_1.08003e+29_40.dat
        54       0.553388        3.53437       -193.145        32.9687        17.0648        23.1201       -1907.35     /gpfs/hpu/EHT2/KORAL/SANE/SANE_a+0.5_300x192x192_KORAL/m_1_1_40/image_a+0.5_954_163_0_230.e9_6.2e9_1.08003e+29_40.dat
        55       0.469669        3.64104       -177.276        37.1284         28.505        31.3636       -2468.36     /gpfs/hpu/EHT2/KORAL/SANE/SANE_a+0.5_300x192x192_KORAL/m_1_1_40/image_a+0.5_955_163_0_230.e9_6.2e9_1.08003e+29_40.dat
        56       0.393661        3.51394       -189.312        53.5846        15.9929        30.8426       -2394.35     /gpfs/hpu/EHT2/KORAL/SANE/SANE_a+0.5_300x192x192_KORAL/m_1_1_40/image_a+0.5_956_163_0_230.e9_6.2e9_1.08003e+29_40.dat
        57       0.459977         3.6116       -184.691        29.4878        16.0308        21.1193        -1741.7     /gpfs/hpu/EHT2/KORAL/SANE/SANE_a+0.5_300x192x192_KORAL/m_1_1_40/image_a+0.5_957_163_0_230.e9_6.2e9_1.08003e+29_40.dat
        58       0.436157        3.64799       -261.442        33.7205        14.7291        22.0845       -1788.19     /gpfs/hpu/EHT2/KORAL/SANE/SANE_a+0.5_300x192x192_KORAL/m_1_1_40/image_a+0.5_958_163_0_230.e9_6.2e9_1.08003e+29_40.dat
        59       0.370641        3.32043       -226.691        20.4997        19.9189        19.7144       -1656.97     /gpfs/hpu/EHT2/KORAL/SANE/SANE_a+0.5_300x192x192_KORAL/m_1_1_40/image_a+0.5_959_163_0_230.e9_6.2e9_1.08003e+29_40.dat
        60       0.360041        3.43991       -205.413        12.2245         16.713        14.5291       -1272.25     /gpfs/hpu/EHT2/KORAL/SANE/SANE_a+0.5_300x192x192_KORAL/m_1_1_40/image_a+0.5_960_163_0_230.e9_6.2e9_1.08003e+29_40.dat
        61       0.434491        3.48941       -202.556        43.1513        28.8754        34.0118       -2633.81     /gpfs/hpu/EHT2/KORAL/SANE/SANE_a+0.5_300x192x192_KORAL/m_1_1_40/image_a+0.5_961_163_0_230.e9_6.2e9_1.08003e+29_40.dat
        62       0.690775        3.54633       -213.889         64.027        36.9825        47.1038       -3603.92     /gpfs/hpu/EHT2/KORAL/SANE/SANE_a+0.5_300x192x192_KORAL/m_1_1_40/image_a+0.5_962_163_0_230.e9_6.2e9_1.08003e+29_40.dat
        63       0.682359        3.54968       -180.486        58.7504         34.116        43.3259       -3395.77     /gpfs/hpu/EHT2/KORAL/SANE/SANE_a+0.5_300x192x192_KORAL/m_1_1_40/image_a+0.5_963_163_0_230.e9_6.2e9_1.08003e+29_40.dat
        64       0.525848        3.36305       -191.448        79.7796        27.1078         47.811       -3600.95     /gpfs/hpu/EHT2/KORAL/SANE/SANE_a+0.5_300x192x192_KORAL/m_1_1_40/image_a+0.5_964_163_0_230.e9_6.2e9_1.08003e+29_40.dat
        65       0.567484        3.81012       -291.601        24.3886        23.8441        23.5383       -1921.29     /gpfs/hpu/EHT2/KORAL/SANE/SANE_a+0.5_300x192x192_KORAL/m_1_1_40/image_a+0.5_965_163_0_230.e9_6.2e9_1.08003e+29_40.dat
        66       0.505559        3.84676       -308.523        10.6702        57.8228        37.4782       -2857.43     /gpfs/hpu/EHT2/KORAL/SANE/SANE_a+0.5_300x192x192_KORAL/m_1_1_40/image_a+0.5_966_163_0_230.e9_6.2e9_1.08003e+29_40.dat
        67       0.406112        3.50303       -231.344        21.6264        11.3326        15.2456       -1317.02     /gpfs/hpu/EHT2/KORAL/SANE/SANE_a+0.5_300x192x192_KORAL/m_1_1_40/image_a+0.5_967_163_0_230.e9_6.2e9_1.08003e+29_40.dat
        68       0.349891        3.63251       -249.261        23.9221        10.1476        15.4943       -1329.95     /gpfs/hpu/EHT2/KORAL/SANE/SANE_a+0.5_300x192x192_KORAL/m_1_1_40/image_a+0.5_968_163_0_230.e9_6.2e9_1.08003e+29_40.dat
        69        0.35597        3.65627        -236.52        12.0493        15.1801        13.5791       -1192.82     /gpfs/hpu/EHT2/KORAL/SANE/SANE_a+0.5_300x192x192_KORAL/m_1_1_40/image_a+0.5_969_163_0_230.e9_6.2e9_1.08003e+29_40.dat
        70       0.391886         3.8175       -160.874        6.45878        19.3855        13.7302       -1253.18     /gpfs/hpu/EHT2/KORAL/SANE/SANE_a+0.5_300x192x192_KORAL/m_1_1_40/image_a+0.5_970_163_0_230.e9_6.2e9_1.08003e+29_40.dat
        71       0.377483        3.75688       -170.593         27.488        28.9278        27.7074        -2170.9     /gpfs/hpu/EHT2/KORAL/SANE/SANE_a+0.5_300x192x192_KORAL/m_1_1_40/image_a+0.5_971_163_0_230.e9_6.2e9_1.08003e+29_40.dat
        72        0.35018        3.84412       -172.127        24.1845        14.8944        18.3229        -1539.5     /gpfs/hpu/EHT2/KORAL/SANE/SANE_a+0.5_300x192x192_KORAL/m_1_1_40/image_a+0.5_972_163_0_230.e9_6.2e9_1.08003e+29_40.dat
        73       0.365571        3.56217        -172.53        40.2981        21.5284        28.6442        -2255.8     /gpfs/hpu/EHT2/KORAL/SANE/SANE_a+0.5_300x192x192_KORAL/m_1_1_40/image_a+0.5_973_163_0_230.e9_6.2e9_1.08003e+29_40.dat
        74       0.431037        3.84903       -262.301        24.5551        39.8828        32.8044       -2537.99     /gpfs/hpu/EHT2/KORAL/SANE/SANE_a+0.5_300x192x192_KORAL/m_1_1_40/image_a+0.5_974_163_0_230.e9_6.2e9_1.08003e+29_40.dat
        75       0.377811        3.86541       -262.649        28.6616        14.4586        19.8835        -1651.6     /gpfs/hpu/EHT2/KORAL/SANE/SANE_a+0.5_300x192x192_KORAL/m_1_1_40/image_a+0.5_975_163_0_230.e9_6.2e9_1.08003e+29_40.dat
        76       0.373976        3.69127       -268.512        15.1169        13.2968        13.7395       -1209.53     /gpfs/hpu/EHT2/KORAL/SANE/SANE_a+0.5_300x192x192_KORAL/m_1_1_40/image_a+0.5_976_163_0_230.e9_6.2e9_1.08003e+29_40.dat
        77       0.419026        3.45475       -203.979        30.0442        27.9462        28.1782       -2219.04     /gpfs/hpu/EHT2/KORAL/SANE/SANE_a+0.5_300x192x192_KORAL/m_1_1_40/image_a+0.5_977_163_0_230.e9_6.2e9_1.08003e+29_40.dat
        78       0.367555        3.62425        -175.09        15.1001        13.4826        13.8394        -1242.9     /gpfs/hpu/EHT2/KORAL/SANE/SANE_a+0.5_300x192x192_KORAL/m_1_1_40/image_a+0.5_978_163_0_230.e9_6.2e9_1.08003e+29_40.dat
        79       0.385395        3.76004       -269.541         22.134         12.149         15.919       -1359.68     /gpfs/hpu/EHT2/KORAL/SANE/SANE_a+0.5_300x192x192_KORAL/m_1_1_40/image_a+0.5_979_163_0_230.e9_6.2e9_1.08003e+29_40.dat
        80       0.323329        3.61018       -193.169        14.6356        16.9897        15.6629       -1357.39     /gpfs/hpu/EHT2/KORAL/SANE/SANE_a+0.5_300x192x192_KORAL/m_1_1_40/image_a+0.5_980_163_0_230.e9_6.2e9_1.08003e+29_40.dat
        81       0.424756        3.51026       -192.229        18.1798        13.0452        14.8339       -1314.17     /gpfs/hpu/EHT2/KORAL/SANE/SANE_a+0.5_300x192x192_KORAL/m_1_1_40/image_a+0.5_981_163_0_230.e9_6.2e9_1.08003e+29_40.dat
        82       0.484027        3.78327       -171.124        35.2521        18.0421         24.604       -1983.73     /gpfs/hpu/EHT2/KORAL/SANE/SANE_a+0.5_300x192x192_KORAL/m_1_1_40/image_a+0.5_982_163_0_230.e9_6.2e9_1.08003e+29_40.dat
        83       0.567405         3.9033       -176.088         37.937        20.4284        27.0585        -2190.9     /gpfs/hpu/EHT2/KORAL/SANE/SANE_a+0.5_300x192x192_KORAL/m_1_1_40/image_a+0.5_983_163_0_230.e9_6.2e9_1.08003e+29_40.dat
        84       0.510033        3.96568       -186.148        29.8142        28.9333        28.6513       -2287.11     /gpfs/hpu/EHT2/KORAL/SANE/SANE_a+0.5_300x192x192_KORAL/m_1_1_40/image_a+0.5_984_163_0_230.e9_6.2e9_1.08003e+29_40.dat
        85       0.525149        3.94403       -204.728        22.3639        36.5511        30.0074       -2378.48     /gpfs/hpu/EHT2/KORAL/SANE/SANE_a+0.5_300x192x192_KORAL/m_1_1_40/image_a+0.5_985_163_0_230.e9_6.2e9_1.08003e+29_40.dat
        86       0.494622        3.31727       -201.469        36.2687        25.1628        29.0991       -2284.07     /gpfs/hpu/EHT2/KORAL/SANE/SANE_a+0.5_300x192x192_KORAL/m_1_1_40/image_a+0.5_986_163_0_230.e9_6.2e9_1.08003e+29_40.dat
        87        1.03483         3.5046       -191.372        50.4565        35.7762        40.9239        -3151.6     /gpfs/hpu/EHT2/KORAL/SANE/SANE_a+0.5_300x192x192_KORAL/m_1_1_40/image_a+0.5_987_163_0_230.e9_6.2e9_1.08003e+29_40.dat
        88       0.704984        3.26784        -207.94        51.9428         66.911        59.3817       -4505.01     /gpfs/hpu/EHT2/KORAL/SANE/SANE_a+0.5_300x192x192_KORAL/m_1_1_40/image_a+0.5_988_163_0_230.e9_6.2e9_1.08003e+29_40.dat
        89        0.66412        4.67353       -218.406        29.6816        84.1991        60.2943       -4400.42     /gpfs/hpu/EHT2/KORAL/SANE/SANE_a+0.5_300x192x192_KORAL/m_1_1_40/image_a+0.5_989_163_0_230.e9_6.2e9_1.08003e+29_40.dat
        90       0.754625         4.0969       -230.048        16.0556        14.4727        14.7936       -1307.81     /gpfs/hpu/EHT2/KORAL/SANE/SANE_a+0.5_300x192x192_KORAL/m_1_1_40/image_a+0.5_990_163_0_230.e9_6.2e9_1.08003e+29_40.dat
        91       0.365077        3.75051       -219.512        20.3211        13.8352        16.1529       -1403.12     /gpfs/hpu/EHT2/KORAL/SANE/SANE_a+0.5_300x192x192_KORAL/m_1_1_40/image_a+0.5_991_163_0_230.e9_6.2e9_1.08003e+29_40.dat
        92       0.465974        3.70094       -249.726        13.3541        17.8621         15.645       -1376.99     /gpfs/hpu/EHT2/KORAL/SANE/SANE_a+0.5_300x192x192_KORAL/m_1_1_40/image_a+0.5_992_163_0_230.e9_6.2e9_1.08003e+29_40.dat
        93       0.975255        3.85353       -183.293        38.1758        35.7061        35.9172       -2875.16     /gpfs/hpu/EHT2/KORAL/SANE/SANE_a+0.5_300x192x192_KORAL/m_1_1_40/image_a+0.5_993_163_0_230.e9_6.2e9_1.08003e+29_40.dat
        94       0.814579        3.93309       -252.792        23.6093        31.3289        27.5159       -2239.56     /gpfs/hpu/EHT2/KORAL/SANE/SANE_a+0.5_300x192x192_KORAL/m_1_1_40/image_a+0.5_994_163_0_230.e9_6.2e9_1.08003e+29_40.dat
        95       0.332838        3.72787       -147.534        18.5727         26.444        22.6774       -1833.52     /gpfs/hpu/EHT2/KORAL/SANE/SANE_a+0.5_300x192x192_KORAL/m_1_1_40/image_a+0.5_995_163_0_230.e9_6.2e9_1.08003e+29_40.dat
        96       0.427539         4.1305       -241.833        5.41081        20.2479         13.801       -1221.22     /gpfs/hpu/EHT2/KORAL/SANE/SANE_a+0.5_300x192x192_KORAL/m_1_1_40/image_a+0.5_996_163_0_230.e9_6.2e9_1.08003e+29_40.dat
        97       0.373539        3.87733       -215.749        27.4289        16.7478        20.6979       -1685.73     /gpfs/hpu/EHT2/KORAL/SANE/SANE_a+0.5_300x192x192_KORAL/m_1_1_40/image_a+0.5_997_163_0_230.e9_6.2e9_1.08003e+29_40.dat
        98       0.401789        3.92181       -251.878        25.5031        24.1637        24.1723       -1939.91     /gpfs/hpu/EHT2/KORAL/SANE/SANE_a+0.5_300x192x192_KORAL/m_1_1_40/image_a+0.5_998_163_0_230.e9_6.2e9_1.08003e+29_40.dat
        99       0.356901        4.01638       -241.738        13.4606        10.4937        11.4621       -1048.84     /gpfs/hpu/EHT2/KORAL/SANE/SANE_a+0.5_300x192x192_KORAL/m_1_1_40/image_a+0.5_999_163_0_230.e9_6.2e9_1.08003e+29_40.dat
