   # Index         I (Jy)      M/D (uas)       PA (deg)  VA red. chisq  CP red. chisq     red. chisq     log-liklhd     FileName
         0       0.439825        3.75366        -242.78        6.55848        11.5973         9.0034       -595.111     /gpfs/hpu/EHT2/IHARM_inc+5/MAD_a0_384x192x192_IHARM/m_1_1_10/image_a0_0000_158_0_230.e9_6.2e9_1.21744e+25_10.dat
         1       0.546833        3.67166       -204.994        25.9766        99.7819        64.0012       -3230.53     /gpfs/hpu/EHT2/IHARM_inc+5/MAD_a0_384x192x192_IHARM/m_1_1_10/image_a0_0001_158_0_230.e9_6.2e9_1.21744e+25_10.dat
         2       0.585456        3.63853       -182.041        6.63241        7.71312        6.99176       -495.309     /gpfs/hpu/EHT2/IHARM_inc+5/MAD_a0_384x192x192_IHARM/m_1_1_10/image_a0_0002_158_0_230.e9_6.2e9_1.21744e+25_10.dat
         3       0.642764        2.16175       -195.813        79.8877        71.5059        72.9534       -3659.23     /gpfs/hpu/EHT2/IHARM_inc+5/MAD_a0_384x192x192_IHARM/m_1_1_10/image_a0_0003_158_0_230.e9_6.2e9_1.21744e+25_10.dat
         4       0.489698        3.58829        -166.77        9.01834        13.7213        11.2088       -650.274     /gpfs/hpu/EHT2/IHARM_inc+5/MAD_a0_384x192x192_IHARM/m_1_1_10/image_a0_0004_158_0_230.e9_6.2e9_1.21744e+25_10.dat
         5       0.423347        3.40629       -169.841        5.19289        23.1346        14.4719       -897.068     /gpfs/hpu/EHT2/IHARM_inc+5/MAD_a0_384x192x192_IHARM/m_1_1_10/image_a0_0005_158_0_230.e9_6.2e9_1.21744e+25_10.dat
         6       0.462238        3.18784        79.0079        4.13705        9.45647         6.8061       -456.895     /gpfs/hpu/EHT2/IHARM_inc+5/MAD_a0_384x192x192_IHARM/m_1_1_10/image_a0_0006_158_0_230.e9_6.2e9_1.21744e+25_10.dat
         7       0.478548        3.22184       -105.337        14.2594        19.2118        16.4157       -909.419     /gpfs/hpu/EHT2/IHARM_inc+5/MAD_a0_384x192x192_IHARM/m_1_1_10/image_a0_0007_158_0_230.e9_6.2e9_1.21744e+25_10.dat
         8       0.586832        3.28475       -220.266        16.2668        21.4012        18.4554       -995.358     /gpfs/hpu/EHT2/IHARM_inc+5/MAD_a0_384x192x192_IHARM/m_1_1_10/image_a0_0008_158_0_230.e9_6.2e9_1.21744e+25_10.dat
         9        0.87268        3.31509       -263.408        28.4291         20.229        23.2155       -1261.21     /gpfs/hpu/EHT2/IHARM_inc+5/MAD_a0_384x192x192_IHARM/m_1_1_10/image_a0_0009_158_0_230.e9_6.2e9_1.21744e+25_10.dat
        10       0.602811        3.19191       -38.2264        3.30869        16.2902        10.0366       -630.238     /gpfs/hpu/EHT2/IHARM_inc+5/MAD_a0_384x192x192_IHARM/m_1_1_10/image_a0_0010_158_0_230.e9_6.2e9_1.21744e+25_10.dat
        11       0.650572        3.94288       -183.375         5.2833        21.7384         13.777        -780.43     /gpfs/hpu/EHT2/IHARM_inc+5/MAD_a0_384x192x192_IHARM/m_1_1_10/image_a0_0011_158_0_230.e9_6.2e9_1.21744e+25_10.dat
        12       0.553161         3.5845       -231.077        9.08607        6.20418        7.28236       -567.452     /gpfs/hpu/EHT2/IHARM_inc+5/MAD_a0_384x192x192_IHARM/m_1_1_10/image_a0_0012_158_0_230.e9_6.2e9_1.21744e+25_10.dat
        13       0.842379        3.83117       -286.239         39.115        47.9377        42.5234       -2458.64     /gpfs/hpu/EHT2/IHARM_inc+5/MAD_a0_384x192x192_IHARM/m_1_1_10/image_a0_0013_158_0_230.e9_6.2e9_1.21744e+25_10.dat
        14       0.578042        3.86932       -259.921        14.8958         13.948        13.9266       -794.972     /gpfs/hpu/EHT2/IHARM_inc+5/MAD_a0_384x192x192_IHARM/m_1_1_10/image_a0_0014_158_0_230.e9_6.2e9_1.21744e+25_10.dat
        15       0.869334        3.88058       -325.884        9.60441        46.3253        28.6279       -1543.71     /gpfs/hpu/EHT2/IHARM_inc+5/MAD_a0_384x192x192_IHARM/m_1_1_10/image_a0_0015_158_0_230.e9_6.2e9_1.21744e+25_10.dat
        16       0.937142        3.70625       -301.604         6.8934        21.0851         14.145       -818.932     /gpfs/hpu/EHT2/IHARM_inc+5/MAD_a0_384x192x192_IHARM/m_1_1_10/image_a0_0016_158_0_230.e9_6.2e9_1.21744e+25_10.dat
        17       0.674559        3.21499       -312.552         10.294          35.98        23.4879        -1244.4     /gpfs/hpu/EHT2/IHARM_inc+5/MAD_a0_384x192x192_IHARM/m_1_1_10/image_a0_0017_158_0_230.e9_6.2e9_1.21744e+25_10.dat
        18         1.0165        3.60827       -226.678        19.5307        32.5163        25.7485       -1366.14     /gpfs/hpu/EHT2/IHARM_inc+5/MAD_a0_384x192x192_IHARM/m_1_1_10/image_a0_0018_158_0_230.e9_6.2e9_1.21744e+25_10.dat
        19        1.95336        4.23601       -248.242        7.94865        42.8843        26.0848       -1434.94     /gpfs/hpu/EHT2/IHARM_inc+5/MAD_a0_384x192x192_IHARM/m_1_1_10/image_a0_0019_158_0_230.e9_6.2e9_1.21744e+25_10.dat
        20       0.947682        4.23028       -139.796        29.9101        54.9759        42.1581       -2170.15     /gpfs/hpu/EHT2/IHARM_inc+5/MAD_a0_384x192x192_IHARM/m_1_1_10/image_a0_0020_158_0_230.e9_6.2e9_1.21744e+25_10.dat
        21       0.767525        4.19308       -223.952         5.6199        8.98706        7.21462       -487.032     /gpfs/hpu/EHT2/IHARM_inc+5/MAD_a0_384x192x192_IHARM/m_1_1_10/image_a0_0021_158_0_230.e9_6.2e9_1.21744e+25_10.dat
        22       0.570573        3.28768       -178.168        15.8935         14.348        14.5782         -851.1     /gpfs/hpu/EHT2/IHARM_inc+5/MAD_a0_384x192x192_IHARM/m_1_1_10/image_a0_0022_158_0_230.e9_6.2e9_1.21744e+25_10.dat
        23       0.554642         3.7115       -189.573        12.4381        10.0613        10.7944       -652.579     /gpfs/hpu/EHT2/IHARM_inc+5/MAD_a0_384x192x192_IHARM/m_1_1_10/image_a0_0023_158_0_230.e9_6.2e9_1.21744e+25_10.dat
        24       0.564847        3.77307       -197.741        7.65913        9.95993        8.62821       -543.505     /gpfs/hpu/EHT2/IHARM_inc+5/MAD_a0_384x192x192_IHARM/m_1_1_10/image_a0_0024_158_0_230.e9_6.2e9_1.21744e+25_10.dat
        25       0.525613        3.42568       -202.208        3.26319        9.20464        6.28722       -427.993     /gpfs/hpu/EHT2/IHARM_inc+5/MAD_a0_384x192x192_IHARM/m_1_1_10/image_a0_0025_158_0_230.e9_6.2e9_1.21744e+25_10.dat
        26       0.755472        4.02194       -177.928        39.7974        25.3881        30.9568       -1617.35     /gpfs/hpu/EHT2/IHARM_inc+5/MAD_a0_384x192x192_IHARM/m_1_1_10/image_a0_0026_158_0_230.e9_6.2e9_1.21744e+25_10.dat
        27        1.00351         3.8406       -186.295        46.5864        60.3033        52.3347       -2651.79     /gpfs/hpu/EHT2/IHARM_inc+5/MAD_a0_384x192x192_IHARM/m_1_1_10/image_a0_0027_158_0_230.e9_6.2e9_1.21744e+25_10.dat
        28        1.15133         4.1511         -325.5        33.3388        49.7185        40.9069       -2100.62     /gpfs/hpu/EHT2/IHARM_inc+5/MAD_a0_384x192x192_IHARM/m_1_1_10/image_a0_0028_158_0_230.e9_6.2e9_1.21744e+25_10.dat
        29       0.580633        3.43193        -337.86        38.5042        34.2039         35.025       -1816.02     /gpfs/hpu/EHT2/IHARM_inc+5/MAD_a0_384x192x192_IHARM/m_1_1_10/image_a0_0029_158_0_230.e9_6.2e9_1.21744e+25_10.dat
        30       0.776371        3.72778       -273.964        30.9834        28.3355        28.6113       -1572.63     /gpfs/hpu/EHT2/IHARM_inc+5/MAD_a0_384x192x192_IHARM/m_1_1_10/image_a0_0030_158_0_230.e9_6.2e9_1.21744e+25_10.dat
        31       0.521129        3.72483       -277.693         7.1875        25.6147         16.659       -911.159     /gpfs/hpu/EHT2/IHARM_inc+5/MAD_a0_384x192x192_IHARM/m_1_1_10/image_a0_0031_158_0_230.e9_6.2e9_1.21744e+25_10.dat
        32       0.758876        3.53098       -196.558        1.37078        11.0553        6.42458       -458.287     /gpfs/hpu/EHT2/IHARM_inc+5/MAD_a0_384x192x192_IHARM/m_1_1_10/image_a0_0032_158_0_230.e9_6.2e9_1.21744e+25_10.dat
        33       0.688414        3.42719       -240.849        4.25691        12.4082        8.41264       -570.382     /gpfs/hpu/EHT2/IHARM_inc+5/MAD_a0_384x192x192_IHARM/m_1_1_10/image_a0_0033_158_0_230.e9_6.2e9_1.21744e+25_10.dat
        34       0.542995        3.38215       -142.313        6.60973        17.0237         11.882       -751.759     /gpfs/hpu/EHT2/IHARM_inc+5/MAD_a0_384x192x192_IHARM/m_1_1_10/image_a0_0034_158_0_230.e9_6.2e9_1.21744e+25_10.dat
        35       0.547173        3.85617       -141.031         3.7611        7.34875        5.53056       -380.069     /gpfs/hpu/EHT2/IHARM_inc+5/MAD_a0_384x192x192_IHARM/m_1_1_10/image_a0_0035_158_0_230.e9_6.2e9_1.21744e+25_10.dat
        36       0.596467        3.86981       -160.139        9.55928         22.353         15.991       -916.308     /gpfs/hpu/EHT2/IHARM_inc+5/MAD_a0_384x192x192_IHARM/m_1_1_10/image_a0_0036_158_0_230.e9_6.2e9_1.21744e+25_10.dat
        37       0.895263        4.07273        -134.62        10.3234        8.79428        9.19262       -694.768     /gpfs/hpu/EHT2/IHARM_inc+5/MAD_a0_384x192x192_IHARM/m_1_1_10/image_a0_0037_158_0_230.e9_6.2e9_1.21744e+25_10.dat
        38       0.551509        3.20326       -61.8322        6.53871        10.8323        8.59201       -637.381     /gpfs/hpu/EHT2/IHARM_inc+5/MAD_a0_384x192x192_IHARM/m_1_1_10/image_a0_0038_158_0_230.e9_6.2e9_1.21744e+25_10.dat
        39       0.658948        3.93301       -222.673        9.01872        14.7352        11.7426       -698.736     /gpfs/hpu/EHT2/IHARM_inc+5/MAD_a0_384x192x192_IHARM/m_1_1_10/image_a0_0039_158_0_230.e9_6.2e9_1.21744e+25_10.dat
        40       0.535877        3.59247       -122.541        8.08179        24.6688        16.5566       -938.092     /gpfs/hpu/EHT2/IHARM_inc+5/MAD_a0_384x192x192_IHARM/m_1_1_10/image_a0_0040_158_0_230.e9_6.2e9_1.21744e+25_10.dat
        41        0.70021         3.6326       -159.157         14.929        21.3329        17.8281       -1032.43     /gpfs/hpu/EHT2/IHARM_inc+5/MAD_a0_384x192x192_IHARM/m_1_1_10/image_a0_0041_158_0_230.e9_6.2e9_1.21744e+25_10.dat
        42       0.631764        3.30857       -124.866        19.8603        29.8396        24.4854       -1355.62     /gpfs/hpu/EHT2/IHARM_inc+5/MAD_a0_384x192x192_IHARM/m_1_1_10/image_a0_0042_158_0_230.e9_6.2e9_1.21744e+25_10.dat
        43       0.509786        3.65874        189.774        4.64404        14.2655        9.56132       -604.492     /gpfs/hpu/EHT2/IHARM_inc+5/MAD_a0_384x192x192_IHARM/m_1_1_10/image_a0_0043_158_0_230.e9_6.2e9_1.21744e+25_10.dat
        44       0.558976        3.87879         181.15        14.8063        20.1024        17.1261         -945.4     /gpfs/hpu/EHT2/IHARM_inc+5/MAD_a0_384x192x192_IHARM/m_1_1_10/image_a0_0044_158_0_230.e9_6.2e9_1.21744e+25_10.dat
        45       0.431828        3.92242        94.4186        10.1442        20.6854        15.3718       -853.943     /gpfs/hpu/EHT2/IHARM_inc+5/MAD_a0_384x192x192_IHARM/m_1_1_10/image_a0_0045_158_0_230.e9_6.2e9_1.21744e+25_10.dat
        46         0.6195        4.27932        81.7237        9.93764        19.1277        14.4607       -810.201     /gpfs/hpu/EHT2/IHARM_inc+5/MAD_a0_384x192x192_IHARM/m_1_1_10/image_a0_0046_158_0_230.e9_6.2e9_1.21744e+25_10.dat
        47       0.630106        4.28439        72.6718        2.52503        21.2807        12.3167       -705.606     /gpfs/hpu/EHT2/IHARM_inc+5/MAD_a0_384x192x192_IHARM/m_1_1_10/image_a0_0047_158_0_230.e9_6.2e9_1.21744e+25_10.dat
        48       0.402299        3.65917        89.2063        25.4378         28.396        26.1914       -1372.64     /gpfs/hpu/EHT2/IHARM_inc+5/MAD_a0_384x192x192_IHARM/m_1_1_10/image_a0_0048_158_0_230.e9_6.2e9_1.21744e+25_10.dat
        49         0.4213        3.48433        145.516        11.9466        12.8559        12.0479        -696.88     /gpfs/hpu/EHT2/IHARM_inc+5/MAD_a0_384x192x192_IHARM/m_1_1_10/image_a0_0049_158_0_230.e9_6.2e9_1.21744e+25_10.dat
        50       0.443844        3.77295        189.682        4.37758        11.9976        8.24987       -533.999     /gpfs/hpu/EHT2/IHARM_inc+5/MAD_a0_384x192x192_IHARM/m_1_1_10/image_a0_0050_158_0_230.e9_6.2e9_1.21744e+25_10.dat
        51       0.519175        3.78453        175.803        8.02012        17.5625        12.7892       -747.825     /gpfs/hpu/EHT2/IHARM_inc+5/MAD_a0_384x192x192_IHARM/m_1_1_10/image_a0_0051_158_0_230.e9_6.2e9_1.21744e+25_10.dat
        52       0.350549        3.37317        141.086        4.63628        11.7667        8.24272       -529.249     /gpfs/hpu/EHT2/IHARM_inc+5/MAD_a0_384x192x192_IHARM/m_1_1_10/image_a0_0052_158_0_230.e9_6.2e9_1.21744e+25_10.dat
        53       0.464113        3.76423        136.342        7.68421        12.5195        9.98645       -616.067     /gpfs/hpu/EHT2/IHARM_inc+5/MAD_a0_384x192x192_IHARM/m_1_1_10/image_a0_0053_158_0_230.e9_6.2e9_1.21744e+25_10.dat
        54       0.502444        3.78612        171.435        9.83334        10.2849        9.76047       -632.546     /gpfs/hpu/EHT2/IHARM_inc+5/MAD_a0_384x192x192_IHARM/m_1_1_10/image_a0_0054_158_0_230.e9_6.2e9_1.21744e+25_10.dat
        55       0.586537        3.52531        105.489        3.93353        21.9228        13.2773       -782.667     /gpfs/hpu/EHT2/IHARM_inc+5/MAD_a0_384x192x192_IHARM/m_1_1_10/image_a0_0055_158_0_230.e9_6.2e9_1.21744e+25_10.dat
        56       0.449812        3.59024       -116.193        34.6963        26.9499        29.5236       -1543.16     /gpfs/hpu/EHT2/IHARM_inc+5/MAD_a0_384x192x192_IHARM/m_1_1_10/image_a0_0056_158_0_230.e9_6.2e9_1.21744e+25_10.dat
        57       0.404598        3.51383         93.421        2.17811        8.28051        5.32112       -436.947     /gpfs/hpu/EHT2/IHARM_inc+5/MAD_a0_384x192x192_IHARM/m_1_1_10/image_a0_0057_158_0_230.e9_6.2e9_1.21744e+25_10.dat
        58       0.556234        3.68042        86.4437        3.20464        9.36943        6.34807       -455.656     /gpfs/hpu/EHT2/IHARM_inc+5/MAD_a0_384x192x192_IHARM/m_1_1_10/image_a0_0058_158_0_230.e9_6.2e9_1.21744e+25_10.dat
        59       0.472179        3.26251        147.444        9.38471        23.9318        16.7447       -925.989     /gpfs/hpu/EHT2/IHARM_inc+5/MAD_a0_384x192x192_IHARM/m_1_1_10/image_a0_0059_158_0_230.e9_6.2e9_1.21744e+25_10.dat
        60       0.677553        4.10931        186.002        7.66286        13.8795        10.6928       -645.265     /gpfs/hpu/EHT2/IHARM_inc+5/MAD_a0_384x192x192_IHARM/m_1_1_10/image_a0_0060_158_0_230.e9_6.2e9_1.21744e+25_10.dat
        61        0.44064        3.33899        167.312        7.17078        10.8684        8.89046       -564.966     /gpfs/hpu/EHT2/IHARM_inc+5/MAD_a0_384x192x192_IHARM/m_1_1_10/image_a0_0061_158_0_230.e9_6.2e9_1.21744e+25_10.dat
        62       0.544495        4.15973        198.871        9.77528        11.1204        10.1746       -616.366     /gpfs/hpu/EHT2/IHARM_inc+5/MAD_a0_384x192x192_IHARM/m_1_1_10/image_a0_0062_158_0_230.e9_6.2e9_1.21744e+25_10.dat
        63       0.496196        3.43687        283.758        3.14437        7.03068         5.0905       -395.209     /gpfs/hpu/EHT2/IHARM_inc+5/MAD_a0_384x192x192_IHARM/m_1_1_10/image_a0_0063_158_0_230.e9_6.2e9_1.21744e+25_10.dat
        64       0.664262        3.88919        255.377        18.1447        13.0216        14.8754       -1260.69     /gpfs/hpu/EHT2/IHARM_inc+5/MAD_a0_384x192x192_IHARM/m_1_1_10/image_a0_0064_158_0_230.e9_6.2e9_1.21744e+25_10.dat
        65       0.528288        3.96326        168.791        3.02229        13.3751        8.37571       -512.121     /gpfs/hpu/EHT2/IHARM_inc+5/MAD_a0_384x192x192_IHARM/m_1_1_10/image_a0_0065_158_0_230.e9_6.2e9_1.21744e+25_10.dat
        66       0.480928        3.57672        244.651        5.74778        15.3132        10.6007       -680.461     /gpfs/hpu/EHT2/IHARM_inc+5/MAD_a0_384x192x192_IHARM/m_1_1_10/image_a0_0066_158_0_230.e9_6.2e9_1.21744e+25_10.dat
        67       0.452252        3.46884        200.006        4.33945        10.5566         7.4746       -497.527     /gpfs/hpu/EHT2/IHARM_inc+5/MAD_a0_384x192x192_IHARM/m_1_1_10/image_a0_0067_158_0_230.e9_6.2e9_1.21744e+25_10.dat
        68       0.632948        3.74784        175.685        12.5125        14.1364        12.9721       -800.323     /gpfs/hpu/EHT2/IHARM_inc+5/MAD_a0_384x192x192_IHARM/m_1_1_10/image_a0_0068_158_0_230.e9_6.2e9_1.21744e+25_10.dat
        69       0.495578        3.31678        114.155        7.76819        13.0493        10.3024       -624.786     /gpfs/hpu/EHT2/IHARM_inc+5/MAD_a0_384x192x192_IHARM/m_1_1_10/image_a0_0069_158_0_230.e9_6.2e9_1.21744e+25_10.dat
        70       0.492254        3.85152        186.102        4.94313        9.96096          7.428        -491.26     /gpfs/hpu/EHT2/IHARM_inc+5/MAD_a0_384x192x192_IHARM/m_1_1_10/image_a0_0070_158_0_230.e9_6.2e9_1.21744e+25_10.dat
        71       0.494886        3.77628        183.382        2.91392        9.79402        6.44301       -459.155     /gpfs/hpu/EHT2/IHARM_inc+5/MAD_a0_384x192x192_IHARM/m_1_1_10/image_a0_0071_158_0_230.e9_6.2e9_1.21744e+25_10.dat
        72        0.51263        3.95362        184.784        3.45155        12.0972        7.89292       -511.343     /gpfs/hpu/EHT2/IHARM_inc+5/MAD_a0_384x192x192_IHARM/m_1_1_10/image_a0_0072_158_0_230.e9_6.2e9_1.21744e+25_10.dat
        73       0.704245        3.77524         129.05        8.66846        17.3582        12.9683       -963.835     /gpfs/hpu/EHT2/IHARM_inc+5/MAD_a0_384x192x192_IHARM/m_1_1_10/image_a0_0073_158_0_230.e9_6.2e9_1.21744e+25_10.dat
        74       0.418124        3.63267        164.453        5.81077        17.5802        11.8217       -697.344     /gpfs/hpu/EHT2/IHARM_inc+5/MAD_a0_384x192x192_IHARM/m_1_1_10/image_a0_0074_158_0_230.e9_6.2e9_1.21744e+25_10.dat
        75       0.604301        3.88371        71.0429        5.95977         31.137        19.0227       -1038.63     /gpfs/hpu/EHT2/IHARM_inc+5/MAD_a0_384x192x192_IHARM/m_1_1_10/image_a0_0075_158_0_230.e9_6.2e9_1.21744e+25_10.dat
        76       0.572955        4.05117        186.106         9.8966        13.4399        11.4489       -692.821     /gpfs/hpu/EHT2/IHARM_inc+5/MAD_a0_384x192x192_IHARM/m_1_1_10/image_a0_0076_158_0_230.e9_6.2e9_1.21744e+25_10.dat
        77       0.432691        3.75505        168.965        2.95519        10.1358        6.64114       -445.082     /gpfs/hpu/EHT2/IHARM_inc+5/MAD_a0_384x192x192_IHARM/m_1_1_10/image_a0_0077_158_0_230.e9_6.2e9_1.21744e+25_10.dat
        78       0.504334        4.06843        120.102        3.53528        8.96516        6.28147       -414.744     /gpfs/hpu/EHT2/IHARM_inc+5/MAD_a0_384x192x192_IHARM/m_1_1_10/image_a0_0078_158_0_230.e9_6.2e9_1.21744e+25_10.dat
        79       0.522116        4.18178        93.6554        10.5572        12.9475        11.4819       -663.255     /gpfs/hpu/EHT2/IHARM_inc+5/MAD_a0_384x192x192_IHARM/m_1_1_10/image_a0_0079_158_0_230.e9_6.2e9_1.21744e+25_10.dat
        80       0.461083        3.53739        166.129        5.90979        29.0504        17.9024       -1027.46     /gpfs/hpu/EHT2/IHARM_inc+5/MAD_a0_384x192x192_IHARM/m_1_1_10/image_a0_0080_158_0_230.e9_6.2e9_1.21744e+25_10.dat
        81       0.640789        4.03374        160.328         7.7332          10.75        9.07677       -571.538     /gpfs/hpu/EHT2/IHARM_inc+5/MAD_a0_384x192x192_IHARM/m_1_1_10/image_a0_0081_158_0_230.e9_6.2e9_1.21744e+25_10.dat
        82       0.437255        4.03565        72.1463        4.78048        11.7953        8.32152       -521.889     /gpfs/hpu/EHT2/IHARM_inc+5/MAD_a0_384x192x192_IHARM/m_1_1_10/image_a0_0082_158_0_230.e9_6.2e9_1.21744e+25_10.dat
        83       0.487217        4.04344        45.4213        4.63997        26.3881        15.9398       -878.034     /gpfs/hpu/EHT2/IHARM_inc+5/MAD_a0_384x192x192_IHARM/m_1_1_10/image_a0_0083_158_0_230.e9_6.2e9_1.21744e+25_10.dat
        84       0.491816        3.97128        186.251        8.22674        10.3376        9.07795       -566.963     /gpfs/hpu/EHT2/IHARM_inc+5/MAD_a0_384x192x192_IHARM/m_1_1_10/image_a0_0084_158_0_230.e9_6.2e9_1.21744e+25_10.dat
        85       0.531585         3.4017        80.2342        2.33196        10.5948        6.60716        -458.37     /gpfs/hpu/EHT2/IHARM_inc+5/MAD_a0_384x192x192_IHARM/m_1_1_10/image_a0_0085_158_0_230.e9_6.2e9_1.21744e+25_10.dat
        86       0.465197        3.39716        47.8835        3.15122        12.3728        7.90518       -574.737     /gpfs/hpu/EHT2/IHARM_inc+5/MAD_a0_384x192x192_IHARM/m_1_1_10/image_a0_0086_158_0_230.e9_6.2e9_1.21744e+25_10.dat
        87       0.862176        4.16186        100.362        28.8607        17.6456        22.0466       -1204.71     /gpfs/hpu/EHT2/IHARM_inc+5/MAD_a0_384x192x192_IHARM/m_1_1_10/image_a0_0087_158_0_230.e9_6.2e9_1.21744e+25_10.dat
        88        1.03758        4.21067        62.1943        37.8213        22.5954        28.6133       -1521.68     /gpfs/hpu/EHT2/IHARM_inc+5/MAD_a0_384x192x192_IHARM/m_1_1_10/image_a0_0088_158_0_230.e9_6.2e9_1.21744e+25_10.dat
        89       0.662704        3.10061        135.054        15.9899        15.7165        15.3411        -944.23     /gpfs/hpu/EHT2/IHARM_inc+5/MAD_a0_384x192x192_IHARM/m_1_1_10/image_a0_0089_158_0_230.e9_6.2e9_1.21744e+25_10.dat
        90       0.535779        3.68024       -3.67077        5.34397        16.2176        10.8982       -699.146     /gpfs/hpu/EHT2/IHARM_inc+5/MAD_a0_384x192x192_IHARM/m_1_1_10/image_a0_0090_158_0_230.e9_6.2e9_1.21744e+25_10.dat
        91       0.577152        3.77354       -3.25211        5.04643        17.3975        11.3876       -696.362     /gpfs/hpu/EHT2/IHARM_inc+5/MAD_a0_384x192x192_IHARM/m_1_1_10/image_a0_0091_158_0_230.e9_6.2e9_1.21744e+25_10.dat
        92       0.817481        3.69998        207.327        10.2426        26.3831        18.4142       -1067.27     /gpfs/hpu/EHT2/IHARM_inc+5/MAD_a0_384x192x192_IHARM/m_1_1_10/image_a0_0092_158_0_230.e9_6.2e9_1.21744e+25_10.dat
        93       0.660586         4.1056        44.1829        15.5881        42.5856         29.305       -1533.73     /gpfs/hpu/EHT2/IHARM_inc+5/MAD_a0_384x192x192_IHARM/m_1_1_10/image_a0_0093_158_0_230.e9_6.2e9_1.21744e+25_10.dat
        94       0.957731        3.39644         125.21        11.6485        16.5177        13.8434       -1046.22     /gpfs/hpu/EHT2/IHARM_inc+5/MAD_a0_384x192x192_IHARM/m_1_1_10/image_a0_0094_158_0_230.e9_6.2e9_1.21744e+25_10.dat
        95       0.624692        3.67965        151.807        5.84303        11.4783        8.62446       -560.967     /gpfs/hpu/EHT2/IHARM_inc+5/MAD_a0_384x192x192_IHARM/m_1_1_10/image_a0_0095_158_0_230.e9_6.2e9_1.21744e+25_10.dat
        96       0.673482        3.86876        151.627        10.0903        11.6235        10.5786       -675.749     /gpfs/hpu/EHT2/IHARM_inc+5/MAD_a0_384x192x192_IHARM/m_1_1_10/image_a0_0096_158_0_230.e9_6.2e9_1.21744e+25_10.dat
        97       0.722204        3.74497         183.59        14.3456        9.10112        11.1323       -679.246     /gpfs/hpu/EHT2/IHARM_inc+5/MAD_a0_384x192x192_IHARM/m_1_1_10/image_a0_0097_158_0_230.e9_6.2e9_1.21744e+25_10.dat
        98       0.414067        3.46743        265.522        5.41429          15.39        10.4937       -649.976     /gpfs/hpu/EHT2/IHARM_inc+5/MAD_a0_384x192x192_IHARM/m_1_1_10/image_a0_0098_158_0_230.e9_6.2e9_1.21744e+25_10.dat
        99       0.436171        3.87945        198.665        7.04187        9.55483        8.14211       -502.736     /gpfs/hpu/EHT2/IHARM_inc+5/MAD_a0_384x192x192_IHARM/m_1_1_10/image_a0_0099_158_0_230.e9_6.2e9_1.21744e+25_10.dat
