   # Index         I (Jy)      M/D (uas)       PA (deg)  VA red. chisq  CP red. chisq     red. chisq     log-liklhd     FileName
         0       0.505819        3.10529        74.3691        11.0116        19.4787        15.6248       -1403.21     /gpfs/hpu/EHT2/IHARM_inc-5/SANE_a-0.5_288x128x128_IHARM/m_1_1_40/image_a-0.5_1000_12_0_230.e9_6.2e9_1.2223e+29_40.dat
         1       0.789291        3.09508        86.4493        8.72828        48.0858        31.1084       -2546.43     /gpfs/hpu/EHT2/IHARM_inc-5/SANE_a-0.5_288x128x128_IHARM/m_1_1_40/image_a-0.5_1006_12_0_230.e9_6.2e9_1.2223e+29_40.dat
         2       0.625568         3.0682       -20.3932        18.3516        67.3939         46.074       -3503.86     /gpfs/hpu/EHT2/IHARM_inc-5/SANE_a-0.5_288x128x128_IHARM/m_1_1_40/image_a-0.5_1012_12_0_230.e9_6.2e9_1.2223e+29_40.dat
         3        0.50115        2.92064        29.2805        18.6696        39.4525        30.1774       -2364.72     /gpfs/hpu/EHT2/IHARM_inc-5/SANE_a-0.5_288x128x128_IHARM/m_1_1_40/image_a-0.5_1018_12_0_230.e9_6.2e9_1.2223e+29_40.dat
         4       0.492684        3.06735         23.869         20.145        21.7403        20.6156        -1717.5     /gpfs/hpu/EHT2/IHARM_inc-5/SANE_a-0.5_288x128x128_IHARM/m_1_1_40/image_a-0.5_1024_12_0_230.e9_6.2e9_1.2223e+29_40.dat
         5       0.716961        3.17769        37.8974        23.4451        29.0187        26.1245       -2112.76     /gpfs/hpu/EHT2/IHARM_inc-5/SANE_a-0.5_288x128x128_IHARM/m_1_1_40/image_a-0.5_1030_12_0_230.e9_6.2e9_1.2223e+29_40.dat
         6        1.38092        5.22881        32.0114        132.413        95.9743        108.593       -8250.83     /gpfs/hpu/EHT2/IHARM_inc-5/SANE_a-0.5_288x128x128_IHARM/m_1_1_40/image_a-0.5_1036_12_0_230.e9_6.2e9_1.2223e+29_40.dat
         7       0.962127        2.97552        160.665        14.6624        58.6741         39.581       -3128.32     /gpfs/hpu/EHT2/IHARM_inc-5/SANE_a-0.5_288x128x128_IHARM/m_1_1_40/image_a-0.5_1042_12_0_230.e9_6.2e9_1.2223e+29_40.dat
         8       0.570981        3.04835        74.1229        27.3282        46.7229        37.8488       -2970.63     /gpfs/hpu/EHT2/IHARM_inc-5/SANE_a-0.5_288x128x128_IHARM/m_1_1_40/image_a-0.5_1048_12_0_230.e9_6.2e9_1.2223e+29_40.dat
         9       0.456112        2.99595        177.372        16.5159         38.007        28.4774       -2261.33     /gpfs/hpu/EHT2/IHARM_inc-5/SANE_a-0.5_288x128x128_IHARM/m_1_1_40/image_a-0.5_1054_12_0_230.e9_6.2e9_1.2223e+29_40.dat
        10       0.500033        2.86583        120.633        24.7142        52.3192        40.0013       -3087.21     /gpfs/hpu/EHT2/IHARM_inc-5/SANE_a-0.5_288x128x128_IHARM/m_1_1_40/image_a-0.5_1060_12_0_230.e9_6.2e9_1.2223e+29_40.dat
        11        1.01043        2.97296        246.913        15.3696        57.2276        39.0373       -3076.86     /gpfs/hpu/EHT2/IHARM_inc-5/SANE_a-0.5_288x128x128_IHARM/m_1_1_40/image_a-0.5_1066_12_0_230.e9_6.2e9_1.2223e+29_40.dat
        12       0.661233        2.89576        318.829        12.3029          53.54        35.6822       -2827.37     /gpfs/hpu/EHT2/IHARM_inc-5/SANE_a-0.5_288x128x128_IHARM/m_1_1_40/image_a-0.5_1072_12_0_230.e9_6.2e9_1.2223e+29_40.dat
        13       0.600286        2.93676        337.223        11.3026        53.2015        35.0835       -2747.42     /gpfs/hpu/EHT2/IHARM_inc-5/SANE_a-0.5_288x128x128_IHARM/m_1_1_40/image_a-0.5_1078_12_0_230.e9_6.2e9_1.2223e+29_40.dat
        14       0.618863        2.93964        359.991        30.7799        92.4094        65.4473       -4823.94     /gpfs/hpu/EHT2/IHARM_inc-5/SANE_a-0.5_288x128x128_IHARM/m_1_1_40/image_a-0.5_1084_12_0_230.e9_6.2e9_1.2223e+29_40.dat
        15       0.594496        3.13078        359.977        16.3283        61.3685           41.8       -3271.63     /gpfs/hpu/EHT2/IHARM_inc-5/SANE_a-0.5_288x128x128_IHARM/m_1_1_40/image_a-0.5_1090_12_0_230.e9_6.2e9_1.2223e+29_40.dat
        16       0.509468        3.01865        359.992        18.5782        60.2465        42.0664       -3185.46     /gpfs/hpu/EHT2/IHARM_inc-5/SANE_a-0.5_288x128x128_IHARM/m_1_1_40/image_a-0.5_1096_12_0_230.e9_6.2e9_1.2223e+29_40.dat
        17       0.817773        3.13623        359.414        31.5083         209.87        133.109       -10186.5     /gpfs/hpu/EHT2/IHARM_inc-5/SANE_a-0.5_288x128x128_IHARM/m_1_1_40/image_a-0.5_1102_12_0_230.e9_6.2e9_1.2223e+29_40.dat
        18        1.06085        3.48213        270.695        23.6953        436.511        259.934       -18939.4     /gpfs/hpu/EHT2/IHARM_inc-5/SANE_a-0.5_288x128x128_IHARM/m_1_1_40/image_a-0.5_1108_12_0_230.e9_6.2e9_1.2223e+29_40.dat
        19        1.66613        5.68584        143.155        150.458        96.2436        116.045       -8537.66     /gpfs/hpu/EHT2/IHARM_inc-5/SANE_a-0.5_288x128x128_IHARM/m_1_1_40/image_a-0.5_1114_12_0_230.e9_6.2e9_1.2223e+29_40.dat
        20        0.59881        3.20905        24.5054        16.8015        123.308        77.5154        -6949.5     /gpfs/hpu/EHT2/IHARM_inc-5/SANE_a-0.5_288x128x128_IHARM/m_1_1_40/image_a-0.5_1120_12_0_230.e9_6.2e9_1.2223e+29_40.dat
        21        0.45099        3.11311        60.3984        9.08895        24.3331        17.6314       -1521.98     /gpfs/hpu/EHT2/IHARM_inc-5/SANE_a-0.5_288x128x128_IHARM/m_1_1_40/image_a-0.5_1126_12_0_230.e9_6.2e9_1.2223e+29_40.dat
        22       0.417358        3.13783        24.2281         29.019        21.9452        24.3219       -1956.92     /gpfs/hpu/EHT2/IHARM_inc-5/SANE_a-0.5_288x128x128_IHARM/m_1_1_40/image_a-0.5_1132_12_0_230.e9_6.2e9_1.2223e+29_40.dat
        23        0.46668        3.13654        67.1084        15.4836         16.221         15.565       -1356.99     /gpfs/hpu/EHT2/IHARM_inc-5/SANE_a-0.5_288x128x128_IHARM/m_1_1_40/image_a-0.5_1138_12_0_230.e9_6.2e9_1.2223e+29_40.dat
        24       0.828611         3.2523        67.1928        27.5324        58.4676        44.6673       -3416.24     /gpfs/hpu/EHT2/IHARM_inc-5/SANE_a-0.5_288x128x128_IHARM/m_1_1_40/image_a-0.5_1144_12_0_230.e9_6.2e9_1.2223e+29_40.dat
        25       0.951623        3.15625        93.4405        15.9921         82.256        53.6436       -4144.63     /gpfs/hpu/EHT2/IHARM_inc-5/SANE_a-0.5_288x128x128_IHARM/m_1_1_40/image_a-0.5_1150_12_0_230.e9_6.2e9_1.2223e+29_40.dat
        26       0.503824        2.92474        141.553        19.4577        27.4397        23.6064       -1928.83     /gpfs/hpu/EHT2/IHARM_inc-5/SANE_a-0.5_288x128x128_IHARM/m_1_1_40/image_a-0.5_1156_12_0_230.e9_6.2e9_1.2223e+29_40.dat
        27       0.679492        2.89918        223.872        8.52085        35.9095        24.0411       -2021.55     /gpfs/hpu/EHT2/IHARM_inc-5/SANE_a-0.5_288x128x128_IHARM/m_1_1_40/image_a-0.5_1162_12_0_230.e9_6.2e9_1.2223e+29_40.dat
        28       0.755433        3.25634        148.118        14.6689        47.8471         33.374       -2798.66     /gpfs/hpu/EHT2/IHARM_inc-5/SANE_a-0.5_288x128x128_IHARM/m_1_1_40/image_a-0.5_1168_12_0_230.e9_6.2e9_1.2223e+29_40.dat
        29       0.822553        3.17418        162.428        15.2383        63.0077        42.2993       -3295.96     /gpfs/hpu/EHT2/IHARM_inc-5/SANE_a-0.5_288x128x128_IHARM/m_1_1_40/image_a-0.5_1174_12_0_230.e9_6.2e9_1.2223e+29_40.dat
        30       0.801632         3.2797        179.986        22.0654        99.9392        66.2416        -5414.3     /gpfs/hpu/EHT2/IHARM_inc-5/SANE_a-0.5_288x128x128_IHARM/m_1_1_40/image_a-0.5_1180_12_0_230.e9_6.2e9_1.2223e+29_40.dat
        31       0.902872        3.06885        51.5955        22.9698        136.812        87.7547       -7276.95     /gpfs/hpu/EHT2/IHARM_inc-5/SANE_a-0.5_288x128x128_IHARM/m_1_1_40/image_a-0.5_1186_12_0_230.e9_6.2e9_1.2223e+29_40.dat
        32       0.881754        3.15081       -15.6991         18.919        63.0112        43.7898       -3495.41     /gpfs/hpu/EHT2/IHARM_inc-5/SANE_a-0.5_288x128x128_IHARM/m_1_1_40/image_a-0.5_1192_12_0_230.e9_6.2e9_1.2223e+29_40.dat
        33       0.803942        3.13143       -4.45227        13.2949        47.3642        32.5414       -2618.13     /gpfs/hpu/EHT2/IHARM_inc-5/SANE_a-0.5_288x128x128_IHARM/m_1_1_40/image_a-0.5_1198_12_0_230.e9_6.2e9_1.2223e+29_40.dat
        34       0.556219        2.84781       -22.5329        28.4756        89.1232        62.6307       -4610.62     /gpfs/hpu/EHT2/IHARM_inc-5/SANE_a-0.5_288x128x128_IHARM/m_1_1_40/image_a-0.5_1204_12_0_230.e9_6.2e9_1.2223e+29_40.dat
        35        1.24714        3.40507       -50.2613        13.3141        55.8589        37.4211       -3099.61     /gpfs/hpu/EHT2/IHARM_inc-5/SANE_a-0.5_288x128x128_IHARM/m_1_1_40/image_a-0.5_1210_12_0_230.e9_6.2e9_1.2223e+29_40.dat
        36       0.624834        3.28494       -26.5036        10.9157        27.0654        19.9372       -1729.82     /gpfs/hpu/EHT2/IHARM_inc-5/SANE_a-0.5_288x128x128_IHARM/m_1_1_40/image_a-0.5_1216_12_0_230.e9_6.2e9_1.2223e+29_40.dat
        37       0.585449        3.31753        1.56815        7.67157        18.4011         13.656       -1250.58     /gpfs/hpu/EHT2/IHARM_inc-5/SANE_a-0.5_288x128x128_IHARM/m_1_1_40/image_a-0.5_1222_12_0_230.e9_6.2e9_1.2223e+29_40.dat
        38       0.940121        3.43683         12.081        8.46985        15.8027        12.4886       -1253.51     /gpfs/hpu/EHT2/IHARM_inc-5/SANE_a-0.5_288x128x128_IHARM/m_1_1_40/image_a-0.5_1228_12_0_230.e9_6.2e9_1.2223e+29_40.dat
        39       0.715994        3.15022       -19.5354        10.5983        57.4629        37.2428       -2932.89     /gpfs/hpu/EHT2/IHARM_inc-5/SANE_a-0.5_288x128x128_IHARM/m_1_1_40/image_a-0.5_1234_12_0_230.e9_6.2e9_1.2223e+29_40.dat
        40       0.694661        3.14149       -9.81248        12.5495        57.5718        38.0943       -2990.62     /gpfs/hpu/EHT2/IHARM_inc-5/SANE_a-0.5_288x128x128_IHARM/m_1_1_40/image_a-0.5_1240_12_0_230.e9_6.2e9_1.2223e+29_40.dat
        41       0.415394        2.93171        1.11322        11.1746        37.4184        25.9797       -2074.05     /gpfs/hpu/EHT2/IHARM_inc-5/SANE_a-0.5_288x128x128_IHARM/m_1_1_40/image_a-0.5_1246_12_0_230.e9_6.2e9_1.2223e+29_40.dat
        42       0.540528        3.08935        31.9127        10.4859        50.2473        33.0589       -2589.86     /gpfs/hpu/EHT2/IHARM_inc-5/SANE_a-0.5_288x128x128_IHARM/m_1_1_40/image_a-0.5_1252_12_0_230.e9_6.2e9_1.2223e+29_40.dat
        43       0.856134        3.01093        44.0357        26.6439        98.4631        67.2466       -5139.03     /gpfs/hpu/EHT2/IHARM_inc-5/SANE_a-0.5_288x128x128_IHARM/m_1_1_40/image_a-0.5_1258_12_0_230.e9_6.2e9_1.2223e+29_40.dat
        44       0.635826        3.25881       -27.5921        17.0618        122.212        76.9919       -5765.53     /gpfs/hpu/EHT2/IHARM_inc-5/SANE_a-0.5_288x128x128_IHARM/m_1_1_40/image_a-0.5_1264_12_0_230.e9_6.2e9_1.2223e+29_40.dat
        45       0.533662        3.07529       -16.6933        13.8527        49.7588        34.1403       -2671.81     /gpfs/hpu/EHT2/IHARM_inc-5/SANE_a-0.5_288x128x128_IHARM/m_1_1_40/image_a-0.5_1270_12_0_230.e9_6.2e9_1.2223e+29_40.dat
        46       0.555569        3.23047        2.95346           10.9        39.5557        27.0944       -2195.93     /gpfs/hpu/EHT2/IHARM_inc-5/SANE_a-0.5_288x128x128_IHARM/m_1_1_40/image_a-0.5_1276_12_0_230.e9_6.2e9_1.2223e+29_40.dat
        47       0.787634        3.50913        22.8544         14.149        59.0207        39.5721       -3113.69     /gpfs/hpu/EHT2/IHARM_inc-5/SANE_a-0.5_288x128x128_IHARM/m_1_1_40/image_a-0.5_1282_12_0_230.e9_6.2e9_1.2223e+29_40.dat
        48        1.03245        3.52425        34.3241        21.8927        54.2491        39.9671       -3092.98     /gpfs/hpu/EHT2/IHARM_inc-5/SANE_a-0.5_288x128x128_IHARM/m_1_1_40/image_a-0.5_1288_12_0_230.e9_6.2e9_1.2223e+29_40.dat
        49         0.9238        3.05366       -54.9488        16.0725        58.3814        39.9833       -3182.22     /gpfs/hpu/EHT2/IHARM_inc-5/SANE_a-0.5_288x128x128_IHARM/m_1_1_40/image_a-0.5_1294_12_0_230.e9_6.2e9_1.2223e+29_40.dat
        50       0.505337        3.26436        -42.089         14.465        26.2454        20.9023       -1744.84     /gpfs/hpu/EHT2/IHARM_inc-5/SANE_a-0.5_288x128x128_IHARM/m_1_1_40/image_a-0.5_1300_12_0_230.e9_6.2e9_1.2223e+29_40.dat
        51       0.521208        3.17178       -52.1396        12.8705        20.8265        17.1496       -1484.61     /gpfs/hpu/EHT2/IHARM_inc-5/SANE_a-0.5_288x128x128_IHARM/m_1_1_40/image_a-0.5_1306_12_0_230.e9_6.2e9_1.2223e+29_40.dat
        52       0.547737        3.40171       -17.3413        9.21905        19.9159        15.1507       -1360.17     /gpfs/hpu/EHT2/IHARM_inc-5/SANE_a-0.5_288x128x128_IHARM/m_1_1_40/image_a-0.5_1312_12_0_230.e9_6.2e9_1.2223e+29_40.dat
        53       0.622874        3.37142        14.3331        20.0304        32.0091        26.4587       -2155.01     /gpfs/hpu/EHT2/IHARM_inc-5/SANE_a-0.5_288x128x128_IHARM/m_1_1_40/image_a-0.5_1318_12_0_230.e9_6.2e9_1.2223e+29_40.dat
        54       0.482663        3.02015        113.346        13.8954        50.5555        34.6146       -2709.56     /gpfs/hpu/EHT2/IHARM_inc-5/SANE_a-0.5_288x128x128_IHARM/m_1_1_40/image_a-0.5_1324_12_0_230.e9_6.2e9_1.2223e+29_40.dat
        55       0.622707         3.0817        138.314        4.28383        12.0741        8.65728       -961.765     /gpfs/hpu/EHT2/IHARM_inc-5/SANE_a-0.5_288x128x128_IHARM/m_1_1_40/image_a-0.5_1330_12_0_230.e9_6.2e9_1.2223e+29_40.dat
        56       0.822805        3.12337        179.995        15.7584         70.565         46.844          -3592     /gpfs/hpu/EHT2/IHARM_inc-5/SANE_a-0.5_288x128x128_IHARM/m_1_1_40/image_a-0.5_1336_12_0_230.e9_6.2e9_1.2223e+29_40.dat
        57       0.740462        3.01426        255.255        14.3716        63.1486        42.0296       -3259.32     /gpfs/hpu/EHT2/IHARM_inc-5/SANE_a-0.5_288x128x128_IHARM/m_1_1_40/image_a-0.5_1342_12_0_230.e9_6.2e9_1.2223e+29_40.dat
        58       0.835375        3.28432        355.001        11.4002        76.7698        48.6401       -3737.86     /gpfs/hpu/EHT2/IHARM_inc-5/SANE_a-0.5_288x128x128_IHARM/m_1_1_40/image_a-0.5_1348_12_0_230.e9_6.2e9_1.2223e+29_40.dat
        59       0.670131        3.32977        359.979        13.5776        84.5246        53.9683       -4094.54     /gpfs/hpu/EHT2/IHARM_inc-5/SANE_a-0.5_288x128x128_IHARM/m_1_1_40/image_a-0.5_1354_12_0_230.e9_6.2e9_1.2223e+29_40.dat
        60         0.8504        3.26951        304.697        19.9847        173.471        107.573       -8827.58     /gpfs/hpu/EHT2/IHARM_inc-5/SANE_a-0.5_288x128x128_IHARM/m_1_1_40/image_a-0.5_1360_12_0_230.e9_6.2e9_1.2223e+29_40.dat
        61       0.650393        2.89642        283.505          18.34        302.138        180.702         -14519     /gpfs/hpu/EHT2/IHARM_inc-5/SANE_a-0.5_288x128x128_IHARM/m_1_1_40/image_a-0.5_1366_12_0_230.e9_6.2e9_1.2223e+29_40.dat
        62       0.688461        3.16201        359.985        19.0495        60.1971        42.2287       -3264.03     /gpfs/hpu/EHT2/IHARM_inc-5/SANE_a-0.5_288x128x128_IHARM/m_1_1_40/image_a-0.5_1372_12_0_230.e9_6.2e9_1.2223e+29_40.dat
        63       0.694877        3.24476        287.644        25.2585        104.323        70.0473       -5184.38     /gpfs/hpu/EHT2/IHARM_inc-5/SANE_a-0.5_288x128x128_IHARM/m_1_1_40/image_a-0.5_1378_12_0_230.e9_6.2e9_1.2223e+29_40.dat
        64       0.486875        3.25536        303.906        15.5438        41.5937        30.1413        -2364.7     /gpfs/hpu/EHT2/IHARM_inc-5/SANE_a-0.5_288x128x128_IHARM/m_1_1_40/image_a-0.5_1384_12_0_230.e9_6.2e9_1.2223e+29_40.dat
        65       0.473668        3.18756        312.277        12.7562        53.5954        35.8973       -2789.04     /gpfs/hpu/EHT2/IHARM_inc-5/SANE_a-0.5_288x128x128_IHARM/m_1_1_40/image_a-0.5_1390_12_0_230.e9_6.2e9_1.2223e+29_40.dat
        66       0.581335        3.21414        322.931        11.4578        36.2745        25.4382        -2058.7     /gpfs/hpu/EHT2/IHARM_inc-5/SANE_a-0.5_288x128x128_IHARM/m_1_1_40/image_a-0.5_1396_12_0_230.e9_6.2e9_1.2223e+29_40.dat
        67       0.492373        3.13662         314.89        19.2076        75.8428        51.2658       -3818.41     /gpfs/hpu/EHT2/IHARM_inc-5/SANE_a-0.5_288x128x128_IHARM/m_1_1_40/image_a-0.5_1402_12_0_230.e9_6.2e9_1.2223e+29_40.dat
        68       0.669551        3.20711        333.154        21.8506        114.627        74.5784       -5626.63     /gpfs/hpu/EHT2/IHARM_inc-5/SANE_a-0.5_288x128x128_IHARM/m_1_1_40/image_a-0.5_1408_12_0_230.e9_6.2e9_1.2223e+29_40.dat
        69       0.675193        3.24939        180.307        32.1526        96.8573        68.5534       -5196.11     /gpfs/hpu/EHT2/IHARM_inc-5/SANE_a-0.5_288x128x128_IHARM/m_1_1_40/image_a-0.5_1414_12_0_230.e9_6.2e9_1.2223e+29_40.dat
        70       0.948854        3.39413        159.515        11.9408        37.9402        26.5888       -2252.25     /gpfs/hpu/EHT2/IHARM_inc-5/SANE_a-0.5_288x128x128_IHARM/m_1_1_40/image_a-0.5_1420_12_0_230.e9_6.2e9_1.2223e+29_40.dat
        71       0.721257         3.2558        117.571        19.7221        107.786        69.7945       -5223.41     /gpfs/hpu/EHT2/IHARM_inc-5/SANE_a-0.5_288x128x128_IHARM/m_1_1_40/image_a-0.5_1426_12_0_230.e9_6.2e9_1.2223e+29_40.dat
        72       0.701835        3.27382        -10.569        11.3904        66.9097        42.9811       -3312.81     /gpfs/hpu/EHT2/IHARM_inc-5/SANE_a-0.5_288x128x128_IHARM/m_1_1_40/image_a-0.5_1432_12_0_230.e9_6.2e9_1.2223e+29_40.dat
        73       0.722661        3.28428        16.3205        14.1311        41.7032        29.6328        -2405.9     /gpfs/hpu/EHT2/IHARM_inc-5/SANE_a-0.5_288x128x128_IHARM/m_1_1_40/image_a-0.5_1438_12_0_230.e9_6.2e9_1.2223e+29_40.dat
        74       0.611146        3.29897        28.3424         7.5644        18.1061        13.4435       -1287.03     /gpfs/hpu/EHT2/IHARM_inc-5/SANE_a-0.5_288x128x128_IHARM/m_1_1_40/image_a-0.5_1444_12_0_230.e9_6.2e9_1.2223e+29_40.dat
        75       0.777009        2.98638        28.4709        11.8043        83.8053        52.8386       -4043.15     /gpfs/hpu/EHT2/IHARM_inc-5/SANE_a-0.5_288x128x128_IHARM/m_1_1_40/image_a-0.5_1450_12_0_230.e9_6.2e9_1.2223e+29_40.dat
        76       0.487108        3.05709        28.6665        9.58401        20.2659         15.499       -1371.65     /gpfs/hpu/EHT2/IHARM_inc-5/SANE_a-0.5_288x128x128_IHARM/m_1_1_40/image_a-0.5_1456_12_0_230.e9_6.2e9_1.2223e+29_40.dat
        77       0.519787        3.14586       -49.3465        16.4195        86.9642        56.5167       -4204.59     /gpfs/hpu/EHT2/IHARM_inc-5/SANE_a-0.5_288x128x128_IHARM/m_1_1_40/image_a-0.5_1462_12_0_230.e9_6.2e9_1.2223e+29_40.dat
        78       0.681832        3.22708        58.6807        21.9772        67.3495        47.5148       -3658.79     /gpfs/hpu/EHT2/IHARM_inc-5/SANE_a-0.5_288x128x128_IHARM/m_1_1_40/image_a-0.5_1468_12_0_230.e9_6.2e9_1.2223e+29_40.dat
        79        0.96268        3.36696        85.0394        16.1293        53.3794        37.1375       -2931.81     /gpfs/hpu/EHT2/IHARM_inc-5/SANE_a-0.5_288x128x128_IHARM/m_1_1_40/image_a-0.5_1474_12_0_230.e9_6.2e9_1.2223e+29_40.dat
        80        1.12858        3.54012        115.867        12.2794        124.476        76.3568       -6727.76     /gpfs/hpu/EHT2/IHARM_inc-5/SANE_a-0.5_288x128x128_IHARM/m_1_1_40/image_a-0.5_1480_12_0_230.e9_6.2e9_1.2223e+29_40.dat
        81       0.630171        3.80023        126.841        19.1229        414.821        245.646         -17389     /gpfs/hpu/EHT2/IHARM_inc-5/SANE_a-0.5_288x128x128_IHARM/m_1_1_40/image_a-0.5_1486_12_0_230.e9_6.2e9_1.2223e+29_40.dat
        82       0.834046        3.49427        43.9929        16.1119        83.2645        54.2705       -4314.18     /gpfs/hpu/EHT2/IHARM_inc-5/SANE_a-0.5_288x128x128_IHARM/m_1_1_40/image_a-0.5_1492_12_0_230.e9_6.2e9_1.2223e+29_40.dat
        83       0.816943         3.6828        68.9303         14.716        61.1696        41.0339       -3710.24     /gpfs/hpu/EHT2/IHARM_inc-5/SANE_a-0.5_288x128x128_IHARM/m_1_1_40/image_a-0.5_1498_12_0_230.e9_6.2e9_1.2223e+29_40.dat
        84       0.823002        3.31136         94.789        17.6485        81.2561          53.74       -4169.08     /gpfs/hpu/EHT2/IHARM_inc-5/SANE_a-0.5_288x128x128_IHARM/m_1_1_40/image_a-0.5_1504_12_0_230.e9_6.2e9_1.2223e+29_40.dat
        85       0.660127        3.28428        75.7945        11.7986        78.3627        49.7148        -3886.3     /gpfs/hpu/EHT2/IHARM_inc-5/SANE_a-0.5_288x128x128_IHARM/m_1_1_40/image_a-0.5_1510_12_0_230.e9_6.2e9_1.2223e+29_40.dat
        86       0.755039        3.21167        98.1029        21.6795        122.659         79.116       -6160.34     /gpfs/hpu/EHT2/IHARM_inc-5/SANE_a-0.5_288x128x128_IHARM/m_1_1_40/image_a-0.5_1516_12_0_230.e9_6.2e9_1.2223e+29_40.dat
        87       0.488954        3.12443        139.976        34.3417        27.5739        29.7026       -2369.62     /gpfs/hpu/EHT2/IHARM_inc-5/SANE_a-0.5_288x128x128_IHARM/m_1_1_40/image_a-0.5_1522_12_0_230.e9_6.2e9_1.2223e+29_40.dat
        88       0.699518        3.00753        142.937        33.1496         65.641        51.0531       -3832.52     /gpfs/hpu/EHT2/IHARM_inc-5/SANE_a-0.5_288x128x128_IHARM/m_1_1_40/image_a-0.5_1528_12_0_230.e9_6.2e9_1.2223e+29_40.dat
        89       0.706327        3.15197        49.1064        12.3689          41.54        28.8265       -2349.64     /gpfs/hpu/EHT2/IHARM_inc-5/SANE_a-0.5_288x128x128_IHARM/m_1_1_40/image_a-0.5_1534_12_0_230.e9_6.2e9_1.2223e+29_40.dat
        90       0.709239        3.21665       -214.926        38.6692        139.823        95.8307       -7092.48     /gpfs/hpu/EHT2/IHARM_inc-5/SANE_a-0.5_288x128x128_IHARM/m_1_1_40/image_a-0.5_1540_12_0_230.e9_6.2e9_1.2223e+29_40.dat
        91       0.790267        3.13747       -126.266        10.8073        42.8907        28.9697       -2416.76     /gpfs/hpu/EHT2/IHARM_inc-5/SANE_a-0.5_288x128x128_IHARM/m_1_1_40/image_a-0.5_1546_12_0_230.e9_6.2e9_1.2223e+29_40.dat
        92       0.542157        2.95355       -51.1691        27.4235        73.4123        53.1945       -4005.41     /gpfs/hpu/EHT2/IHARM_inc-5/SANE_a-0.5_288x128x128_IHARM/m_1_1_40/image_a-0.5_1552_12_0_230.e9_6.2e9_1.2223e+29_40.dat
        93       0.812631        3.05674       -112.832        28.2501        125.459        83.3793       -6520.56     /gpfs/hpu/EHT2/IHARM_inc-5/SANE_a-0.5_288x128x128_IHARM/m_1_1_40/image_a-0.5_1558_12_0_230.e9_6.2e9_1.2223e+29_40.dat
        94       0.589493        3.14458        105.668        19.4068        72.1116        49.2064       -3720.35     /gpfs/hpu/EHT2/IHARM_inc-5/SANE_a-0.5_288x128x128_IHARM/m_1_1_40/image_a-0.5_1564_12_0_230.e9_6.2e9_1.2223e+29_40.dat
        95       0.854985        3.14385        128.193        18.6544        44.6086        33.1284       -2664.13     /gpfs/hpu/EHT2/IHARM_inc-5/SANE_a-0.5_288x128x128_IHARM/m_1_1_40/image_a-0.5_1570_12_0_230.e9_6.2e9_1.2223e+29_40.dat
        96       0.821949        3.08543       -18.3363        17.2805        144.398        89.8047       -7254.01     /gpfs/hpu/EHT2/IHARM_inc-5/SANE_a-0.5_288x128x128_IHARM/m_1_1_40/image_a-0.5_1576_12_0_230.e9_6.2e9_1.2223e+29_40.dat
        97       0.426002        3.01991       -35.4845        10.3596        32.0811         22.589       -1853.02     /gpfs/hpu/EHT2/IHARM_inc-5/SANE_a-0.5_288x128x128_IHARM/m_1_1_40/image_a-0.5_1582_12_0_230.e9_6.2e9_1.2223e+29_40.dat
        98       0.872738        3.18769         2.6572         8.8629        37.1993        24.9192       -2077.44     /gpfs/hpu/EHT2/IHARM_inc-5/SANE_a-0.5_288x128x128_IHARM/m_1_1_40/image_a-0.5_1588_12_0_230.e9_6.2e9_1.2223e+29_40.dat
        99       0.799548        3.24786        12.4317        8.55661        39.0248        25.8423       -2113.87     /gpfs/hpu/EHT2/IHARM_inc-5/SANE_a-0.5_288x128x128_IHARM/m_1_1_40/image_a-0.5_1594_12_0_230.e9_6.2e9_1.2223e+29_40.dat
