   # Index         I (Jy)      M/D (uas)       PA (deg)  VA red. chisq  CP red. chisq     red. chisq     log-liklhd     FileName
         0       0.676265        3.81528       -306.786        27.5156        16.3458        20.7536       -2230.17     /gpfs/hpu/EHT2/supplementary/Moscibrodzka+2016/a+0.94/m_1_1_80/image_a+0.94.1000.163_0_230.e9_6.2e9_2.50346e+27_80.dat
         1       0.624781        3.77682       -302.252        23.0666        21.9377        22.0524       -2325.38     /gpfs/hpu/EHT2/supplementary/Moscibrodzka+2016/a+0.94/m_1_1_80/image_a+0.94.1001.163_0_230.e9_6.2e9_2.50346e+27_80.dat
         2        0.81441        3.91446       -310.519        31.4456        24.1551        26.8122        -2819.5     /gpfs/hpu/EHT2/supplementary/Moscibrodzka+2016/a+0.94/m_1_1_80/image_a+0.94.1002.163_0_230.e9_6.2e9_2.50346e+27_80.dat
         3       0.743076        3.77786       -314.783         22.589        41.8764        33.1223       -3399.74     /gpfs/hpu/EHT2/supplementary/Moscibrodzka+2016/a+0.94/m_1_1_80/image_a+0.94.1003.163_0_230.e9_6.2e9_2.50346e+27_80.dat
         4       0.591574        3.63706       -283.592         31.211        38.2586        34.6855        -3531.5     /gpfs/hpu/EHT2/supplementary/Moscibrodzka+2016/a+0.94/m_1_1_80/image_a+0.94.1004.163_0_230.e9_6.2e9_2.50346e+27_80.dat
         5        0.56092        3.68378       -289.189        26.3493        28.7779        27.2924       -2821.67     /gpfs/hpu/EHT2/supplementary/Moscibrodzka+2016/a+0.94/m_1_1_80/image_a+0.94.1005.163_0_230.e9_6.2e9_2.50346e+27_80.dat
         6       0.616779        3.73549        -284.15        20.2498        11.9072        15.2042        -1709.7     /gpfs/hpu/EHT2/supplementary/Moscibrodzka+2016/a+0.94/m_1_1_80/image_a+0.94.1006.163_0_230.e9_6.2e9_2.50346e+27_80.dat
         7       0.620658        3.83325       -296.033        42.5209        29.1618        34.2768       -3458.78     /gpfs/hpu/EHT2/supplementary/Moscibrodzka+2016/a+0.94/m_1_1_80/image_a+0.94.1007.163_0_230.e9_6.2e9_2.50346e+27_80.dat
         8       0.603666        3.81459       -313.159        26.2358        32.8169        29.5278       -3050.14     /gpfs/hpu/EHT2/supplementary/Moscibrodzka+2016/a+0.94/m_1_1_80/image_a+0.94.1008.163_0_230.e9_6.2e9_2.50346e+27_80.dat
         9       0.894471        3.89084        -302.54        26.1071        15.2917        19.5684       -2212.45     /gpfs/hpu/EHT2/supplementary/Moscibrodzka+2016/a+0.94/m_1_1_80/image_a+0.94.1009.163_0_230.e9_6.2e9_2.50346e+27_80.dat
        10        1.00524        3.75338       -291.973        37.0802        12.8201        22.7634       -2486.31     /gpfs/hpu/EHT2/supplementary/Moscibrodzka+2016/a+0.94/m_1_1_80/image_a+0.94.1010.163_0_230.e9_6.2e9_2.50346e+27_80.dat
        11        1.09105        3.78507       -299.236        36.1337        14.4416        23.2838       -2532.55     /gpfs/hpu/EHT2/supplementary/Moscibrodzka+2016/a+0.94/m_1_1_80/image_a+0.94.1011.163_0_230.e9_6.2e9_2.50346e+27_80.dat
        12       0.881869        3.72859       -147.669          10.82        43.6034        29.1733       -3132.88     /gpfs/hpu/EHT2/supplementary/Moscibrodzka+2016/a+0.94/m_1_1_80/image_a+0.94.1012.163_0_230.e9_6.2e9_2.50346e+27_80.dat
        13       0.993964        3.90028       -305.496         39.837        16.2299        25.8443        -2897.7     /gpfs/hpu/EHT2/supplementary/Moscibrodzka+2016/a+0.94/m_1_1_80/image_a+0.94.1013.163_0_230.e9_6.2e9_2.50346e+27_80.dat
        14        1.01181         3.7473       -255.173        50.5688         51.861        50.4747       -5052.96     /gpfs/hpu/EHT2/supplementary/Moscibrodzka+2016/a+0.94/m_1_1_80/image_a+0.94.1014.163_0_230.e9_6.2e9_2.50346e+27_80.dat
        15       0.862244        3.88971       -299.011        55.6507        35.8998        43.5798       -4509.03     /gpfs/hpu/EHT2/supplementary/Moscibrodzka+2016/a+0.94/m_1_1_80/image_a+0.94.1015.163_0_230.e9_6.2e9_2.50346e+27_80.dat
        16       0.756597        3.80069       -295.414        30.2232        25.7074         27.178       -2863.75     /gpfs/hpu/EHT2/supplementary/Moscibrodzka+2016/a+0.94/m_1_1_80/image_a+0.94.1016.163_0_230.e9_6.2e9_2.50346e+27_80.dat
        17       0.767422        3.84837        -289.71        30.9414        16.0058        21.9951       -2388.72     /gpfs/hpu/EHT2/supplementary/Moscibrodzka+2016/a+0.94/m_1_1_80/image_a+0.94.1017.163_0_230.e9_6.2e9_2.50346e+27_80.dat
        18       0.774458        3.86909       -291.702        26.6649         28.999        27.5494       -2899.24     /gpfs/hpu/EHT2/supplementary/Moscibrodzka+2016/a+0.94/m_1_1_80/image_a+0.94.1018.163_0_230.e9_6.2e9_2.50346e+27_80.dat
        19        0.61165        3.78327       -156.536        10.8315        25.7259        19.0735       -2127.29     /gpfs/hpu/EHT2/supplementary/Moscibrodzka+2016/a+0.94/m_1_1_80/image_a+0.94.1019.163_0_230.e9_6.2e9_2.50346e+27_80.dat
        20       0.557875        3.76456       -157.853        16.6786        30.0227         23.949       -2550.56     /gpfs/hpu/EHT2/supplementary/Moscibrodzka+2016/a+0.94/m_1_1_80/image_a+0.94.1020.163_0_230.e9_6.2e9_2.50346e+27_80.dat
        21       0.529711        3.70038       -294.104        21.4668         31.498        26.7866       -2780.98     /gpfs/hpu/EHT2/supplementary/Moscibrodzka+2016/a+0.94/m_1_1_80/image_a+0.94.1021.163_0_230.e9_6.2e9_2.50346e+27_80.dat
        22       0.690822        3.92243       -300.017        58.1496        36.4577        44.9409       -4569.79     /gpfs/hpu/EHT2/supplementary/Moscibrodzka+2016/a+0.94/m_1_1_80/image_a+0.94.1022.163_0_230.e9_6.2e9_2.50346e+27_80.dat
        23       0.684951        4.05318       -307.034        43.3279        55.5988        49.5572       -4945.13     /gpfs/hpu/EHT2/supplementary/Moscibrodzka+2016/a+0.94/m_1_1_80/image_a+0.94.1023.163_0_230.e9_6.2e9_2.50346e+27_80.dat
        24       0.670336        3.87594        -304.57        29.8216        44.3904        37.5699       -3810.49     /gpfs/hpu/EHT2/supplementary/Moscibrodzka+2016/a+0.94/m_1_1_80/image_a+0.94.1024.163_0_230.e9_6.2e9_2.50346e+27_80.dat
        25        0.62639        3.79069       -294.629        33.5662        33.2105        32.8179       -3345.67     /gpfs/hpu/EHT2/supplementary/Moscibrodzka+2016/a+0.94/m_1_1_80/image_a+0.94.1025.163_0_230.e9_6.2e9_2.50346e+27_80.dat
        26       0.597573        3.73246       -295.052        36.4348        40.0642        37.8922       -3798.77     /gpfs/hpu/EHT2/supplementary/Moscibrodzka+2016/a+0.94/m_1_1_80/image_a+0.94.1026.163_0_230.e9_6.2e9_2.50346e+27_80.dat
        27       0.551657        3.93917       -283.121        32.3389        32.5694        31.9419       -3227.61     /gpfs/hpu/EHT2/supplementary/Moscibrodzka+2016/a+0.94/m_1_1_80/image_a+0.94.1027.163_0_230.e9_6.2e9_2.50346e+27_80.dat
        28       0.555228         3.8321        -291.09        31.8234         29.866        30.1982       -3072.31     /gpfs/hpu/EHT2/supplementary/Moscibrodzka+2016/a+0.94/m_1_1_80/image_a+0.94.1028.163_0_230.e9_6.2e9_2.50346e+27_80.dat
        29       0.515068        3.89721       -295.561        41.8648          41.24        40.8291       -4054.98     /gpfs/hpu/EHT2/supplementary/Moscibrodzka+2016/a+0.94/m_1_1_80/image_a+0.94.1029.163_0_230.e9_6.2e9_2.50346e+27_80.dat
        30       0.548785        3.89253       -294.937         26.031         40.362        33.7067       -3391.34     /gpfs/hpu/EHT2/supplementary/Moscibrodzka+2016/a+0.94/m_1_1_80/image_a+0.94.1030.163_0_230.e9_6.2e9_2.50346e+27_80.dat
        31       0.488293        3.75083       -303.824        20.6552         46.878          35.14       -3531.59     /gpfs/hpu/EHT2/supplementary/Moscibrodzka+2016/a+0.94/m_1_1_80/image_a+0.94.1031.163_0_230.e9_6.2e9_2.50346e+27_80.dat
        32        0.51905        3.77182       -296.126        23.2761        37.1348        30.7297        -3119.2     /gpfs/hpu/EHT2/supplementary/Moscibrodzka+2016/a+0.94/m_1_1_80/image_a+0.94.1032.163_0_230.e9_6.2e9_2.50346e+27_80.dat
        33       0.521371        3.78766       -291.443         26.101        29.3738        27.5253       -2820.43     /gpfs/hpu/EHT2/supplementary/Moscibrodzka+2016/a+0.94/m_1_1_80/image_a+0.94.1033.163_0_230.e9_6.2e9_2.50346e+27_80.dat
        34       0.513392        3.74534       -291.968        25.8705        32.7397        29.3313       -2984.78     /gpfs/hpu/EHT2/supplementary/Moscibrodzka+2016/a+0.94/m_1_1_80/image_a+0.94.1034.163_0_230.e9_6.2e9_2.50346e+27_80.dat
        35       0.621945        3.65074       -173.784        33.6174        37.7913        35.4284       -3609.95     /gpfs/hpu/EHT2/supplementary/Moscibrodzka+2016/a+0.94/m_1_1_80/image_a+0.94.1035.163_0_230.e9_6.2e9_2.50346e+27_80.dat
        36       0.570388        3.60961       -307.152        27.7586        46.3038        37.7881       -3802.98     /gpfs/hpu/EHT2/supplementary/Moscibrodzka+2016/a+0.94/m_1_1_80/image_a+0.94.1036.163_0_230.e9_6.2e9_2.50346e+27_80.dat
        37       0.560591        3.60314       -304.254        25.7872         37.481        31.9763       -3270.16     /gpfs/hpu/EHT2/supplementary/Moscibrodzka+2016/a+0.94/m_1_1_80/image_a+0.94.1037.163_0_230.e9_6.2e9_2.50346e+27_80.dat
        38       0.522731        3.59342       -297.554        23.3256        29.9342        26.6806       -2759.86     /gpfs/hpu/EHT2/supplementary/Moscibrodzka+2016/a+0.94/m_1_1_80/image_a+0.94.1038.163_0_230.e9_6.2e9_2.50346e+27_80.dat
        39       0.609759        3.67996       -303.754        25.9875        30.7205         28.239       -2921.28     /gpfs/hpu/EHT2/supplementary/Moscibrodzka+2016/a+0.94/m_1_1_80/image_a+0.94.1039.163_0_230.e9_6.2e9_2.50346e+27_80.dat
        40       0.730023        3.79662       -305.844        27.7956        25.2568        25.9075          -2714     /gpfs/hpu/EHT2/supplementary/Moscibrodzka+2016/a+0.94/m_1_1_80/image_a+0.94.1040.163_0_230.e9_6.2e9_2.50346e+27_80.dat
        41       0.714784        3.78372       -300.267        18.9016        18.0816        18.1299       -1977.76     /gpfs/hpu/EHT2/supplementary/Moscibrodzka+2016/a+0.94/m_1_1_80/image_a+0.94.1041.163_0_230.e9_6.2e9_2.50346e+27_80.dat
        42       0.580871        3.66421       -289.062        23.9835         18.874        20.7045        -2199.3     /gpfs/hpu/EHT2/supplementary/Moscibrodzka+2016/a+0.94/m_1_1_80/image_a+0.94.1042.163_0_230.e9_6.2e9_2.50346e+27_80.dat
        43       0.647464        3.78811       -299.913        35.2851        20.5192        26.3638       -2766.88     /gpfs/hpu/EHT2/supplementary/Moscibrodzka+2016/a+0.94/m_1_1_80/image_a+0.94.1043.163_0_230.e9_6.2e9_2.50346e+27_80.dat
        44       0.838984        3.93598       -165.312        32.0624        32.0248        31.5184       -3324.25     /gpfs/hpu/EHT2/supplementary/Moscibrodzka+2016/a+0.94/m_1_1_80/image_a+0.94.1044.163_0_230.e9_6.2e9_2.50346e+27_80.dat
        45       0.818606        3.79616        -298.89        44.5179        17.3841        28.4556       -3003.33     /gpfs/hpu/EHT2/supplementary/Moscibrodzka+2016/a+0.94/m_1_1_80/image_a+0.94.1045.163_0_230.e9_6.2e9_2.50346e+27_80.dat
        46       0.755877        3.90141       -294.759        41.9277        25.1912        31.7844       -3275.39     /gpfs/hpu/EHT2/supplementary/Moscibrodzka+2016/a+0.94/m_1_1_80/image_a+0.94.1046.163_0_230.e9_6.2e9_2.50346e+27_80.dat
        47       0.712563        3.82517       -284.577        37.1931        19.1977        26.4154       -2738.33     /gpfs/hpu/EHT2/supplementary/Moscibrodzka+2016/a+0.94/m_1_1_80/image_a+0.94.1047.163_0_230.e9_6.2e9_2.50346e+27_80.dat
        48         1.0799        3.87531       -310.539        78.6688        43.0608        57.2599       -5918.26     /gpfs/hpu/EHT2/supplementary/Moscibrodzka+2016/a+0.94/m_1_1_80/image_a+0.94.1048.163_0_230.e9_6.2e9_2.50346e+27_80.dat
        49       0.868952        3.89343       -307.998        36.1156        29.6527        31.8738       -3334.41     /gpfs/hpu/EHT2/supplementary/Moscibrodzka+2016/a+0.94/m_1_1_80/image_a+0.94.1049.163_0_230.e9_6.2e9_2.50346e+27_80.dat
        50       0.814229        3.72952       -301.237        44.5507        20.4621         30.209       -3204.25     /gpfs/hpu/EHT2/supplementary/Moscibrodzka+2016/a+0.94/m_1_1_80/image_a+0.94.1050.163_0_230.e9_6.2e9_2.50346e+27_80.dat
        51       0.749994        3.78828       -161.349         23.674        31.0452        27.4543       -2913.64     /gpfs/hpu/EHT2/supplementary/Moscibrodzka+2016/a+0.94/m_1_1_80/image_a+0.94.1051.163_0_230.e9_6.2e9_2.50346e+27_80.dat
        52        0.74606        3.90366       -168.504         20.603        31.1422         26.224       -2811.67     /gpfs/hpu/EHT2/supplementary/Moscibrodzka+2016/a+0.94/m_1_1_80/image_a+0.94.1052.163_0_230.e9_6.2e9_2.50346e+27_80.dat
        53       0.614413        3.83614       -166.906        20.4622        32.3574        26.8519       -2832.09     /gpfs/hpu/EHT2/supplementary/Moscibrodzka+2016/a+0.94/m_1_1_80/image_a+0.94.1053.163_0_230.e9_6.2e9_2.50346e+27_80.dat
        54       0.566823        3.75224       -168.101        20.0349        44.1899        33.3611       -3435.49     /gpfs/hpu/EHT2/supplementary/Moscibrodzka+2016/a+0.94/m_1_1_80/image_a+0.94.1054.163_0_230.e9_6.2e9_2.50346e+27_80.dat
        55       0.658986        3.67978       -297.234        36.2406        19.0837        25.9524       -2711.74     /gpfs/hpu/EHT2/supplementary/Moscibrodzka+2016/a+0.94/m_1_1_80/image_a+0.94.1055.163_0_230.e9_6.2e9_2.50346e+27_80.dat
        56       0.683886        3.59557        -156.63        14.9631        36.0473        26.6363       -2858.21     /gpfs/hpu/EHT2/supplementary/Moscibrodzka+2016/a+0.94/m_1_1_80/image_a+0.94.1056.163_0_230.e9_6.2e9_2.50346e+27_80.dat
        57       0.958144        3.78187       -157.918        32.5152        27.3698        29.0768       -3091.45     /gpfs/hpu/EHT2/supplementary/Moscibrodzka+2016/a+0.94/m_1_1_80/image_a+0.94.1057.163_0_230.e9_6.2e9_2.50346e+27_80.dat
        58       0.973669        3.68215       -166.567        29.1369        42.4909        36.2097       -3824.72     /gpfs/hpu/EHT2/supplementary/Moscibrodzka+2016/a+0.94/m_1_1_80/image_a+0.94.1058.163_0_230.e9_6.2e9_2.50346e+27_80.dat
        59       0.942776        3.87621       -166.834         40.684        38.1369         38.581       -4030.87     /gpfs/hpu/EHT2/supplementary/Moscibrodzka+2016/a+0.94/m_1_1_80/image_a+0.94.1059.163_0_230.e9_6.2e9_2.50346e+27_80.dat
        60       0.864678        3.86758       -169.629        40.2053        35.6239        36.9603        -3799.5     /gpfs/hpu/EHT2/supplementary/Moscibrodzka+2016/a+0.94/m_1_1_80/image_a+0.94.1060.163_0_230.e9_6.2e9_2.50346e+27_80.dat
        61       0.825705        4.35737       -158.638        39.6433        40.7539        39.6246       -4027.43     /gpfs/hpu/EHT2/supplementary/Moscibrodzka+2016/a+0.94/m_1_1_80/image_a+0.94.1061.163_0_230.e9_6.2e9_2.50346e+27_80.dat
        62       0.505667        3.89588       -295.247        19.2251        33.1181        26.7642        -2774.4     /gpfs/hpu/EHT2/supplementary/Moscibrodzka+2016/a+0.94/m_1_1_80/image_a+0.94.1062.163_0_230.e9_6.2e9_2.50346e+27_80.dat
        63       0.554603        3.91252       -284.892        27.8172        15.9041        20.6302       -2188.97     /gpfs/hpu/EHT2/supplementary/Moscibrodzka+2016/a+0.94/m_1_1_80/image_a+0.94.1063.163_0_230.e9_6.2e9_2.50346e+27_80.dat
        64       0.878044        4.08722       -299.766        87.4347        36.4022        57.1646       -5665.99     /gpfs/hpu/EHT2/supplementary/Moscibrodzka+2016/a+0.94/m_1_1_80/image_a+0.94.1064.163_0_230.e9_6.2e9_2.50346e+27_80.dat
        65       0.877613        4.14111       -156.348         34.209        55.7061        45.8017       -4617.09     /gpfs/hpu/EHT2/supplementary/Moscibrodzka+2016/a+0.94/m_1_1_80/image_a+0.94.1065.163_0_230.e9_6.2e9_2.50346e+27_80.dat
        66       0.796345        4.08412       -296.717        36.3502        31.2841        32.8941       -3359.21     /gpfs/hpu/EHT2/supplementary/Moscibrodzka+2016/a+0.94/m_1_1_80/image_a+0.94.1066.163_0_230.e9_6.2e9_2.50346e+27_80.dat
        67       0.650789         3.8942       -297.214        10.9164        14.6124        12.8274       -1493.86     /gpfs/hpu/EHT2/supplementary/Moscibrodzka+2016/a+0.94/m_1_1_80/image_a+0.94.1067.163_0_230.e9_6.2e9_2.50346e+27_80.dat
        68       0.895619        4.18078       -300.755         27.107        20.0557        22.6795       -2475.88     /gpfs/hpu/EHT2/supplementary/Moscibrodzka+2016/a+0.94/m_1_1_80/image_a+0.94.1068.163_0_230.e9_6.2e9_2.50346e+27_80.dat
        69       0.833954        4.03686       -293.072        75.5313        37.5578        52.8366        -5302.2     /gpfs/hpu/EHT2/supplementary/Moscibrodzka+2016/a+0.94/m_1_1_80/image_a+0.94.1069.163_0_230.e9_6.2e9_2.50346e+27_80.dat
        70       0.774789         4.1251       -303.392        67.0048        40.3486        50.8458       -5154.78     /gpfs/hpu/EHT2/supplementary/Moscibrodzka+2016/a+0.94/m_1_1_80/image_a+0.94.1070.163_0_230.e9_6.2e9_2.50346e+27_80.dat
        71       0.859209        4.17524       -156.185        31.4901        38.5793        34.9836       -3599.36     /gpfs/hpu/EHT2/supplementary/Moscibrodzka+2016/a+0.94/m_1_1_80/image_a+0.94.1071.163_0_230.e9_6.2e9_2.50346e+27_80.dat
        72       0.699445        3.92631       -150.849        24.0456        35.4272        30.0866       -3131.06     /gpfs/hpu/EHT2/supplementary/Moscibrodzka+2016/a+0.94/m_1_1_80/image_a+0.94.1072.163_0_230.e9_6.2e9_2.50346e+27_80.dat
        73        1.06309        4.36744       -157.041        67.4838        63.5254        64.1461        -6356.7     /gpfs/hpu/EHT2/supplementary/Moscibrodzka+2016/a+0.94/m_1_1_80/image_a+0.94.1073.163_0_230.e9_6.2e9_2.50346e+27_80.dat
        74        1.31652        4.64325       -164.928        47.2754        48.7245        47.3236       -4903.73     /gpfs/hpu/EHT2/supplementary/Moscibrodzka+2016/a+0.94/m_1_1_80/image_a+0.94.1074.163_0_230.e9_6.2e9_2.50346e+27_80.dat
        75       0.890819        3.97236       -158.999        35.8911        34.5017        34.5206       -3567.82     /gpfs/hpu/EHT2/supplementary/Moscibrodzka+2016/a+0.94/m_1_1_80/image_a+0.94.1075.163_0_230.e9_6.2e9_2.50346e+27_80.dat
        76       0.749012        3.96634       -303.745        30.8213        19.5229        23.9327       -2551.43     /gpfs/hpu/EHT2/supplementary/Moscibrodzka+2016/a+0.94/m_1_1_80/image_a+0.94.1076.163_0_230.e9_6.2e9_2.50346e+27_80.dat
        77       0.875535        4.00684       -155.772        29.1469         32.972        30.8337       -3241.16     /gpfs/hpu/EHT2/supplementary/Moscibrodzka+2016/a+0.94/m_1_1_80/image_a+0.94.1077.163_0_230.e9_6.2e9_2.50346e+27_80.dat
        78       0.889956        4.13042       -159.662        33.9763        38.6585        36.0688       -3737.48     /gpfs/hpu/EHT2/supplementary/Moscibrodzka+2016/a+0.94/m_1_1_80/image_a+0.94.1078.163_0_230.e9_6.2e9_2.50346e+27_80.dat
        79       0.812382        4.04566        -154.87        28.9596        45.7143        37.9575       -3897.31     /gpfs/hpu/EHT2/supplementary/Moscibrodzka+2016/a+0.94/m_1_1_80/image_a+0.94.1079.163_0_230.e9_6.2e9_2.50346e+27_80.dat
        80       0.706958        4.31213       -311.738        40.1938        34.4669        36.3016       -3724.19     /gpfs/hpu/EHT2/supplementary/Moscibrodzka+2016/a+0.94/m_1_1_80/image_a+0.94.1080.163_0_230.e9_6.2e9_2.50346e+27_80.dat
        81       0.703064         3.8048       -299.536        24.2634        32.2744        28.3958       -2940.39     /gpfs/hpu/EHT2/supplementary/Moscibrodzka+2016/a+0.94/m_1_1_80/image_a+0.94.1081.163_0_230.e9_6.2e9_2.50346e+27_80.dat
        82       0.816967        3.91138       -301.304        53.6039         25.386        36.7807       -3917.22     /gpfs/hpu/EHT2/supplementary/Moscibrodzka+2016/a+0.94/m_1_1_80/image_a+0.94.1082.163_0_230.e9_6.2e9_2.50346e+27_80.dat
        83       0.906483        3.82467       -291.923        16.3069        20.2306        18.2588       -2052.03     /gpfs/hpu/EHT2/supplementary/Moscibrodzka+2016/a+0.94/m_1_1_80/image_a+0.94.1083.163_0_230.e9_6.2e9_2.50346e+27_80.dat
        84       0.875241        4.03742       -148.607        12.9341        35.9544        25.7347       -2813.43     /gpfs/hpu/EHT2/supplementary/Moscibrodzka+2016/a+0.94/m_1_1_80/image_a+0.94.1084.163_0_230.e9_6.2e9_2.50346e+27_80.dat
        85       0.755723        3.97959       -153.515        21.9895        36.1153        29.6152       -3114.69     /gpfs/hpu/EHT2/supplementary/Moscibrodzka+2016/a+0.94/m_1_1_80/image_a+0.94.1085.163_0_230.e9_6.2e9_2.50346e+27_80.dat
        86        1.22951        4.09768       -162.476        37.1206        43.9831        40.3942       -4178.46     /gpfs/hpu/EHT2/supplementary/Moscibrodzka+2016/a+0.94/m_1_1_80/image_a+0.94.1086.163_0_230.e9_6.2e9_2.50346e+27_80.dat
        87       0.741805        3.72499        -277.23        38.0378          40.48         38.798       -3936.75     /gpfs/hpu/EHT2/supplementary/Moscibrodzka+2016/a+0.94/m_1_1_80/image_a+0.94.1087.163_0_230.e9_6.2e9_2.50346e+27_80.dat
        88       0.817003        3.97228       -278.431        45.8745        16.4471        28.4937       -2922.19     /gpfs/hpu/EHT2/supplementary/Moscibrodzka+2016/a+0.94/m_1_1_80/image_a+0.94.1088.163_0_230.e9_6.2e9_2.50346e+27_80.dat
        89        1.09468        4.31606       -145.989         31.351         49.421        41.0533       -4191.84     /gpfs/hpu/EHT2/supplementary/Moscibrodzka+2016/a+0.94/m_1_1_80/image_a+0.94.1089.163_0_230.e9_6.2e9_2.50346e+27_80.dat
