   # Index         I (Jy)      M/D (uas)       PA (deg)  VA red. chisq  CP red. chisq     red. chisq     log-liklhd     FileName
         0        1.30235        3.93163        286.943        29.0015        136.209        88.3066       -12269.6     /gpfs/hpu/EHT2/IHARM/SANE/SANE_a-0.5_288x128x128_IHARM/m_1_1_1/image_a-0.5_1000_17_0_230.e9_6.2e9_1.21342e+28_1.dat
         1       0.595259         1.0247        290.628        68.1813        196.437        138.725       -19095.5     /gpfs/hpu/EHT2/IHARM/SANE/SANE_a-0.5_288x128x128_IHARM/m_1_1_1/image_a-0.5_1006_17_0_230.e9_6.2e9_1.21342e+28_1.dat
         2        0.36725       0.975016        289.507        74.0114        243.032        167.168       -21569.3     /gpfs/hpu/EHT2/IHARM/SANE/SANE_a-0.5_288x128x128_IHARM/m_1_1_1/image_a-0.5_1012_17_0_230.e9_6.2e9_1.21342e+28_1.dat
         3       0.506355       0.828124        292.562        76.1551        280.884        189.156       -24680.4     /gpfs/hpu/EHT2/IHARM/SANE/SANE_a-0.5_288x128x128_IHARM/m_1_1_1/image_a-0.5_1018_17_0_230.e9_6.2e9_1.21342e+28_1.dat
         4       0.524664       -1.89397        287.414         87.042        45.5231        62.8858       -9899.85     /gpfs/hpu/EHT2/IHARM/SANE/SANE_a-0.5_288x128x128_IHARM/m_1_1_1/image_a-0.5_1024_17_0_230.e9_6.2e9_1.21342e+28_1.dat
         5        2.82403        6.58408        292.923        36.1704          181.6        116.657       -16805.6     /gpfs/hpu/EHT2/IHARM/SANE/SANE_a-0.5_288x128x128_IHARM/m_1_1_1/image_a-0.5_1030_17_0_230.e9_6.2e9_1.21342e+28_1.dat
         6       0.830439       -2.09701        292.959        4.46499        11.8793        8.53666       -1535.95     /gpfs/hpu/EHT2/IHARM/SANE/SANE_a-0.5_288x128x128_IHARM/m_1_1_1/image_a-0.5_1036_17_0_230.e9_6.2e9_1.21342e+28_1.dat
         7       0.765994       -1.89788        292.999        30.7039        28.6761        29.2041       -4251.56     /gpfs/hpu/EHT2/IHARM/SANE/SANE_a-0.5_288x128x128_IHARM/m_1_1_1/image_a-0.5_1042_17_0_230.e9_6.2e9_1.21342e+28_1.dat
         8       0.571282       -1.86726        283.004        41.2415        27.5779        33.1394       -4680.73     /gpfs/hpu/EHT2/IHARM/SANE/SANE_a-0.5_288x128x128_IHARM/m_1_1_1/image_a-0.5_1048_17_0_230.e9_6.2e9_1.21342e+28_1.dat
         9       0.594918       -1.86783        290.363        45.2946        35.7929        39.4594       -5498.82     /gpfs/hpu/EHT2/IHARM/SANE/SANE_a-0.5_288x128x128_IHARM/m_1_1_1/image_a-0.5_1054_17_0_230.e9_6.2e9_1.21342e+28_1.dat
        10       0.415795       -1.86698        285.868        9.39278        14.3745        12.0512       -1969.17     /gpfs/hpu/EHT2/IHARM/SANE/SANE_a-0.5_288x128x128_IHARM/m_1_1_1/image_a-0.5_1060_17_0_230.e9_6.2e9_1.21342e+28_1.dat
        11       0.560342        -1.9093        292.979        31.6268        26.9906        28.6644       -4160.99     /gpfs/hpu/EHT2/IHARM/SANE/SANE_a-0.5_288x128x128_IHARM/m_1_1_1/image_a-0.5_1066_17_0_230.e9_6.2e9_1.21342e+28_1.dat
        12       0.510632       -1.86786        283.022        33.7584        19.3979        25.3591       -3685.94     /gpfs/hpu/EHT2/IHARM/SANE/SANE_a-0.5_288x128x128_IHARM/m_1_1_1/image_a-0.5_1072_17_0_230.e9_6.2e9_1.21342e+28_1.dat
        13       0.525488       -1.94407        283.043         24.738        29.8897        27.3054       -3912.46     /gpfs/hpu/EHT2/IHARM/SANE/SANE_a-0.5_288x128x128_IHARM/m_1_1_1/image_a-0.5_1078_17_0_230.e9_6.2e9_1.21342e+28_1.dat
        14       0.617652        1.26582        283.043        61.8341        179.344        126.474       -16405.4     /gpfs/hpu/EHT2/IHARM/SANE/SANE_a-0.5_288x128x128_IHARM/m_1_1_1/image_a-0.5_1084_17_0_230.e9_6.2e9_1.21342e+28_1.dat
        15        1.71771        3.61197            283         43.977        265.747        166.849       -21251.7     /gpfs/hpu/EHT2/IHARM/SANE/SANE_a-0.5_288x128x128_IHARM/m_1_1_1/image_a-0.5_1090_17_0_230.e9_6.2e9_1.21342e+28_1.dat
        16       0.520377        1.07596        291.863         63.367        221.564         150.63       -20146.1     /gpfs/hpu/EHT2/IHARM/SANE/SANE_a-0.5_288x128x128_IHARM/m_1_1_1/image_a-0.5_1096_17_0_230.e9_6.2e9_1.21342e+28_1.dat
        17       0.551962       -1.77187        292.989        79.5484         47.984         61.022        -8313.3     /gpfs/hpu/EHT2/IHARM/SANE/SANE_a-0.5_288x128x128_IHARM/m_1_1_1/image_a-0.5_1102_17_0_230.e9_6.2e9_1.21342e+28_1.dat
        18        1.29059       -2.34139            283        21.3649        45.9897        34.8089       -4918.41     /gpfs/hpu/EHT2/IHARM/SANE/SANE_a-0.5_288x128x128_IHARM/m_1_1_1/image_a-0.5_1108_17_0_230.e9_6.2e9_1.21342e+28_1.dat
        19       0.491773       -2.19166        289.027        3.93645        7.21625        5.71388       -1197.21     /gpfs/hpu/EHT2/IHARM/SANE/SANE_a-0.5_288x128x128_IHARM/m_1_1_1/image_a-0.5_1114_17_0_230.e9_6.2e9_1.21342e+28_1.dat
        20       0.797036        2.39556        289.531        21.3312         453.86        261.755       -32938.9     /gpfs/hpu/EHT2/IHARM/SANE/SANE_a-0.5_288x128x128_IHARM/m_1_1_1/image_a-0.5_1120_17_0_230.e9_6.2e9_1.21342e+28_1.dat
        21       0.776447       -1.99387        283.003        26.6584        48.9653        38.7486       -5438.65     /gpfs/hpu/EHT2/IHARM/SANE/SANE_a-0.5_288x128x128_IHARM/m_1_1_1/image_a-0.5_1126_17_0_230.e9_6.2e9_1.21342e+28_1.dat
        22       0.880763        1.30775         287.62        57.8377        189.495        130.399       -17200.3     /gpfs/hpu/EHT2/IHARM/SANE/SANE_a-0.5_288x128x128_IHARM/m_1_1_1/image_a-0.5_1132_17_0_230.e9_6.2e9_1.21342e+28_1.dat
        23       0.654513       -1.94031        289.063        18.6959         29.308        24.3748       -3666.21     /gpfs/hpu/EHT2/IHARM/SANE/SANE_a-0.5_288x128x128_IHARM/m_1_1_1/image_a-0.5_1138_17_0_230.e9_6.2e9_1.21342e+28_1.dat
        24        0.68887        -1.9036        283.653        42.9964         98.043         73.107       -11479.7     /gpfs/hpu/EHT2/IHARM/SANE/SANE_a-0.5_288x128x128_IHARM/m_1_1_1/image_a-0.5_1144_17_0_230.e9_6.2e9_1.21342e+28_1.dat
        25       0.814128       -2.25052        283.006        36.1716        42.1716        39.0728       -5541.42     /gpfs/hpu/EHT2/IHARM/SANE/SANE_a-0.5_288x128x128_IHARM/m_1_1_1/image_a-0.5_1150_17_0_230.e9_6.2e9_1.21342e+28_1.dat
        26       0.420712        1.27444        292.964        59.2946        224.872        150.713       -19422.4     /gpfs/hpu/EHT2/IHARM/SANE/SANE_a-0.5_288x128x128_IHARM/m_1_1_1/image_a-0.5_1156_17_0_230.e9_6.2e9_1.21342e+28_1.dat
        27       0.899367       -2.60388        283.003         34.882        71.1678        54.6513       -7358.06     /gpfs/hpu/EHT2/IHARM/SANE/SANE_a-0.5_288x128x128_IHARM/m_1_1_1/image_a-0.5_1162_17_0_230.e9_6.2e9_1.21342e+28_1.dat
        28       0.553406        -1.8649        292.972        39.5458        27.9093        32.5922        -4625.4     /gpfs/hpu/EHT2/IHARM/SANE/SANE_a-0.5_288x128x128_IHARM/m_1_1_1/image_a-0.5_1168_17_0_230.e9_6.2e9_1.21342e+28_1.dat
        29       0.672525       -1.88681        290.094        57.8715        44.3774        49.6626       -6738.43     /gpfs/hpu/EHT2/IHARM/SANE/SANE_a-0.5_288x128x128_IHARM/m_1_1_1/image_a-0.5_1174_17_0_230.e9_6.2e9_1.21342e+28_1.dat
        30       0.654906        -2.0804        283.119        26.6924        34.5102        30.7197       -4354.73     /gpfs/hpu/EHT2/IHARM/SANE/SANE_a-0.5_288x128x128_IHARM/m_1_1_1/image_a-0.5_1180_17_0_230.e9_6.2e9_1.21342e+28_1.dat
        31       0.600652       -1.91913        285.808         10.297        5.98105        7.77081       -1445.79     /gpfs/hpu/EHT2/IHARM/SANE/SANE_a-0.5_288x128x128_IHARM/m_1_1_1/image_a-0.5_1186_17_0_230.e9_6.2e9_1.21342e+28_1.dat
        32        0.49746       -1.79176        283.016        10.2003        23.8867        17.6927       -2691.83     /gpfs/hpu/EHT2/IHARM/SANE/SANE_a-0.5_288x128x128_IHARM/m_1_1_1/image_a-0.5_1192_17_0_230.e9_6.2e9_1.21342e+28_1.dat
        33       0.988835       -1.73618        283.005        27.5355        31.4938         29.405        -4404.7     /gpfs/hpu/EHT2/IHARM/SANE/SANE_a-0.5_288x128x128_IHARM/m_1_1_1/image_a-0.5_1198_17_0_230.e9_6.2e9_1.21342e+28_1.dat
        34        3.17676          4.454        292.999          21.97        94.4064        62.0116       -9235.04     /gpfs/hpu/EHT2/IHARM/SANE/SANE_a-0.5_288x128x128_IHARM/m_1_1_1/image_a-0.5_1204_17_0_230.e9_6.2e9_1.21342e+28_1.dat
        35        1.50449        6.90823        287.375        21.7228        90.4478        59.7022       -12744.1     /gpfs/hpu/EHT2/IHARM/SANE/SANE_a-0.5_288x128x128_IHARM/m_1_1_1/image_a-0.5_1210_17_0_230.e9_6.2e9_1.21342e+28_1.dat
        36        1.11304        3.69889        292.995        15.3849        125.493        76.4688       -10061.4     /gpfs/hpu/EHT2/IHARM/SANE/SANE_a-0.5_288x128x128_IHARM/m_1_1_1/image_a-0.5_1216_17_0_230.e9_6.2e9_1.21342e+28_1.dat
        37       0.801707       -1.95715        283.011        41.2548         69.029        56.2107       -10224.7     /gpfs/hpu/EHT2/IHARM/SANE/SANE_a-0.5_288x128x128_IHARM/m_1_1_1/image_a-0.5_1222_17_0_230.e9_6.2e9_1.21342e+28_1.dat
        38       0.747385        3.34663        284.758        77.8777        424.166        269.629       -35250.7     /gpfs/hpu/EHT2/IHARM/SANE/SANE_a-0.5_288x128x128_IHARM/m_1_1_1/image_a-0.5_1228_17_0_230.e9_6.2e9_1.21342e+28_1.dat
        39       0.576384       -2.43474        292.989        52.3643        55.2836        53.3553       -7593.41     /gpfs/hpu/EHT2/IHARM/SANE/SANE_a-0.5_288x128x128_IHARM/m_1_1_1/image_a-0.5_1234_17_0_230.e9_6.2e9_1.21342e+28_1.dat
        40        1.05853        3.67934        292.979        63.2616        199.251        138.168         -18008     /gpfs/hpu/EHT2/IHARM/SANE/SANE_a-0.5_288x128x128_IHARM/m_1_1_1/image_a-0.5_1240_17_0_230.e9_6.2e9_1.21342e+28_1.dat
        41        1.24603        2.82435        283.004        48.7082        42.1253        44.4559       -7368.08     /gpfs/hpu/EHT2/IHARM/SANE/SANE_a-0.5_288x128x128_IHARM/m_1_1_1/image_a-0.5_1246_17_0_230.e9_6.2e9_1.21342e+28_1.dat
        42       0.590785       -1.81976        292.956        64.2925        26.5606        42.5188       -5819.68     /gpfs/hpu/EHT2/IHARM/SANE/SANE_a-0.5_288x128x128_IHARM/m_1_1_1/image_a-0.5_1252_17_0_230.e9_6.2e9_1.21342e+28_1.dat
        43       0.470877       -1.80079        285.801        44.4452        40.8612        41.9132       -5682.26     /gpfs/hpu/EHT2/IHARM/SANE/SANE_a-0.5_288x128x128_IHARM/m_1_1_1/image_a-0.5_1258_17_0_230.e9_6.2e9_1.21342e+28_1.dat
        44        1.06369        2.92048        292.998        19.8316        139.465        86.1618       -11222.9     /gpfs/hpu/EHT2/IHARM/SANE/SANE_a-0.5_288x128x128_IHARM/m_1_1_1/image_a-0.5_1264_17_0_230.e9_6.2e9_1.21342e+28_1.dat
        45        1.02399         2.7624            293        33.3695        213.274        133.074       -17929.3     /gpfs/hpu/EHT2/IHARM/SANE/SANE_a-0.5_288x128x128_IHARM/m_1_1_1/image_a-0.5_1270_17_0_230.e9_6.2e9_1.21342e+28_1.dat
        46       0.702043        -1.8085         283.64        19.3387        44.9591        33.3613       -4861.35     /gpfs/hpu/EHT2/IHARM/SANE/SANE_a-0.5_288x128x128_IHARM/m_1_1_1/image_a-0.5_1276_17_0_230.e9_6.2e9_1.21342e+28_1.dat
        47       0.668187        1.17467        291.783        59.0833        199.305        136.395       -18380.3     /gpfs/hpu/EHT2/IHARM/SANE/SANE_a-0.5_288x128x128_IHARM/m_1_1_1/image_a-0.5_1282_17_0_230.e9_6.2e9_1.21342e+28_1.dat
        48       0.799002       -2.22117        283.074        54.1642        57.7817        55.5219       -9766.04     /gpfs/hpu/EHT2/IHARM/SANE/SANE_a-0.5_288x128x128_IHARM/m_1_1_1/image_a-0.5_1288_17_0_230.e9_6.2e9_1.21342e+28_1.dat
        49        1.45755        -2.4331        283.925        27.1404        25.3954        25.8411       -4163.73     /gpfs/hpu/EHT2/IHARM/SANE/SANE_a-0.5_288x128x128_IHARM/m_1_1_1/image_a-0.5_1294_17_0_230.e9_6.2e9_1.21342e+28_1.dat
        50       0.939321        2.95361        290.579        20.2246        258.753        152.709       -19465.8     /gpfs/hpu/EHT2/IHARM/SANE/SANE_a-0.5_288x128x128_IHARM/m_1_1_1/image_a-0.5_1300_17_0_230.e9_6.2e9_1.21342e+28_1.dat
        51        0.79741       -1.91523        283.015        21.3705        30.4803        26.1812        -4167.6     /gpfs/hpu/EHT2/IHARM/SANE/SANE_a-0.5_288x128x128_IHARM/m_1_1_1/image_a-0.5_1306_17_0_230.e9_6.2e9_1.21342e+28_1.dat
        52       0.486275       -1.86331        291.052        56.1454        67.6594        61.8732       -18894.7     /gpfs/hpu/EHT2/IHARM/SANE/SANE_a-0.5_288x128x128_IHARM/m_1_1_1/image_a-0.5_1312_17_0_230.e9_6.2e9_1.21342e+28_1.dat
        53       0.100437     -0.0519879        283.563        69.9464        267.722        179.153       -22694.8     /gpfs/hpu/EHT2/IHARM/SANE/SANE_a-0.5_288x128x128_IHARM/m_1_1_1/image_a-0.5_1318_17_0_230.e9_6.2e9_1.21342e+28_1.dat
        54       0.464656       -1.83288        292.953        87.8803        82.3296        83.7286       -11548.1     /gpfs/hpu/EHT2/IHARM/SANE/SANE_a-0.5_288x128x128_IHARM/m_1_1_1/image_a-0.5_1324_17_0_230.e9_6.2e9_1.21342e+28_1.dat
        55       0.722022       -2.22752        292.996        7.97287         25.238        17.4836       -2687.64     /gpfs/hpu/EHT2/IHARM/SANE/SANE_a-0.5_288x128x128_IHARM/m_1_1_1/image_a-0.5_1330_17_0_230.e9_6.2e9_1.21342e+28_1.dat
        56       0.469594       -2.00174        292.883        1.67326        6.44506         4.3083       -1040.02     /gpfs/hpu/EHT2/IHARM/SANE/SANE_a-0.5_288x128x128_IHARM/m_1_1_1/image_a-0.5_1336_17_0_230.e9_6.2e9_1.21342e+28_1.dat
        57       0.388613       -1.85447        292.983        17.6055        8.29843        12.2136       -1995.96     /gpfs/hpu/EHT2/IHARM/SANE/SANE_a-0.5_288x128x128_IHARM/m_1_1_1/image_a-0.5_1342_17_0_230.e9_6.2e9_1.21342e+28_1.dat
        58        1.49263        2.40068        283.001        44.8719        115.671        83.7254       -12220.3     /gpfs/hpu/EHT2/IHARM/SANE/SANE_a-0.5_288x128x128_IHARM/m_1_1_1/image_a-0.5_1348_17_0_230.e9_6.2e9_1.21342e+28_1.dat
        59       0.872533        1.12806        283.006        87.3083        141.061        116.163       -15651.7     /gpfs/hpu/EHT2/IHARM/SANE/SANE_a-0.5_288x128x128_IHARM/m_1_1_1/image_a-0.5_1354_17_0_230.e9_6.2e9_1.21342e+28_1.dat
        60       0.879083        2.61926            293         12.499        177.413        104.115       -13629.8     /gpfs/hpu/EHT2/IHARM/SANE/SANE_a-0.5_288x128x128_IHARM/m_1_1_1/image_a-0.5_1360_17_0_230.e9_6.2e9_1.21342e+28_1.dat
        61        1.28953        7.30891        287.977        26.3814        231.299        140.089       -19345.8     /gpfs/hpu/EHT2/IHARM/SANE/SANE_a-0.5_288x128x128_IHARM/m_1_1_1/image_a-0.5_1366_17_0_230.e9_6.2e9_1.21342e+28_1.dat
        62       0.813029       -1.76564        291.309        36.9955        26.4109        30.6582       -4507.38     /gpfs/hpu/EHT2/IHARM/SANE/SANE_a-0.5_288x128x128_IHARM/m_1_1_1/image_a-0.5_1372_17_0_230.e9_6.2e9_1.21342e+28_1.dat
        63       0.918739        1.18868        283.221        68.9418        201.232        141.721       -19470.5     /gpfs/hpu/EHT2/IHARM/SANE/SANE_a-0.5_288x128x128_IHARM/m_1_1_1/image_a-0.5_1378_17_0_230.e9_6.2e9_1.21342e+28_1.dat
        64        1.34808        3.80845        283.673        47.4727         144.05        100.639       -13134.9     /gpfs/hpu/EHT2/IHARM/SANE/SANE_a-0.5_288x128x128_IHARM/m_1_1_1/image_a-0.5_1384_17_0_230.e9_6.2e9_1.21342e+28_1.dat
        65        0.81651       -2.73787         283.54        35.0219        52.5762        44.3663       -14405.8     /gpfs/hpu/EHT2/IHARM/SANE/SANE_a-0.5_288x128x128_IHARM/m_1_1_1/image_a-0.5_1390_17_0_230.e9_6.2e9_1.21342e+28_1.dat
        66       0.737784       -1.66119        292.999        73.3262        56.1793        62.8978       -16733.2     /gpfs/hpu/EHT2/IHARM/SANE/SANE_a-0.5_288x128x128_IHARM/m_1_1_1/image_a-0.5_1396_17_0_230.e9_6.2e9_1.21342e+28_1.dat
        67       0.739234       -1.84752        285.019        29.2836        34.3683        31.7588       -4560.99     /gpfs/hpu/EHT2/IHARM/SANE/SANE_a-0.5_288x128x128_IHARM/m_1_1_1/image_a-0.5_1402_17_0_230.e9_6.2e9_1.21342e+28_1.dat
        68        1.27721       -1.90207        288.282        33.7133        31.3498        31.9903       -4821.91     /gpfs/hpu/EHT2/IHARM/SANE/SANE_a-0.5_288x128x128_IHARM/m_1_1_1/image_a-0.5_1408_17_0_230.e9_6.2e9_1.21342e+28_1.dat
        69        1.78508        5.68566        292.235        8.46497        182.104        104.984         -14231     /gpfs/hpu/EHT2/IHARM/SANE/SANE_a-0.5_288x128x128_IHARM/m_1_1_1/image_a-0.5_1414_17_0_230.e9_6.2e9_1.21342e+28_1.dat
        70        0.62305       -1.92446        283.006        40.3671        47.9413        44.0935       -6106.21     /gpfs/hpu/EHT2/IHARM/SANE/SANE_a-0.5_288x128x128_IHARM/m_1_1_1/image_a-0.5_1420_17_0_230.e9_6.2e9_1.21342e+28_1.dat
        71       0.397434       -2.05166         292.81        38.8498        29.0402        32.9213       -4563.81     /gpfs/hpu/EHT2/IHARM/SANE/SANE_a-0.5_288x128x128_IHARM/m_1_1_1/image_a-0.5_1426_17_0_230.e9_6.2e9_1.21342e+28_1.dat
        72        0.50301        1.15883        283.005        68.9522        198.673        140.302       -18638.9     /gpfs/hpu/EHT2/IHARM/SANE/SANE_a-0.5_288x128x128_IHARM/m_1_1_1/image_a-0.5_1432_17_0_230.e9_6.2e9_1.21342e+28_1.dat
        73       0.621159        3.87122        286.168        14.9295         269.03        156.143       -41333.1     /gpfs/hpu/EHT2/IHARM/SANE/SANE_a-0.5_288x128x128_IHARM/m_1_1_1/image_a-0.5_1438_17_0_230.e9_6.2e9_1.21342e+28_1.dat
        74       0.176508       0.808431        292.569        71.6114         260.88        176.064       -22334.8     /gpfs/hpu/EHT2/IHARM/SANE/SANE_a-0.5_288x128x128_IHARM/m_1_1_1/image_a-0.5_1444_17_0_230.e9_6.2e9_1.21342e+28_1.dat
        75        2.84592        7.69549        292.121         22.767        125.573        79.6979       -12340.5     /gpfs/hpu/EHT2/IHARM/SANE/SANE_a-0.5_288x128x128_IHARM/m_1_1_1/image_a-0.5_1450_17_0_230.e9_6.2e9_1.21342e+28_1.dat
        76       0.498092       -1.74851        292.997         55.306        23.8592        37.1384        -5137.6     /gpfs/hpu/EHT2/IHARM/SANE/SANE_a-0.5_288x128x128_IHARM/m_1_1_1/image_a-0.5_1456_17_0_230.e9_6.2e9_1.21342e+28_1.dat
        77       0.738005       -1.95045        286.819        50.6295        60.1873        55.3355       -9530.63     /gpfs/hpu/EHT2/IHARM/SANE/SANE_a-0.5_288x128x128_IHARM/m_1_1_1/image_a-0.5_1462_17_0_230.e9_6.2e9_1.21342e+28_1.dat
        78        3.07472         3.7395        292.997        21.3582        170.725        104.215       -13798.3     /gpfs/hpu/EHT2/IHARM/SANE/SANE_a-0.5_288x128x128_IHARM/m_1_1_1/image_a-0.5_1468_17_0_230.e9_6.2e9_1.21342e+28_1.dat
        79       0.822147       -2.17305        292.545         24.938        37.9839        31.8957       -4601.22     /gpfs/hpu/EHT2/IHARM/SANE/SANE_a-0.5_288x128x128_IHARM/m_1_1_1/image_a-0.5_1474_17_0_230.e9_6.2e9_1.21342e+28_1.dat
        80        1.92656        3.27792        286.243        41.7737        209.079        134.365       -17413.8     /gpfs/hpu/EHT2/IHARM/SANE/SANE_a-0.5_288x128x128_IHARM/m_1_1_1/image_a-0.5_1480_17_0_230.e9_6.2e9_1.21342e+28_1.dat
        81       0.379801       -1.88206        289.293        33.7533        25.9642        29.0107       -4491.44     /gpfs/hpu/EHT2/IHARM/SANE/SANE_a-0.5_288x128x128_IHARM/m_1_1_1/image_a-0.5_1486_17_0_230.e9_6.2e9_1.21342e+28_1.dat
        82       0.526872       -1.95943        292.962        29.8902        13.2962        20.2949       -3003.25     /gpfs/hpu/EHT2/IHARM/SANE/SANE_a-0.5_288x128x128_IHARM/m_1_1_1/image_a-0.5_1492_17_0_230.e9_6.2e9_1.21342e+28_1.dat
        83       0.338925       -1.92194        292.993        8.57211        44.9226        28.6957       -4071.57     /gpfs/hpu/EHT2/IHARM/SANE/SANE_a-0.5_288x128x128_IHARM/m_1_1_1/image_a-0.5_1498_17_0_230.e9_6.2e9_1.21342e+28_1.dat
        84       0.117145      -0.417243        283.429        70.7354        266.816        178.989       -22663.9     /gpfs/hpu/EHT2/IHARM/SANE/SANE_a-0.5_288x128x128_IHARM/m_1_1_1/image_a-0.5_1504_17_0_230.e9_6.2e9_1.21342e+28_1.dat
        85       0.819545       -1.72099        289.123        15.4832        43.9953        31.1615        -4592.3     /gpfs/hpu/EHT2/IHARM/SANE/SANE_a-0.5_288x128x128_IHARM/m_1_1_1/image_a-0.5_1510_17_0_230.e9_6.2e9_1.21342e+28_1.dat
        86         1.4753       -4.03416        292.041        15.7037        14.3674        14.7701       -2560.36     /gpfs/hpu/EHT2/IHARM/SANE/SANE_a-0.5_288x128x128_IHARM/m_1_1_1/image_a-0.5_1516_17_0_230.e9_6.2e9_1.21342e+28_1.dat
        87       0.397893       -1.70945        289.321        44.0018        23.6713        32.1566       -4494.92     /gpfs/hpu/EHT2/IHARM/SANE/SANE_a-0.5_288x128x128_IHARM/m_1_1_1/image_a-0.5_1522_17_0_230.e9_6.2e9_1.21342e+28_1.dat
        88       0.476231       -1.88429        292.995        47.5612        32.1124        38.3894       -5318.03     /gpfs/hpu/EHT2/IHARM/SANE/SANE_a-0.5_288x128x128_IHARM/m_1_1_1/image_a-0.5_1528_17_0_230.e9_6.2e9_1.21342e+28_1.dat
        89       0.410295       -2.02805        292.967        13.1533        18.3836        15.9046       -2433.86     /gpfs/hpu/EHT2/IHARM/SANE/SANE_a-0.5_288x128x128_IHARM/m_1_1_1/image_a-0.5_1534_17_0_230.e9_6.2e9_1.21342e+28_1.dat
        90       0.736724        2.99328            293        44.7503        178.126        118.426       -15184.8     /gpfs/hpu/EHT2/IHARM/SANE/SANE_a-0.5_288x128x128_IHARM/m_1_1_1/image_a-0.5_1540_17_0_230.e9_6.2e9_1.21342e+28_1.dat
        91       0.853534        1.10529        292.993         71.014        202.914        143.551       -19211.7     /gpfs/hpu/EHT2/IHARM/SANE/SANE_a-0.5_288x128x128_IHARM/m_1_1_1/image_a-0.5_1546_17_0_230.e9_6.2e9_1.21342e+28_1.dat
        92       0.829529       -1.83107        292.988         34.038        36.1048        34.7763       -5048.76     /gpfs/hpu/EHT2/IHARM/SANE/SANE_a-0.5_288x128x128_IHARM/m_1_1_1/image_a-0.5_1552_17_0_230.e9_6.2e9_1.21342e+28_1.dat
        93       0.594711       -1.88847        292.998        35.7405        42.7886        39.2301       -5539.75     /gpfs/hpu/EHT2/IHARM/SANE/SANE_a-0.5_288x128x128_IHARM/m_1_1_1/image_a-0.5_1558_17_0_230.e9_6.2e9_1.21342e+28_1.dat
        94        0.70326       -1.96444        283.747        55.6108        37.6926        44.9674       -6163.69     /gpfs/hpu/EHT2/IHARM/SANE/SANE_a-0.5_288x128x128_IHARM/m_1_1_1/image_a-0.5_1564_17_0_230.e9_6.2e9_1.21342e+28_1.dat
        95       0.666784       -1.88343        292.953        17.9781         27.506        23.0624       -3368.12     /gpfs/hpu/EHT2/IHARM/SANE/SANE_a-0.5_288x128x128_IHARM/m_1_1_1/image_a-0.5_1570_17_0_230.e9_6.2e9_1.21342e+28_1.dat
        96        1.36121        3.92602        283.005        29.4568        233.993        142.915       -18632.8     /gpfs/hpu/EHT2/IHARM/SANE/SANE_a-0.5_288x128x128_IHARM/m_1_1_1/image_a-0.5_1576_17_0_230.e9_6.2e9_1.21342e+28_1.dat
        97        0.39726       -1.80581        284.736        4.18182        16.8146        11.1607       -1870.45     /gpfs/hpu/EHT2/IHARM/SANE/SANE_a-0.5_288x128x128_IHARM/m_1_1_1/image_a-0.5_1582_17_0_230.e9_6.2e9_1.21342e+28_1.dat
        98        0.37263       -1.83503        292.998        15.7344        18.2556         16.947       -2554.02     /gpfs/hpu/EHT2/IHARM/SANE/SANE_a-0.5_288x128x128_IHARM/m_1_1_1/image_a-0.5_1588_17_0_230.e9_6.2e9_1.21342e+28_1.dat
        99       0.531286       -1.84848        283.273        14.3302        18.3494        16.3934       -2579.48     /gpfs/hpu/EHT2/IHARM/SANE/SANE_a-0.5_288x128x128_IHARM/m_1_1_1/image_a-0.5_1594_17_0_230.e9_6.2e9_1.21342e+28_1.dat
