   # Index         I (Jy)      M/D (uas)       PA (deg)  VA red. chisq  CP red. chisq     red. chisq     log-liklhd     FileName
         0       0.711593        3.28205         112.99        3.38806        7.49198        5.63071       -1236.73     /gpfs/hpu/EHT2/IHARM/MAD/MAD_a0_384x192x192_IHARM/m_1_1_40/image_a0_0000_163_0_230.e9_6.2e9_1.90889e+25_40.dat
         1        1.36139       -4.37348        112.999        35.8449        61.2184        49.5304       -12834.2     /gpfs/hpu/EHT2/IHARM/MAD/MAD_a0_384x192x192_IHARM/m_1_1_40/image_a0_0001_163_0_230.e9_6.2e9_1.90889e+25_40.dat
         2       0.413961        3.24971         112.96        9.97989          69.96        43.2352       -5869.02     /gpfs/hpu/EHT2/IHARM/MAD/MAD_a0_384x192x192_IHARM/m_1_1_40/image_a0_0002_163_0_230.e9_6.2e9_1.90889e+25_40.dat
         3        0.69947        3.87557         104.79        7.43625        55.8542        34.2885       -6673.34     /gpfs/hpu/EHT2/IHARM/MAD/MAD_a0_384x192x192_IHARM/m_1_1_40/image_a0_0003_163_0_230.e9_6.2e9_1.90889e+25_40.dat
         4       0.746577        3.98321        112.979        11.5345        230.825         133.42       -17269.2     /gpfs/hpu/EHT2/IHARM/MAD/MAD_a0_384x192x192_IHARM/m_1_1_40/image_a0_0004_163_0_230.e9_6.2e9_1.90889e+25_40.dat
         5        1.64226        5.76321        105.556        83.9094        114.883        100.129       -13935.5     /gpfs/hpu/EHT2/IHARM/MAD/MAD_a0_384x192x192_IHARM/m_1_1_40/image_a0_0005_163_0_230.e9_6.2e9_1.90889e+25_40.dat
         6       0.518728        3.31437        110.546        2.83864        4.33769        3.63845       -870.881     /gpfs/hpu/EHT2/IHARM/MAD/MAD_a0_384x192x192_IHARM/m_1_1_40/image_a0_0006_163_0_230.e9_6.2e9_1.90889e+25_40.dat
         7       0.983122        3.35286        112.999        14.4567        113.007        69.1204       -12872.6     /gpfs/hpu/EHT2/IHARM/MAD/MAD_a0_384x192x192_IHARM/m_1_1_40/image_a0_0007_163_0_230.e9_6.2e9_1.90889e+25_40.dat
         8        0.56343        2.88871        112.995        10.0737        68.4112        42.4138       -5805.49     /gpfs/hpu/EHT2/IHARM/MAD/MAD_a0_384x192x192_IHARM/m_1_1_40/image_a0_0008_163_0_230.e9_6.2e9_1.90889e+25_40.dat
         9       0.583463        3.11852        112.994        10.8159        13.4201        12.1342       -1924.02     /gpfs/hpu/EHT2/IHARM/MAD/MAD_a0_384x192x192_IHARM/m_1_1_40/image_a0_0009_163_0_230.e9_6.2e9_1.90889e+25_40.dat
        10        1.50522        3.90437        103.003        12.3627        355.899        203.375       -25826.7     /gpfs/hpu/EHT2/IHARM/MAD/MAD_a0_384x192x192_IHARM/m_1_1_40/image_a0_0010_163_0_230.e9_6.2e9_1.90889e+25_40.dat
        11       0.833559        3.59308        112.998        11.2074        129.711        77.0131       -11106.9     /gpfs/hpu/EHT2/IHARM/MAD/MAD_a0_384x192x192_IHARM/m_1_1_40/image_a0_0011_163_0_230.e9_6.2e9_1.90889e+25_40.dat
        12       0.669795        3.62978        112.991        32.3362         101.48        70.4202       -9982.64     /gpfs/hpu/EHT2/IHARM/MAD/MAD_a0_384x192x192_IHARM/m_1_1_40/image_a0_0012_163_0_230.e9_6.2e9_1.90889e+25_40.dat
        13       0.826064        3.60243            103         49.762        159.494        110.221         -18632     /gpfs/hpu/EHT2/IHARM/MAD/MAD_a0_384x192x192_IHARM/m_1_1_40/image_a0_0013_163_0_230.e9_6.2e9_1.90889e+25_40.dat
        14       0.721449        3.85681        103.074        9.21802        22.2084         16.335        -2446.1     /gpfs/hpu/EHT2/IHARM/MAD/MAD_a0_384x192x192_IHARM/m_1_1_40/image_a0_0014_163_0_230.e9_6.2e9_1.90889e+25_40.dat
        15       0.735084        2.83712        103.005         24.837        73.7695        51.7651       -6886.61     /gpfs/hpu/EHT2/IHARM/MAD/MAD_a0_384x192x192_IHARM/m_1_1_40/image_a0_0015_163_0_230.e9_6.2e9_1.90889e+25_40.dat
        16       0.675667        3.59922            103        23.5157        182.759        111.842       -14328.8     /gpfs/hpu/EHT2/IHARM/MAD/MAD_a0_384x192x192_IHARM/m_1_1_40/image_a0_0016_163_0_230.e9_6.2e9_1.90889e+25_40.dat
        17        1.12586         3.0125         112.91        33.5227        115.145         78.536       -12139.1     /gpfs/hpu/EHT2/IHARM/MAD/MAD_a0_384x192x192_IHARM/m_1_1_40/image_a0_0017_163_0_230.e9_6.2e9_1.90889e+25_40.dat
        18       0.620279       -1.36936        104.311        92.5818        174.333        136.952         -18324     /gpfs/hpu/EHT2/IHARM/MAD/MAD_a0_384x192x192_IHARM/m_1_1_40/image_a0_0018_163_0_230.e9_6.2e9_1.90889e+25_40.dat
        19       0.995972        3.94647        112.997        4.93817        110.322        63.5195       -8398.12     /gpfs/hpu/EHT2/IHARM/MAD/MAD_a0_384x192x192_IHARM/m_1_1_40/image_a0_0019_163_0_230.e9_6.2e9_1.90889e+25_40.dat
        20        1.55616        4.08327            103        68.7104         145.42        110.564       -15815.6     /gpfs/hpu/EHT2/IHARM/MAD/MAD_a0_384x192x192_IHARM/m_1_1_40/image_a0_0020_163_0_230.e9_6.2e9_1.90889e+25_40.dat
        21        1.43558        5.05306         109.78         25.611        33.1296         29.485       -4301.99     /gpfs/hpu/EHT2/IHARM/MAD/MAD_a0_384x192x192_IHARM/m_1_1_40/image_a0_0021_163_0_230.e9_6.2e9_1.90889e+25_40.dat
        22       0.477866        3.78609        111.922        9.06538        23.5032        16.9897       -2543.82     /gpfs/hpu/EHT2/IHARM/MAD/MAD_a0_384x192x192_IHARM/m_1_1_40/image_a0_0022_163_0_230.e9_6.2e9_1.90889e+25_40.dat
        23       0.543342        3.50332        103.002        11.9132        64.5806         41.076       -5555.04     /gpfs/hpu/EHT2/IHARM/MAD/MAD_a0_384x192x192_IHARM/m_1_1_40/image_a0_0023_163_0_230.e9_6.2e9_1.90889e+25_40.dat
        24       0.626543        3.30481        112.998        7.45692        111.563        65.2968       -8812.66     /gpfs/hpu/EHT2/IHARM/MAD/MAD_a0_384x192x192_IHARM/m_1_1_40/image_a0_0024_163_0_230.e9_6.2e9_1.90889e+25_40.dat
        25       0.656971         3.0556        112.998        9.18547        32.3864        21.9846        -3274.3     /gpfs/hpu/EHT2/IHARM/MAD/MAD_a0_384x192x192_IHARM/m_1_1_40/image_a0_0025_163_0_230.e9_6.2e9_1.90889e+25_40.dat
        26       0.629348        3.82412            103        23.2341        201.679        122.249       -15954.2     /gpfs/hpu/EHT2/IHARM/MAD/MAD_a0_384x192x192_IHARM/m_1_1_40/image_a0_0026_163_0_230.e9_6.2e9_1.90889e+25_40.dat
        27        1.04992        2.59048        103.002        21.3389        267.215        157.899       -20387.5     /gpfs/hpu/EHT2/IHARM/MAD/MAD_a0_384x192x192_IHARM/m_1_1_40/image_a0_0027_163_0_230.e9_6.2e9_1.90889e+25_40.dat
        28       0.728929        2.05279        103.147        39.6563        253.568        158.208       -20224.8     /gpfs/hpu/EHT2/IHARM/MAD/MAD_a0_384x192x192_IHARM/m_1_1_40/image_a0_0028_163_0_230.e9_6.2e9_1.90889e+25_40.dat
        29       0.874936        3.61675        112.999         64.925        155.377        114.472       -22015.5     /gpfs/hpu/EHT2/IHARM/MAD/MAD_a0_384x192x192_IHARM/m_1_1_40/image_a0_0029_163_0_230.e9_6.2e9_1.90889e+25_40.dat
        30        1.49268        4.94432        110.481        32.7325        137.713         90.753         -11883     /gpfs/hpu/EHT2/IHARM/MAD/MAD_a0_384x192x192_IHARM/m_1_1_40/image_a0_0030_163_0_230.e9_6.2e9_1.90889e+25_40.dat
        31        1.32319        4.12102            113        5.11738        195.438         110.96       -14994.4     /gpfs/hpu/EHT2/IHARM/MAD/MAD_a0_384x192x192_IHARM/m_1_1_40/image_a0_0031_163_0_230.e9_6.2e9_1.90889e+25_40.dat
        32       0.505927         3.3987        112.999         8.1045        53.8239        33.4471       -4747.66     /gpfs/hpu/EHT2/IHARM/MAD/MAD_a0_384x192x192_IHARM/m_1_1_40/image_a0_0032_163_0_230.e9_6.2e9_1.90889e+25_40.dat
        33       0.651875        3.22871        112.975        7.25599        26.1167        17.6633       -2815.21     /gpfs/hpu/EHT2/IHARM/MAD/MAD_a0_384x192x192_IHARM/m_1_1_40/image_a0_0033_163_0_230.e9_6.2e9_1.90889e+25_40.dat
        34       0.776513        3.38259        111.153        9.32181        40.1577        26.3677       -3964.45     /gpfs/hpu/EHT2/IHARM/MAD/MAD_a0_384x192x192_IHARM/m_1_1_40/image_a0_0034_163_0_230.e9_6.2e9_1.90889e+25_40.dat
        35       0.546123        3.24106        107.309        6.80242        60.4258         36.559       -5158.57     /gpfs/hpu/EHT2/IHARM/MAD/MAD_a0_384x192x192_IHARM/m_1_1_40/image_a0_0035_163_0_230.e9_6.2e9_1.90889e+25_40.dat
        36       0.702839         3.2082        112.992        4.46961         115.69        66.3043       -10104.3     /gpfs/hpu/EHT2/IHARM/MAD/MAD_a0_384x192x192_IHARM/m_1_1_40/image_a0_0036_163_0_230.e9_6.2e9_1.90889e+25_40.dat
        37        0.74884        3.42455        112.996        13.8123        80.9039        50.9784       -7509.29     /gpfs/hpu/EHT2/IHARM/MAD/MAD_a0_384x192x192_IHARM/m_1_1_40/image_a0_0037_163_0_230.e9_6.2e9_1.90889e+25_40.dat
        38        1.58328        6.00726        112.848        61.3537        93.3796        78.4324       -12507.7     /gpfs/hpu/EHT2/IHARM/MAD/MAD_a0_384x192x192_IHARM/m_1_1_40/image_a0_0038_163_0_230.e9_6.2e9_1.90889e+25_40.dat
        39        1.47358        4.59417        110.736        21.8687        72.6238        49.8469       -7114.52     /gpfs/hpu/EHT2/IHARM/MAD/MAD_a0_384x192x192_IHARM/m_1_1_40/image_a0_0039_163_0_230.e9_6.2e9_1.90889e+25_40.dat
        40        0.76526        3.95138            113        32.4581         41.053        36.8481       -5351.52     /gpfs/hpu/EHT2/IHARM/MAD/MAD_a0_384x192x192_IHARM/m_1_1_40/image_a0_0040_163_0_230.e9_6.2e9_1.90889e+25_40.dat
        41       0.943623        3.39474        112.878        25.9873        24.6132        24.9084        -3861.1     /gpfs/hpu/EHT2/IHARM/MAD/MAD_a0_384x192x192_IHARM/m_1_1_40/image_a0_0041_163_0_230.e9_6.2e9_1.90889e+25_40.dat
        42       0.661104        3.85591        112.977        4.24067         34.898        21.2487        -3069.6     /gpfs/hpu/EHT2/IHARM/MAD/MAD_a0_384x192x192_IHARM/m_1_1_40/image_a0_0042_163_0_230.e9_6.2e9_1.90889e+25_40.dat
        43       0.717036        3.33876        103.027        13.0374        22.1352        17.9422       -2828.53     /gpfs/hpu/EHT2/IHARM/MAD/MAD_a0_384x192x192_IHARM/m_1_1_40/image_a0_0043_163_0_230.e9_6.2e9_1.90889e+25_40.dat
        44       0.734676        3.10436        103.013        8.45774        59.4456        36.7277       -5132.46     /gpfs/hpu/EHT2/IHARM/MAD/MAD_a0_384x192x192_IHARM/m_1_1_40/image_a0_0044_163_0_230.e9_6.2e9_1.90889e+25_40.dat
        45       0.473219        3.76569        103.021        3.95872        9.39798        6.93752        -1243.3     /gpfs/hpu/EHT2/IHARM/MAD/MAD_a0_384x192x192_IHARM/m_1_1_40/image_a0_0045_163_0_230.e9_6.2e9_1.90889e+25_40.dat
        46       0.563094        3.66215        103.335        6.19173        13.6866        10.2874       -1667.32     /gpfs/hpu/EHT2/IHARM/MAD/MAD_a0_384x192x192_IHARM/m_1_1_40/image_a0_0046_163_0_230.e9_6.2e9_1.90889e+25_40.dat
        47        0.57998        3.73879        103.028        7.24987        42.8445        26.9688       -3752.44     /gpfs/hpu/EHT2/IHARM/MAD/MAD_a0_384x192x192_IHARM/m_1_1_40/image_a0_0047_163_0_230.e9_6.2e9_1.90889e+25_40.dat
        48       0.761187        3.48672        107.612        15.0444         28.646         22.431       -3427.96     /gpfs/hpu/EHT2/IHARM/MAD/MAD_a0_384x192x192_IHARM/m_1_1_40/image_a0_0048_163_0_230.e9_6.2e9_1.90889e+25_40.dat
        49       0.487515        3.36994        112.967        6.17032        21.1191        14.4139       -2245.08     /gpfs/hpu/EHT2/IHARM/MAD/MAD_a0_384x192x192_IHARM/m_1_1_40/image_a0_0049_163_0_230.e9_6.2e9_1.90889e+25_40.dat
        50        0.53827        3.52364        109.144        9.05877        18.1723        14.0204       -2251.03     /gpfs/hpu/EHT2/IHARM/MAD/MAD_a0_384x192x192_IHARM/m_1_1_40/image_a0_0050_163_0_230.e9_6.2e9_1.90889e+25_40.dat
        51       0.483772        3.19697        112.986        9.56946        42.9318        28.0182       -3926.84     /gpfs/hpu/EHT2/IHARM/MAD/MAD_a0_384x192x192_IHARM/m_1_1_40/image_a0_0051_163_0_230.e9_6.2e9_1.90889e+25_40.dat
        52       0.463695        3.12228        112.995        6.42626        64.5393        38.6856       -5317.56     /gpfs/hpu/EHT2/IHARM/MAD/MAD_a0_384x192x192_IHARM/m_1_1_40/image_a0_0052_163_0_230.e9_6.2e9_1.90889e+25_40.dat
        53        0.45699        3.43179        110.492        2.22751         7.3291        5.03935       -1015.62     /gpfs/hpu/EHT2/IHARM/MAD/MAD_a0_384x192x192_IHARM/m_1_1_40/image_a0_0053_163_0_230.e9_6.2e9_1.90889e+25_40.dat
        54       0.531204        3.35351         103.01        4.05639        8.06254        6.23655       -1256.52     /gpfs/hpu/EHT2/IHARM/MAD/MAD_a0_384x192x192_IHARM/m_1_1_40/image_a0_0054_163_0_230.e9_6.2e9_1.90889e+25_40.dat
        55       0.539394        3.35832        103.018        7.22474         26.258        17.7284       -2723.06     /gpfs/hpu/EHT2/IHARM/MAD/MAD_a0_384x192x192_IHARM/m_1_1_40/image_a0_0055_163_0_230.e9_6.2e9_1.90889e+25_40.dat
        56        1.07972        3.60474        110.034        19.3704        228.893        135.725       -17857.5     /gpfs/hpu/EHT2/IHARM/MAD/MAD_a0_384x192x192_IHARM/m_1_1_40/image_a0_0056_163_0_230.e9_6.2e9_1.90889e+25_40.dat
        57       0.542199        3.24586        103.251        4.58854        15.8812        10.8169       -1845.44     /gpfs/hpu/EHT2/IHARM/MAD/MAD_a0_384x192x192_IHARM/m_1_1_40/image_a0_0057_163_0_230.e9_6.2e9_1.90889e+25_40.dat
        58        0.53196         3.4477        104.185        6.00994        5.92377        5.88929       -1138.89     /gpfs/hpu/EHT2/IHARM/MAD/MAD_a0_384x192x192_IHARM/m_1_1_40/image_a0_0058_163_0_230.e9_6.2e9_1.90889e+25_40.dat
        59       0.702706        3.43432        103.018        13.4098        51.6367         34.519       -4782.91     /gpfs/hpu/EHT2/IHARM/MAD/MAD_a0_384x192x192_IHARM/m_1_1_40/image_a0_0059_163_0_230.e9_6.2e9_1.90889e+25_40.dat
        60       0.521748        3.18653        112.999        8.10205        44.5386        28.2792       -4002.48     /gpfs/hpu/EHT2/IHARM/MAD/MAD_a0_384x192x192_IHARM/m_1_1_40/image_a0_0060_163_0_230.e9_6.2e9_1.90889e+25_40.dat
        61        0.56415        3.31553            113         7.0452        116.652        67.9508       -9038.62     /gpfs/hpu/EHT2/IHARM/MAD/MAD_a0_384x192x192_IHARM/m_1_1_40/image_a0_0061_163_0_230.e9_6.2e9_1.90889e+25_40.dat
        62       0.619028         3.8498         112.99        20.6448        246.457        146.048       -18536.5     /gpfs/hpu/EHT2/IHARM/MAD/MAD_a0_384x192x192_IHARM/m_1_1_40/image_a0_0062_163_0_230.e9_6.2e9_1.90889e+25_40.dat
        63         2.1391        5.76897        112.994        101.638         125.65         113.77         -14958     /gpfs/hpu/EHT2/IHARM/MAD/MAD_a0_384x192x192_IHARM/m_1_1_40/image_a0_0063_163_0_230.e9_6.2e9_1.90889e+25_40.dat
        64        2.87167        4.76086        103.002        10.6955        149.937        88.0474       -12348.2     /gpfs/hpu/EHT2/IHARM/MAD/MAD_a0_384x192x192_IHARM/m_1_1_40/image_a0_0064_163_0_230.e9_6.2e9_1.90889e+25_40.dat
        65        1.91539        5.97547        106.146        98.3148        137.239        118.785       -17368.6     /gpfs/hpu/EHT2/IHARM/MAD/MAD_a0_384x192x192_IHARM/m_1_1_40/image_a0_0065_163_0_230.e9_6.2e9_1.90889e+25_40.dat
        66       0.833894         4.3171        112.999        14.1499        69.8113        44.9516       -6158.88     /gpfs/hpu/EHT2/IHARM/MAD/MAD_a0_384x192x192_IHARM/m_1_1_40/image_a0_0066_163_0_230.e9_6.2e9_1.90889e+25_40.dat
        67        0.40932        3.55137        112.996        8.63147        53.4963        33.4921       -4569.86     /gpfs/hpu/EHT2/IHARM/MAD/MAD_a0_384x192x192_IHARM/m_1_1_40/image_a0_0067_163_0_230.e9_6.2e9_1.90889e+25_40.dat
        68       0.775963        3.12481            103        11.2989        98.8907        59.9028       -8022.61     /gpfs/hpu/EHT2/IHARM/MAD/MAD_a0_384x192x192_IHARM/m_1_1_40/image_a0_0068_163_0_230.e9_6.2e9_1.90889e+25_40.dat
        69       0.606634        3.32149        112.926        5.74821        22.0125         14.729       -2354.88     /gpfs/hpu/EHT2/IHARM/MAD/MAD_a0_384x192x192_IHARM/m_1_1_40/image_a0_0069_163_0_230.e9_6.2e9_1.90889e+25_40.dat
        70       0.604606        3.19061        112.976        11.2132        20.4648        16.2256       -2524.73     /gpfs/hpu/EHT2/IHARM/MAD/MAD_a0_384x192x192_IHARM/m_1_1_40/image_a0_0070_163_0_230.e9_6.2e9_1.90889e+25_40.dat
        71        0.47726        3.29915        103.095        9.60874        22.9935        16.9405       -2536.51     /gpfs/hpu/EHT2/IHARM/MAD/MAD_a0_384x192x192_IHARM/m_1_1_40/image_a0_0071_163_0_230.e9_6.2e9_1.90889e+25_40.dat
        72       0.503025        3.10837        103.001        9.35109        73.3219        44.8346        -6041.4     /gpfs/hpu/EHT2/IHARM/MAD/MAD_a0_384x192x192_IHARM/m_1_1_40/image_a0_0072_163_0_230.e9_6.2e9_1.90889e+25_40.dat
        73       0.716693        3.41227        112.999        8.88632        57.9784        36.0962       -6698.81     /gpfs/hpu/EHT2/IHARM/MAD/MAD_a0_384x192x192_IHARM/m_1_1_40/image_a0_0073_163_0_230.e9_6.2e9_1.90889e+25_40.dat
        74       0.471226        3.35534         112.96         7.9614        17.7955        13.3373       -2111.75     /gpfs/hpu/EHT2/IHARM/MAD/MAD_a0_384x192x192_IHARM/m_1_1_40/image_a0_0074_163_0_230.e9_6.2e9_1.90889e+25_40.dat
        75       0.673804        3.31425        112.988        16.1486        28.5801        22.8707       -3334.32     /gpfs/hpu/EHT2/IHARM/MAD/MAD_a0_384x192x192_IHARM/m_1_1_40/image_a0_0075_163_0_230.e9_6.2e9_1.90889e+25_40.dat
        76       0.995316        2.96101        112.983        13.2694        11.4299        12.0853       -2162.26     /gpfs/hpu/EHT2/IHARM/MAD/MAD_a0_384x192x192_IHARM/m_1_1_40/image_a0_0076_163_0_230.e9_6.2e9_1.90889e+25_40.dat
        77       0.543574        3.20684        112.998        5.87815        27.7968        18.0037       -2755.01     /gpfs/hpu/EHT2/IHARM/MAD/MAD_a0_384x192x192_IHARM/m_1_1_40/image_a0_0077_163_0_230.e9_6.2e9_1.90889e+25_40.dat
        78       0.693956        3.87286        112.996        7.17148         32.019        20.9112       -3095.64     /gpfs/hpu/EHT2/IHARM/MAD/MAD_a0_384x192x192_IHARM/m_1_1_40/image_a0_0078_163_0_230.e9_6.2e9_1.90889e+25_40.dat
        79       0.545959        3.83047         108.58        11.6222         18.818        15.4858       -2329.54     /gpfs/hpu/EHT2/IHARM/MAD/MAD_a0_384x192x192_IHARM/m_1_1_40/image_a0_0079_163_0_230.e9_6.2e9_1.90889e+25_40.dat
        80       0.540827        3.51517        112.954        9.27438        11.4642        10.3807       -1766.44     /gpfs/hpu/EHT2/IHARM/MAD/MAD_a0_384x192x192_IHARM/m_1_1_40/image_a0_0080_163_0_230.e9_6.2e9_1.90889e+25_40.dat
        81       0.595171        3.37923         112.88         7.6138        18.8674        13.7838       -2272.92     /gpfs/hpu/EHT2/IHARM/MAD/MAD_a0_384x192x192_IHARM/m_1_1_40/image_a0_0081_163_0_230.e9_6.2e9_1.90889e+25_40.dat
        82       0.439601        3.60649        103.082        11.5974        14.2378        12.9264       -2006.92     /gpfs/hpu/EHT2/IHARM/MAD/MAD_a0_384x192x192_IHARM/m_1_1_40/image_a0_0082_163_0_230.e9_6.2e9_1.90889e+25_40.dat
        83       0.462217         3.2547        103.006        10.3326        46.6573        30.4205       -4198.53     /gpfs/hpu/EHT2/IHARM/MAD/MAD_a0_384x192x192_IHARM/m_1_1_40/image_a0_0083_163_0_230.e9_6.2e9_1.90889e+25_40.dat
        84       0.519659        3.36935        112.998        7.14191        16.5157        12.2716       -2048.21     /gpfs/hpu/EHT2/IHARM/MAD/MAD_a0_384x192x192_IHARM/m_1_1_40/image_a0_0084_163_0_230.e9_6.2e9_1.90889e+25_40.dat
        85       0.555671          3.305        103.256        3.64736        4.55365        4.10755       -964.581     /gpfs/hpu/EHT2/IHARM/MAD/MAD_a0_384x192x192_IHARM/m_1_1_40/image_a0_0085_163_0_230.e9_6.2e9_1.90889e+25_40.dat
        86        1.34847        5.08709        105.129        33.1362        104.506        72.4493       -10110.2     /gpfs/hpu/EHT2/IHARM/MAD/MAD_a0_384x192x192_IHARM/m_1_1_40/image_a0_0086_163_0_230.e9_6.2e9_1.90889e+25_40.dat
        87       0.845842        4.02891        108.408        11.6203        23.7633        18.2367       -2752.53     /gpfs/hpu/EHT2/IHARM/MAD/MAD_a0_384x192x192_IHARM/m_1_1_40/image_a0_0087_163_0_230.e9_6.2e9_1.90889e+25_40.dat
        88        0.50882        3.40816        103.004        20.3185        371.703        215.601       -27417.3     /gpfs/hpu/EHT2/IHARM/MAD/MAD_a0_384x192x192_IHARM/m_1_1_40/image_a0_0088_163_0_230.e9_6.2e9_1.90889e+25_40.dat
        89       0.488696        3.23762        112.957        12.5452        45.6782        30.8304       -4282.63     /gpfs/hpu/EHT2/IHARM/MAD/MAD_a0_384x192x192_IHARM/m_1_1_40/image_a0_0089_163_0_230.e9_6.2e9_1.90889e+25_40.dat
        90       0.643435        3.28107        103.004        6.22888        28.2975        18.4336        -2936.5     /gpfs/hpu/EHT2/IHARM/MAD/MAD_a0_384x192x192_IHARM/m_1_1_40/image_a0_0090_163_0_230.e9_6.2e9_1.90889e+25_40.dat
        91        2.08851        6.27793            103         89.782        208.502        154.758         -19991     /gpfs/hpu/EHT2/IHARM/MAD/MAD_a0_384x192x192_IHARM/m_1_1_40/image_a0_0091_163_0_230.e9_6.2e9_1.90889e+25_40.dat
        92       0.639918        3.28363        103.003         10.264        147.763        86.6513       -15663.7     /gpfs/hpu/EHT2/IHARM/MAD/MAD_a0_384x192x192_IHARM/m_1_1_40/image_a0_0092_163_0_230.e9_6.2e9_1.90889e+25_40.dat
        93        2.44368        5.16494        106.492        36.1586        69.1277        54.0669       -7996.73     /gpfs/hpu/EHT2/IHARM/MAD/MAD_a0_384x192x192_IHARM/m_1_1_40/image_a0_0093_163_0_230.e9_6.2e9_1.90889e+25_40.dat
        94       0.631028        3.27956        112.999        9.74867        53.5673        34.0137       -5706.21     /gpfs/hpu/EHT2/IHARM/MAD/MAD_a0_384x192x192_IHARM/m_1_1_40/image_a0_0094_163_0_230.e9_6.2e9_1.90889e+25_40.dat
        95        1.02715        4.75143        112.995        82.1733        96.4375        89.1166       -12071.3     /gpfs/hpu/EHT2/IHARM/MAD/MAD_a0_384x192x192_IHARM/m_1_1_40/image_a0_0095_163_0_230.e9_6.2e9_1.90889e+25_40.dat
        96        2.94652        5.12121        109.467         85.272        60.5884        70.5052       -13821.7     /gpfs/hpu/EHT2/IHARM/MAD/MAD_a0_384x192x192_IHARM/m_1_1_40/image_a0_0096_163_0_230.e9_6.2e9_1.90889e+25_40.dat
        97       0.588723        3.36882        109.599        7.31148        123.451        71.8488       -9862.52     /gpfs/hpu/EHT2/IHARM/MAD/MAD_a0_384x192x192_IHARM/m_1_1_40/image_a0_0097_163_0_230.e9_6.2e9_1.90889e+25_40.dat
        98       0.746833        4.08988        112.994        11.7216        186.271        108.708       -13990.3     /gpfs/hpu/EHT2/IHARM/MAD/MAD_a0_384x192x192_IHARM/m_1_1_40/image_a0_0098_163_0_230.e9_6.2e9_1.90889e+25_40.dat
        99       0.846225          4.014        112.984        20.5458         135.78        84.4193       -10968.1     /gpfs/hpu/EHT2/IHARM/MAD/MAD_a0_384x192x192_IHARM/m_1_1_40/image_a0_0099_163_0_230.e9_6.2e9_1.90889e+25_40.dat
