   # Index         I (Jy)      M/D (uas)       PA (deg)  VA red. chisq  CP red. chisq     red. chisq     log-liklhd     FileName
         0       0.464921        4.11136        179.149        11.6546        16.7695        14.3914       -1240.04     /gpfs/hpu/EHT2/IHARM_inc-5/MAD_a+0.5_384x192x192_IHARM/m_1_1_40/image_a+0.5_0000_168_0_230.e9_6.2e9_1.6212e+25_40.dat
         1       0.468631          3.711        128.093        10.2713         14.605        12.5811       -1164.53     /gpfs/hpu/EHT2/IHARM_inc-5/MAD_a+0.5_384x192x192_IHARM/m_1_1_40/image_a+0.5_0001_168_0_230.e9_6.2e9_1.6212e+25_40.dat
         2       0.421891         4.0657        131.349        7.41619        16.4259        12.5328       -1116.56     /gpfs/hpu/EHT2/IHARM_inc-5/MAD_a+0.5_384x192x192_IHARM/m_1_1_40/image_a+0.5_0002_168_0_230.e9_6.2e9_1.6212e+25_40.dat
         3        0.40087        3.93742        193.709        25.0695        24.1904        23.9885       -1906.75     /gpfs/hpu/EHT2/IHARM_inc-5/MAD_a+0.5_384x192x192_IHARM/m_1_1_40/image_a+0.5_0003_168_0_230.e9_6.2e9_1.6212e+25_40.dat
         4       0.384358        3.61106        176.027        16.2166        13.3519        14.1708        -1229.1     /gpfs/hpu/EHT2/IHARM_inc-5/MAD_a+0.5_384x192x192_IHARM/m_1_1_40/image_a+0.5_0004_168_0_230.e9_6.2e9_1.6212e+25_40.dat
         5       0.422971        3.85811        126.158        23.9313        13.1288        17.0562       -1414.07     /gpfs/hpu/EHT2/IHARM_inc-5/MAD_a+0.5_384x192x192_IHARM/m_1_1_40/image_a+0.5_0005_168_0_230.e9_6.2e9_1.6212e+25_40.dat
         6       0.476324        3.91285        180.556        15.2296        11.5496        12.7279       -1189.85     /gpfs/hpu/EHT2/IHARM_inc-5/MAD_a+0.5_384x192x192_IHARM/m_1_1_40/image_a+0.5_0006_168_0_230.e9_6.2e9_1.6212e+25_40.dat
         7       0.394411        4.03568        147.103        22.7833        12.2368        16.0843       -1352.05     /gpfs/hpu/EHT2/IHARM_inc-5/MAD_a+0.5_384x192x192_IHARM/m_1_1_40/image_a+0.5_0007_168_0_230.e9_6.2e9_1.6212e+25_40.dat
         8       0.456795        4.20485        175.284        31.5974        12.1453        19.4767       -1598.93     /gpfs/hpu/EHT2/IHARM_inc-5/MAD_a+0.5_384x192x192_IHARM/m_1_1_40/image_a+0.5_0008_168_0_230.e9_6.2e9_1.6212e+25_40.dat
         9       0.357701        3.62329        151.567         15.214        18.5822        16.8462       -1424.32     /gpfs/hpu/EHT2/IHARM_inc-5/MAD_a+0.5_384x192x192_IHARM/m_1_1_40/image_a+0.5_0009_168_0_230.e9_6.2e9_1.6212e+25_40.dat
        10       0.821732        4.32016        48.2462         40.664         48.689        44.4531       -3432.07     /gpfs/hpu/EHT2/IHARM_inc-5/MAD_a+0.5_384x192x192_IHARM/m_1_1_40/image_a+0.5_0010_168_0_230.e9_6.2e9_1.6212e+25_40.dat
        11       0.374784        3.92721        102.259        13.5106        9.67399        10.9558       -1000.25     /gpfs/hpu/EHT2/IHARM_inc-5/MAD_a+0.5_384x192x192_IHARM/m_1_1_40/image_a+0.5_0011_168_0_230.e9_6.2e9_1.6212e+25_40.dat
        12       0.398665        4.23243        79.3889         8.2128        15.5761        12.3459       -1110.05     /gpfs/hpu/EHT2/IHARM_inc-5/MAD_a+0.5_384x192x192_IHARM/m_1_1_40/image_a+0.5_0012_168_0_230.e9_6.2e9_1.6212e+25_40.dat
        13       0.370977        4.14728         122.28        20.4139        48.2406        36.2729       -2724.28     /gpfs/hpu/EHT2/IHARM_inc-5/MAD_a+0.5_384x192x192_IHARM/m_1_1_40/image_a+0.5_0013_168_0_230.e9_6.2e9_1.6212e+25_40.dat
        14       0.680911        4.38784          201.2        21.7475        75.3163        52.6733       -3897.18     /gpfs/hpu/EHT2/IHARM_inc-5/MAD_a+0.5_384x192x192_IHARM/m_1_1_40/image_a+0.5_0014_168_0_230.e9_6.2e9_1.6212e+25_40.dat
        15       0.413368        3.52685        247.516        12.6705        17.4796        15.2051       -1364.22     /gpfs/hpu/EHT2/IHARM_inc-5/MAD_a+0.5_384x192x192_IHARM/m_1_1_40/image_a+0.5_0015_168_0_230.e9_6.2e9_1.6212e+25_40.dat
        16       0.368359        3.56449        135.571         15.906        19.5401        17.6785       -1475.89     /gpfs/hpu/EHT2/IHARM_inc-5/MAD_a+0.5_384x192x192_IHARM/m_1_1_40/image_a+0.5_0016_168_0_230.e9_6.2e9_1.6212e+25_40.dat
        17       0.476213        3.58478        96.6057        5.52273        13.2173        9.91079       -974.759     /gpfs/hpu/EHT2/IHARM_inc-5/MAD_a+0.5_384x192x192_IHARM/m_1_1_40/image_a+0.5_0017_168_0_230.e9_6.2e9_1.6212e+25_40.dat
        18       0.517946        3.42667        201.777        8.78218        11.7307        10.3133       -1030.23     /gpfs/hpu/EHT2/IHARM_inc-5/MAD_a+0.5_384x192x192_IHARM/m_1_1_40/image_a+0.5_0018_168_0_230.e9_6.2e9_1.6212e+25_40.dat
        19       0.522672        3.61273        173.868        8.47443        22.1879        16.3258       -1423.51     /gpfs/hpu/EHT2/IHARM_inc-5/MAD_a+0.5_384x192x192_IHARM/m_1_1_40/image_a+0.5_0019_168_0_230.e9_6.2e9_1.6212e+25_40.dat
        20       0.602872        3.53051        110.121        40.0225        50.7439        45.4075       -3321.56     /gpfs/hpu/EHT2/IHARM_inc-5/MAD_a+0.5_384x192x192_IHARM/m_1_1_40/image_a+0.5_0020_168_0_230.e9_6.2e9_1.6212e+25_40.dat
        21       0.879869        4.13028        72.9481        19.8466        108.767        71.5475       -5347.99     /gpfs/hpu/EHT2/IHARM_inc-5/MAD_a+0.5_384x192x192_IHARM/m_1_1_40/image_a+0.5_0021_168_0_230.e9_6.2e9_1.6212e+25_40.dat
        22       0.705983        3.80488        101.544        13.1842        15.7026        14.3638       -1302.84     /gpfs/hpu/EHT2/IHARM_inc-5/MAD_a+0.5_384x192x192_IHARM/m_1_1_40/image_a+0.5_0022_168_0_230.e9_6.2e9_1.6212e+25_40.dat
        23       0.477693         3.5134        57.4333        9.83813        12.7373        11.3165       -1090.53     /gpfs/hpu/EHT2/IHARM_inc-5/MAD_a+0.5_384x192x192_IHARM/m_1_1_40/image_a+0.5_0023_168_0_230.e9_6.2e9_1.6212e+25_40.dat
        24        1.11757        4.11211        170.239        21.0477        28.4447         24.911        -2000.8     /gpfs/hpu/EHT2/IHARM_inc-5/MAD_a+0.5_384x192x192_IHARM/m_1_1_40/image_a+0.5_0024_168_0_230.e9_6.2e9_1.6212e+25_40.dat
        25       0.551832        3.48525        120.144        6.35174        34.8564        22.9255       -1854.36     /gpfs/hpu/EHT2/IHARM_inc-5/MAD_a+0.5_384x192x192_IHARM/m_1_1_40/image_a+0.5_0025_168_0_230.e9_6.2e9_1.6212e+25_40.dat
        26       0.467284        3.24015        202.575        9.73744        9.50053        9.37886       -913.146     /gpfs/hpu/EHT2/IHARM_inc-5/MAD_a+0.5_384x192x192_IHARM/m_1_1_40/image_a+0.5_0026_168_0_230.e9_6.2e9_1.6212e+25_40.dat
        27       0.568931        3.33113         215.87        7.66838        8.96897        8.25816       -872.985     /gpfs/hpu/EHT2/IHARM_inc-5/MAD_a+0.5_384x192x192_IHARM/m_1_1_40/image_a+0.5_0027_168_0_230.e9_6.2e9_1.6212e+25_40.dat
        28        1.10792        2.84122        193.361        16.5382        34.6181        26.7684       -2242.64     /gpfs/hpu/EHT2/IHARM_inc-5/MAD_a+0.5_384x192x192_IHARM/m_1_1_40/image_a+0.5_0028_168_0_230.e9_6.2e9_1.6212e+25_40.dat
        29       0.477002        3.11789        142.776        31.8593        38.5296        35.0526       -2707.47     /gpfs/hpu/EHT2/IHARM_inc-5/MAD_a+0.5_384x192x192_IHARM/m_1_1_40/image_a+0.5_0029_168_0_230.e9_6.2e9_1.6212e+25_40.dat
        30       0.744036        3.14572        144.122        11.2002        15.0437        13.2016       -1259.33     /gpfs/hpu/EHT2/IHARM_inc-5/MAD_a+0.5_384x192x192_IHARM/m_1_1_40/image_a+0.5_0030_168_0_230.e9_6.2e9_1.6212e+25_40.dat
        31       0.501267        3.78713        184.024        4.68299        11.7358         8.7136       -886.759     /gpfs/hpu/EHT2/IHARM_inc-5/MAD_a+0.5_384x192x192_IHARM/m_1_1_40/image_a+0.5_0031_168_0_230.e9_6.2e9_1.6212e+25_40.dat
        32       0.473379        3.88174        131.223         9.5693        28.8995          20.69       -1687.41     /gpfs/hpu/EHT2/IHARM_inc-5/MAD_a+0.5_384x192x192_IHARM/m_1_1_40/image_a+0.5_0032_168_0_230.e9_6.2e9_1.6212e+25_40.dat
        33       0.420183        3.37135        116.073        8.22684        6.90466        7.26586        -751.52     /gpfs/hpu/EHT2/IHARM_inc-5/MAD_a+0.5_384x192x192_IHARM/m_1_1_40/image_a+0.5_0033_168_0_230.e9_6.2e9_1.6212e+25_40.dat
        34        1.14674        4.25487        132.527        14.9844        14.7751        14.5237       -1365.43     /gpfs/hpu/EHT2/IHARM_inc-5/MAD_a+0.5_384x192x192_IHARM/m_1_1_40/image_a+0.5_0034_168_0_230.e9_6.2e9_1.6212e+25_40.dat
        35       0.650929        4.05108        87.8163        27.5275        23.2457        24.3955       -1950.67     /gpfs/hpu/EHT2/IHARM_inc-5/MAD_a+0.5_384x192x192_IHARM/m_1_1_40/image_a+0.5_0035_168_0_230.e9_6.2e9_1.6212e+25_40.dat
        36       0.692432        4.06736        38.1886        16.0676        38.3684        28.7838       -2237.99     /gpfs/hpu/EHT2/IHARM_inc-5/MAD_a+0.5_384x192x192_IHARM/m_1_1_40/image_a+0.5_0036_168_0_230.e9_6.2e9_1.6212e+25_40.dat
        37       0.883421        6.28631       -19.3502        91.8473        160.463        130.016       -9336.47     /gpfs/hpu/EHT2/IHARM_inc-5/MAD_a+0.5_384x192x192_IHARM/m_1_1_40/image_a+0.5_0037_168_0_230.e9_6.2e9_1.6212e+25_40.dat
        38       0.694793          3.426       -281.953        11.8011        62.4705        41.2508       -3152.94     /gpfs/hpu/EHT2/IHARM_inc-5/MAD_a+0.5_384x192x192_IHARM/m_1_1_40/image_a+0.5_0038_168_0_230.e9_6.2e9_1.6212e+25_40.dat
        39        0.45152        3.59796       -220.465        23.3318        14.6971        17.7416       -1461.29     /gpfs/hpu/EHT2/IHARM_inc-5/MAD_a+0.5_384x192x192_IHARM/m_1_1_40/image_a+0.5_0039_168_0_230.e9_6.2e9_1.6212e+25_40.dat
        40       0.362435        3.73421       -195.696        14.1229        23.0769        19.0556       -1563.17     /gpfs/hpu/EHT2/IHARM_inc-5/MAD_a+0.5_384x192x192_IHARM/m_1_1_40/image_a+0.5_0040_168_0_230.e9_6.2e9_1.6212e+25_40.dat
        41       0.451613        4.10646       -237.782        19.3235        8.35965        12.4577       -1117.49     /gpfs/hpu/EHT2/IHARM_inc-5/MAD_a+0.5_384x192x192_IHARM/m_1_1_40/image_a+0.5_0041_168_0_230.e9_6.2e9_1.6212e+25_40.dat
        42       0.346571        3.80868       -245.202        10.8882        9.08324        9.58404       -904.468     /gpfs/hpu/EHT2/IHARM_inc-5/MAD_a+0.5_384x192x192_IHARM/m_1_1_40/image_a+0.5_0042_168_0_230.e9_6.2e9_1.6212e+25_40.dat
        43       0.601452        3.75293       -177.251        26.1832        16.5699        19.9547       -1693.22     /gpfs/hpu/EHT2/IHARM_inc-5/MAD_a+0.5_384x192x192_IHARM/m_1_1_40/image_a+0.5_0043_168_0_230.e9_6.2e9_1.6212e+25_40.dat
        44       0.376736        3.88777       -228.141        7.45911        8.08467        7.65773       -782.013     /gpfs/hpu/EHT2/IHARM_inc-5/MAD_a+0.5_384x192x192_IHARM/m_1_1_40/image_a+0.5_0044_168_0_230.e9_6.2e9_1.6212e+25_40.dat
        45       0.402277        3.85434       -188.474        16.3718        7.48253        10.7893          -1003     /gpfs/hpu/EHT2/IHARM_inc-5/MAD_a+0.5_384x192x192_IHARM/m_1_1_40/image_a+0.5_0045_168_0_230.e9_6.2e9_1.6212e+25_40.dat
        46        0.38388        3.59674       -256.519        10.7391        9.08416         9.5263        -905.64     /gpfs/hpu/EHT2/IHARM_inc-5/MAD_a+0.5_384x192x192_IHARM/m_1_1_40/image_a+0.5_0046_168_0_230.e9_6.2e9_1.6212e+25_40.dat
        47        0.41476        3.82151       -251.101        6.69166        7.48641        7.00681       -742.162     /gpfs/hpu/EHT2/IHARM_inc-5/MAD_a+0.5_384x192x192_IHARM/m_1_1_40/image_a+0.5_0047_168_0_230.e9_6.2e9_1.6212e+25_40.dat
        48        0.44721        3.77362       -192.663        8.09305        11.8007        10.0849       -974.039     /gpfs/hpu/EHT2/IHARM_inc-5/MAD_a+0.5_384x192x192_IHARM/m_1_1_40/image_a+0.5_0048_168_0_230.e9_6.2e9_1.6212e+25_40.dat
        49       0.796152        4.01619       -149.473        8.29299        29.1746        20.3523       -1770.17     /gpfs/hpu/EHT2/IHARM_inc-5/MAD_a+0.5_384x192x192_IHARM/m_1_1_40/image_a+0.5_0049_168_0_230.e9_6.2e9_1.6212e+25_40.dat
        50       0.485705         3.6224       -167.717        22.1185        12.1652        15.7823       -1366.96     /gpfs/hpu/EHT2/IHARM_inc-5/MAD_a+0.5_384x192x192_IHARM/m_1_1_40/image_a+0.5_0050_168_0_230.e9_6.2e9_1.6212e+25_40.dat
        51       0.493944        3.65377       -197.818        14.4991        10.2176        11.6611       -1088.54     /gpfs/hpu/EHT2/IHARM_inc-5/MAD_a+0.5_384x192x192_IHARM/m_1_1_40/image_a+0.5_0051_168_0_230.e9_6.2e9_1.6212e+25_40.dat
        52       0.395007        3.60662       -192.736        10.0713         6.4329        7.71033        -784.66     /gpfs/hpu/EHT2/IHARM_inc-5/MAD_a+0.5_384x192x192_IHARM/m_1_1_40/image_a+0.5_0052_168_0_230.e9_6.2e9_1.6212e+25_40.dat
        53       0.417505        3.87076       -261.125        9.53141        10.0983        9.64889       -912.446     /gpfs/hpu/EHT2/IHARM_inc-5/MAD_a+0.5_384x192x192_IHARM/m_1_1_40/image_a+0.5_0053_168_0_230.e9_6.2e9_1.6212e+25_40.dat
        54       0.465052         3.5275       -221.439        13.5763        8.86547        10.5073       -1006.29     /gpfs/hpu/EHT2/IHARM_inc-5/MAD_a+0.5_384x192x192_IHARM/m_1_1_40/image_a+0.5_0054_168_0_230.e9_6.2e9_1.6212e+25_40.dat
        55       0.401632        3.59284        -269.87        8.81747        7.62156        7.91722        -799.85     /gpfs/hpu/EHT2/IHARM_inc-5/MAD_a+0.5_384x192x192_IHARM/m_1_1_40/image_a+0.5_0055_168_0_230.e9_6.2e9_1.6212e+25_40.dat
        56        0.46559          3.854       -224.924        3.75419         9.5512        7.06926       -770.185     /gpfs/hpu/EHT2/IHARM_inc-5/MAD_a+0.5_384x192x192_IHARM/m_1_1_40/image_a+0.5_0056_168_0_230.e9_6.2e9_1.6212e+25_40.dat
        57       0.406515        3.64127       -199.081        8.82052        13.7696        11.5241       -1059.42     /gpfs/hpu/EHT2/IHARM_inc-5/MAD_a+0.5_384x192x192_IHARM/m_1_1_40/image_a+0.5_0057_168_0_230.e9_6.2e9_1.6212e+25_40.dat
        58       0.730391        3.60254       -253.434        5.31236        9.62853        7.72382        -884.61     /gpfs/hpu/EHT2/IHARM_inc-5/MAD_a+0.5_384x192x192_IHARM/m_1_1_40/image_a+0.5_0058_168_0_230.e9_6.2e9_1.6212e+25_40.dat
        59       0.471186        3.80807       -283.595        11.3729        19.4146        15.8326       -1351.69     /gpfs/hpu/EHT2/IHARM_inc-5/MAD_a+0.5_384x192x192_IHARM/m_1_1_40/image_a+0.5_0059_168_0_230.e9_6.2e9_1.6212e+25_40.dat
        60        0.61859        3.73319       -272.482        33.0181        49.7631        42.0937       -3217.41     /gpfs/hpu/EHT2/IHARM_inc-5/MAD_a+0.5_384x192x192_IHARM/m_1_1_40/image_a+0.5_0060_168_0_230.e9_6.2e9_1.6212e+25_40.dat
        61        0.69723         4.3168       -227.819        35.8444        55.0248        46.2845       -3396.12     /gpfs/hpu/EHT2/IHARM_inc-5/MAD_a+0.5_384x192x192_IHARM/m_1_1_40/image_a+0.5_0061_168_0_230.e9_6.2e9_1.6212e+25_40.dat
        62        1.38675        3.81637       -249.479        36.2305        97.7154        71.4721       -5211.06     /gpfs/hpu/EHT2/IHARM_inc-5/MAD_a+0.5_384x192x192_IHARM/m_1_1_40/image_a+0.5_0062_168_0_230.e9_6.2e9_1.6212e+25_40.dat
        63       0.707493        4.08357        -300.87        29.9906        33.0169        31.0889       -2422.64     /gpfs/hpu/EHT2/IHARM_inc-5/MAD_a+0.5_384x192x192_IHARM/m_1_1_40/image_a+0.5_0063_168_0_230.e9_6.2e9_1.6212e+25_40.dat
        64       0.487628        3.76802       -229.868        10.2712         17.116        14.0538       -1272.41     /gpfs/hpu/EHT2/IHARM_inc-5/MAD_a+0.5_384x192x192_IHARM/m_1_1_40/image_a+0.5_0064_168_0_230.e9_6.2e9_1.6212e+25_40.dat
        65       0.442082        3.57316       -260.929        5.63796        7.97073        6.87888       -741.895     /gpfs/hpu/EHT2/IHARM_inc-5/MAD_a+0.5_384x192x192_IHARM/m_1_1_40/image_a+0.5_0065_168_0_230.e9_6.2e9_1.6212e+25_40.dat
        66        0.59544        3.73514         -191.8        14.0039        13.4426        13.3589        -1186.8     /gpfs/hpu/EHT2/IHARM_inc-5/MAD_a+0.5_384x192x192_IHARM/m_1_1_40/image_a+0.5_0066_168_0_230.e9_6.2e9_1.6212e+25_40.dat
        67       0.462003        3.56807       -230.027        5.95037        8.43215        7.27163        -775.69     /gpfs/hpu/EHT2/IHARM_inc-5/MAD_a+0.5_384x192x192_IHARM/m_1_1_40/image_a+0.5_0067_168_0_230.e9_6.2e9_1.6212e+25_40.dat
        68       0.530588        3.49424       -261.549        5.15591        11.9348        9.01522       -928.874     /gpfs/hpu/EHT2/IHARM_inc-5/MAD_a+0.5_384x192x192_IHARM/m_1_1_40/image_a+0.5_0068_168_0_230.e9_6.2e9_1.6212e+25_40.dat
        69       0.524327        3.40653       -149.015        13.4456        69.5057        46.0196       -3646.73     /gpfs/hpu/EHT2/IHARM_inc-5/MAD_a+0.5_384x192x192_IHARM/m_1_1_40/image_a+0.5_0069_168_0_230.e9_6.2e9_1.6212e+25_40.dat
        70       0.785977        3.25864        -154.48        22.8235        31.3637        27.3172       -2260.16     /gpfs/hpu/EHT2/IHARM_inc-5/MAD_a+0.5_384x192x192_IHARM/m_1_1_40/image_a+0.5_0070_168_0_230.e9_6.2e9_1.6212e+25_40.dat
        71       0.426378        3.84643        76.9176        10.4538        12.6243         11.491       -1033.64     /gpfs/hpu/EHT2/IHARM_inc-5/MAD_a+0.5_384x192x192_IHARM/m_1_1_40/image_a+0.5_0071_168_0_230.e9_6.2e9_1.6212e+25_40.dat
        72        0.42042        3.73959        70.7617        8.32282        7.38035        7.58236       -772.963     /gpfs/hpu/EHT2/IHARM_inc-5/MAD_a+0.5_384x192x192_IHARM/m_1_1_40/image_a+0.5_0072_168_0_230.e9_6.2e9_1.6212e+25_40.dat
        73       0.468308        3.61193        80.2332         18.467        25.2222        22.0122       -1826.28     /gpfs/hpu/EHT2/IHARM_inc-5/MAD_a+0.5_384x192x192_IHARM/m_1_1_40/image_a+0.5_0073_168_0_230.e9_6.2e9_1.6212e+25_40.dat
        74       0.466732        4.06497        128.537        7.14474        10.4313        8.91105       -876.624     /gpfs/hpu/EHT2/IHARM_inc-5/MAD_a+0.5_384x192x192_IHARM/m_1_1_40/image_a+0.5_0074_168_0_230.e9_6.2e9_1.6212e+25_40.dat
        75       0.393887        3.88309        157.069        5.77241        4.96768        5.17026       -630.852     /gpfs/hpu/EHT2/IHARM_inc-5/MAD_a+0.5_384x192x192_IHARM/m_1_1_40/image_a+0.5_0075_168_0_230.e9_6.2e9_1.6212e+25_40.dat
        76       0.533256        4.16614        88.8461        12.4424        22.6443        18.1449       -1557.12     /gpfs/hpu/EHT2/IHARM_inc-5/MAD_a+0.5_384x192x192_IHARM/m_1_1_40/image_a+0.5_0076_168_0_230.e9_6.2e9_1.6212e+25_40.dat
        77       0.340661        3.84199        151.161        11.0846        8.67162        9.41944       -895.837     /gpfs/hpu/EHT2/IHARM_inc-5/MAD_a+0.5_384x192x192_IHARM/m_1_1_40/image_a+0.5_0077_168_0_230.e9_6.2e9_1.6212e+25_40.dat
        78       0.526057        3.36058        166.927        24.0658        32.0102        28.1821       -2230.54     /gpfs/hpu/EHT2/IHARM_inc-5/MAD_a+0.5_384x192x192_IHARM/m_1_1_40/image_a+0.5_0078_168_0_230.e9_6.2e9_1.6212e+25_40.dat
        79       0.474271          3.792        167.214        15.7537        10.7664        12.4734       -1139.44     /gpfs/hpu/EHT2/IHARM_inc-5/MAD_a+0.5_384x192x192_IHARM/m_1_1_40/image_a+0.5_0079_168_0_230.e9_6.2e9_1.6212e+25_40.dat
        80       0.401449        3.78809        137.837         20.041        12.5463        15.1936       -1285.29     /gpfs/hpu/EHT2/IHARM_inc-5/MAD_a+0.5_384x192x192_IHARM/m_1_1_40/image_a+0.5_0080_168_0_230.e9_6.2e9_1.6212e+25_40.dat
        81       0.354945         3.6812        99.6508        10.4211        11.0953        10.5814       -1000.62     /gpfs/hpu/EHT2/IHARM_inc-5/MAD_a+0.5_384x192x192_IHARM/m_1_1_40/image_a+0.5_0081_168_0_230.e9_6.2e9_1.6212e+25_40.dat
        82       0.475996        4.00673        143.282        9.74444        14.9108        12.5545       -1152.47     /gpfs/hpu/EHT2/IHARM_inc-5/MAD_a+0.5_384x192x192_IHARM/m_1_1_40/image_a+0.5_0082_168_0_230.e9_6.2e9_1.6212e+25_40.dat
        83       0.473127        3.54817        183.416        27.3885        13.6442        18.7102        -1578.3     /gpfs/hpu/EHT2/IHARM_inc-5/MAD_a+0.5_384x192x192_IHARM/m_1_1_40/image_a+0.5_0083_168_0_230.e9_6.2e9_1.6212e+25_40.dat
        84       0.411353        3.94376        150.062        10.1824        10.2266        9.97865       -932.939     /gpfs/hpu/EHT2/IHARM_inc-5/MAD_a+0.5_384x192x192_IHARM/m_1_1_40/image_a+0.5_0084_168_0_230.e9_6.2e9_1.6212e+25_40.dat
        85       0.951141        3.71919        205.601        12.6937        15.2903        13.9302       -1519.42     /gpfs/hpu/EHT2/IHARM_inc-5/MAD_a+0.5_384x192x192_IHARM/m_1_1_40/image_a+0.5_0085_168_0_230.e9_6.2e9_1.6212e+25_40.dat
        86       0.575768        3.33778        221.873        14.4003        35.2577        26.3076       -2179.83     /gpfs/hpu/EHT2/IHARM_inc-5/MAD_a+0.5_384x192x192_IHARM/m_1_1_40/image_a+0.5_0086_168_0_230.e9_6.2e9_1.6212e+25_40.dat
        87       0.550314        3.86554        162.767        10.3681        8.69456        9.15276       -918.501     /gpfs/hpu/EHT2/IHARM_inc-5/MAD_a+0.5_384x192x192_IHARM/m_1_1_40/image_a+0.5_0087_168_0_230.e9_6.2e9_1.6212e+25_40.dat
        88       0.407934         3.6929        116.957        12.7949        10.2978        11.0418        -1004.6     /gpfs/hpu/EHT2/IHARM_inc-5/MAD_a+0.5_384x192x192_IHARM/m_1_1_40/image_a+0.5_0088_168_0_230.e9_6.2e9_1.6212e+25_40.dat
        89       0.549029        3.82541         78.858        26.4193        75.0837        54.3634       -3962.86     /gpfs/hpu/EHT2/IHARM_inc-5/MAD_a+0.5_384x192x192_IHARM/m_1_1_40/image_a+0.5_0089_168_0_230.e9_6.2e9_1.6212e+25_40.dat
        90       0.381306        3.63792        87.0468        13.3589        26.9866        21.0497       -1699.04     /gpfs/hpu/EHT2/IHARM_inc-5/MAD_a+0.5_384x192x192_IHARM/m_1_1_40/image_a+0.5_0090_168_0_230.e9_6.2e9_1.6212e+25_40.dat
        91       0.443242        3.74051        69.9316        5.30376        10.5744        8.27518       -844.857     /gpfs/hpu/EHT2/IHARM_inc-5/MAD_a+0.5_384x192x192_IHARM/m_1_1_40/image_a+0.5_0091_168_0_230.e9_6.2e9_1.6212e+25_40.dat
        92       0.481037        3.68969        166.427        9.77668        29.6428         21.207       -1737.43     /gpfs/hpu/EHT2/IHARM_inc-5/MAD_a+0.5_384x192x192_IHARM/m_1_1_40/image_a+0.5_0092_168_0_230.e9_6.2e9_1.6212e+25_40.dat
        93       0.497553        3.82815        129.688        18.9637        14.7225        16.0486       -1366.63     /gpfs/hpu/EHT2/IHARM_inc-5/MAD_a+0.5_384x192x192_IHARM/m_1_1_40/image_a+0.5_0093_168_0_230.e9_6.2e9_1.6212e+25_40.dat
        94       0.608774        4.16719        152.467        13.0099        21.0346        17.4227        -1476.3     /gpfs/hpu/EHT2/IHARM_inc-5/MAD_a+0.5_384x192x192_IHARM/m_1_1_40/image_a+0.5_0094_168_0_230.e9_6.2e9_1.6212e+25_40.dat
        95       0.425417        3.72365        125.117        25.3539        29.3097        27.1019       -2194.27     /gpfs/hpu/EHT2/IHARM_inc-5/MAD_a+0.5_384x192x192_IHARM/m_1_1_40/image_a+0.5_0095_168_0_230.e9_6.2e9_1.6212e+25_40.dat
        96        1.03059        4.40832        91.2586        21.5153        31.5894        26.9381       -2138.65     /gpfs/hpu/EHT2/IHARM_inc-5/MAD_a+0.5_384x192x192_IHARM/m_1_1_40/image_a+0.5_0096_168_0_230.e9_6.2e9_1.6212e+25_40.dat
        97       0.526769        3.59378        124.281        27.2759        9.75052        16.3826       -1404.95     /gpfs/hpu/EHT2/IHARM_inc-5/MAD_a+0.5_384x192x192_IHARM/m_1_1_40/image_a+0.5_0097_168_0_230.e9_6.2e9_1.6212e+25_40.dat
        98       0.526289        3.71266        54.2998        6.59628        10.9605        9.00698       -921.756     /gpfs/hpu/EHT2/IHARM_inc-5/MAD_a+0.5_384x192x192_IHARM/m_1_1_40/image_a+0.5_0098_168_0_230.e9_6.2e9_1.6212e+25_40.dat
        99       0.559766        3.83576        97.8518        13.8083        59.7203        40.4227       -3057.23     /gpfs/hpu/EHT2/IHARM_inc-5/MAD_a+0.5_384x192x192_IHARM/m_1_1_40/image_a+0.5_0099_168_0_230.e9_6.2e9_1.6212e+25_40.dat
