   # Index         I (Jy)      M/D (uas)       PA (deg)  VA red. chisq  CP red. chisq     red. chisq     log-liklhd     FileName
         0       0.417802        4.48437       -221.393        18.2264        13.8981        15.3728       -872.081     /gpfs/hpu/EHT2/IHARM_inc+5/SANE_a+0.94_288x128x128_IHARM/m_1_1_20/image_a+0.94_0600_158_0_230.e9_6.2e9_1.74187e+27_20.dat
         1       0.507131        4.47532       -162.464        12.8946        14.2775        13.2152       -781.235     /gpfs/hpu/EHT2/IHARM_inc+5/SANE_a+0.94_288x128x128_IHARM/m_1_1_20/image_a+0.94_0606_158_0_230.e9_6.2e9_1.74187e+27_20.dat
         2       0.547478        4.88536       -296.504        14.0944        27.3152        20.6077       -1110.96     /gpfs/hpu/EHT2/IHARM_inc+5/SANE_a+0.94_288x128x128_IHARM/m_1_1_20/image_a+0.94_0612_158_0_230.e9_6.2e9_1.74187e+27_20.dat
         3       0.518295        4.66778       -301.631        17.1475        27.8868        22.2583       -1186.53     /gpfs/hpu/EHT2/IHARM_inc+5/SANE_a+0.94_288x128x128_IHARM/m_1_1_20/image_a+0.94_0618_158_0_230.e9_6.2e9_1.74187e+27_20.dat
         4       0.431439        4.16676       -271.239        15.4425        37.9336        26.7922        -1420.4     /gpfs/hpu/EHT2/IHARM_inc+5/SANE_a+0.94_288x128x128_IHARM/m_1_1_20/image_a+0.94_0624_158_0_230.e9_6.2e9_1.74187e+27_20.dat
         5        0.55112        3.91072       -174.576        30.8802        14.1264        21.0873       -1153.39     /gpfs/hpu/EHT2/IHARM_inc+5/SANE_a+0.94_288x128x128_IHARM/m_1_1_20/image_a+0.94_0630_158_0_230.e9_6.2e9_1.74187e+27_20.dat
         6       0.659482        4.88824       -182.165         33.471        14.1601        22.2504       -1197.23     /gpfs/hpu/EHT2/IHARM_inc+5/SANE_a+0.94_288x128x128_IHARM/m_1_1_20/image_a+0.94_0636_158_0_230.e9_6.2e9_1.74187e+27_20.dat
         7        1.14635        5.29122       -242.332        18.7566        23.6943        20.7631       -1167.75     /gpfs/hpu/EHT2/IHARM_inc+5/SANE_a+0.94_288x128x128_IHARM/m_1_1_20/image_a+0.94_0642_158_0_230.e9_6.2e9_1.74187e+27_20.dat
         8       0.500536        4.89139       -177.889        17.0347        20.5982        18.3723       -1004.57     /gpfs/hpu/EHT2/IHARM_inc+5/SANE_a+0.94_288x128x128_IHARM/m_1_1_20/image_a+0.94_0648_158_0_230.e9_6.2e9_1.74187e+27_20.dat
         9       0.650785        4.78169       -315.041        10.2142        34.2204        22.5265       -1218.25     /gpfs/hpu/EHT2/IHARM_inc+5/SANE_a+0.94_288x128x128_IHARM/m_1_1_20/image_a+0.94_0654_158_0_230.e9_6.2e9_1.74187e+27_20.dat
        10       0.517826        5.15097       -182.124        22.1587        15.6532         18.035       -993.155     /gpfs/hpu/EHT2/IHARM_inc+5/SANE_a+0.94_288x128x128_IHARM/m_1_1_20/image_a+0.94_0660_158_0_230.e9_6.2e9_1.74187e+27_20.dat
        11       0.519135         4.3415       -195.803        43.6139        19.8759        29.7429       -1552.69     /gpfs/hpu/EHT2/IHARM_inc+5/SANE_a+0.94_288x128x128_IHARM/m_1_1_20/image_a+0.94_0666_158_0_230.e9_6.2e9_1.74187e+27_20.dat
        12       0.480906        4.61698       -190.802        22.7395        13.8082        17.3207       -949.229     /gpfs/hpu/EHT2/IHARM_inc+5/SANE_a+0.94_288x128x128_IHARM/m_1_1_20/image_a+0.94_0672_158_0_230.e9_6.2e9_1.74187e+27_20.dat
        13       0.566624        4.91538       -288.035        16.2432        14.9608        15.0553       -844.186     /gpfs/hpu/EHT2/IHARM_inc+5/SANE_a+0.94_288x128x128_IHARM/m_1_1_20/image_a+0.94_0678_158_0_230.e9_6.2e9_1.74187e+27_20.dat
        14       0.597913        5.31714        -266.47        20.9157        13.3433        16.2698       -900.418     /gpfs/hpu/EHT2/IHARM_inc+5/SANE_a+0.94_288x128x128_IHARM/m_1_1_20/image_a+0.94_0684_158_0_230.e9_6.2e9_1.74187e+27_20.dat
        15       0.517531        4.81756       -219.129        24.1671        18.2214        20.2746       -1107.61     /gpfs/hpu/EHT2/IHARM_inc+5/SANE_a+0.94_288x128x128_IHARM/m_1_1_20/image_a+0.94_0690_158_0_230.e9_6.2e9_1.74187e+27_20.dat
        16       0.422876        4.63538       -312.035        10.8803        30.6962        20.9661        -1121.3     /gpfs/hpu/EHT2/IHARM_inc+5/SANE_a+0.94_288x128x128_IHARM/m_1_1_20/image_a+0.94_0696_158_0_230.e9_6.2e9_1.74187e+27_20.dat
        17       0.544982        4.54429       -191.445        21.4947        14.2187        16.9865       -942.643     /gpfs/hpu/EHT2/IHARM_inc+5/SANE_a+0.94_288x128x128_IHARM/m_1_1_20/image_a+0.94_0702_158_0_230.e9_6.2e9_1.74187e+27_20.dat
        18       0.655411        4.82475        -166.86        24.4011        13.8494         18.077       -1005.87     /gpfs/hpu/EHT2/IHARM_inc+5/SANE_a+0.94_288x128x128_IHARM/m_1_1_20/image_a+0.94_0708_158_0_230.e9_6.2e9_1.74187e+27_20.dat
        19       0.628897        4.70476       -169.497         14.503         12.783        13.1398       -776.815     /gpfs/hpu/EHT2/IHARM_inc+5/SANE_a+0.94_288x128x128_IHARM/m_1_1_20/image_a+0.94_0714_158_0_230.e9_6.2e9_1.74187e+27_20.dat
        20       0.767758        4.61545       -281.777         11.181        28.6082        20.0001       -1112.38     /gpfs/hpu/EHT2/IHARM_inc+5/SANE_a+0.94_288x128x128_IHARM/m_1_1_20/image_a+0.94_0720_158_0_230.e9_6.2e9_1.74187e+27_20.dat
        21       0.578844        5.02751       -308.147         5.1163        22.2189        13.9561       -788.379     /gpfs/hpu/EHT2/IHARM_inc+5/SANE_a+0.94_288x128x128_IHARM/m_1_1_20/image_a+0.94_0726_158_0_230.e9_6.2e9_1.74187e+27_20.dat
        22        1.03403         4.8392       -295.629         18.101        24.7691        21.0389       -1154.02     /gpfs/hpu/EHT2/IHARM_inc+5/SANE_a+0.94_288x128x128_IHARM/m_1_1_20/image_a+0.94_0732_158_0_230.e9_6.2e9_1.74187e+27_20.dat
        23       0.601764        4.85052       -274.605        9.51171        19.6691        14.5573       -809.408     /gpfs/hpu/EHT2/IHARM_inc+5/SANE_a+0.94_288x128x128_IHARM/m_1_1_20/image_a+0.94_0738_158_0_230.e9_6.2e9_1.74187e+27_20.dat
        24       0.511281         3.5586       -264.999        71.8398        74.0223        70.7199       -3530.19     /gpfs/hpu/EHT2/IHARM_inc+5/SANE_a+0.94_288x128x128_IHARM/m_1_1_20/image_a+0.94_0744_158_0_230.e9_6.2e9_1.74187e+27_20.dat
        25       0.598078         5.0214       -177.639        11.4309        23.0807        17.2014       -948.255     /gpfs/hpu/EHT2/IHARM_inc+5/SANE_a+0.94_288x128x128_IHARM/m_1_1_20/image_a+0.94_0750_158_0_230.e9_6.2e9_1.74187e+27_20.dat
        26       0.595332        4.92671       -281.853        13.6264        13.7559        13.2642       -756.394     /gpfs/hpu/EHT2/IHARM_inc+5/SANE_a+0.94_288x128x128_IHARM/m_1_1_20/image_a+0.94_0756_158_0_230.e9_6.2e9_1.74187e+27_20.dat
        27       0.514096        4.94249       -159.367        16.1782        15.1209        15.1109       -849.982     /gpfs/hpu/EHT2/IHARM_inc+5/SANE_a+0.94_288x128x128_IHARM/m_1_1_20/image_a+0.94_0762_158_0_230.e9_6.2e9_1.74187e+27_20.dat
        28       0.593045        5.22079       -218.603        26.0959        22.4928        23.3755       -1261.31     /gpfs/hpu/EHT2/IHARM_inc+5/SANE_a+0.94_288x128x128_IHARM/m_1_1_20/image_a+0.94_0768_158_0_230.e9_6.2e9_1.74187e+27_20.dat
        29       0.535259        4.97923       -272.783        16.1136        23.2837        19.3785       -1037.93     /gpfs/hpu/EHT2/IHARM_inc+5/SANE_a+0.94_288x128x128_IHARM/m_1_1_20/image_a+0.94_0774_158_0_230.e9_6.2e9_1.74187e+27_20.dat
        30       0.434341        4.71521       -183.614        21.7159        20.4157        20.3458       -1108.06     /gpfs/hpu/EHT2/IHARM_inc+5/SANE_a+0.94_288x128x128_IHARM/m_1_1_20/image_a+0.94_0780_158_0_230.e9_6.2e9_1.74187e+27_20.dat
        31        1.04656        5.37112       -158.832        28.4969        20.7445        23.5168        -1317.6     /gpfs/hpu/EHT2/IHARM_inc+5/SANE_a+0.94_288x128x128_IHARM/m_1_1_20/image_a+0.94_0786_158_0_230.e9_6.2e9_1.74187e+27_20.dat
        32       0.633749        4.52115       -251.069        13.1113        19.2759        15.9418       -913.109     /gpfs/hpu/EHT2/IHARM_inc+5/SANE_a+0.94_288x128x128_IHARM/m_1_1_20/image_a+0.94_0792_158_0_230.e9_6.2e9_1.74187e+27_20.dat
        33       0.658187        4.71936       -180.407        14.4219        18.7602        16.2498       -915.512     /gpfs/hpu/EHT2/IHARM_inc+5/SANE_a+0.94_288x128x128_IHARM/m_1_1_20/image_a+0.94_0798_158_0_230.e9_6.2e9_1.74187e+27_20.dat
        34       0.600261        5.10153       -163.355        13.7599        24.0068        18.7185       -1038.23     /gpfs/hpu/EHT2/IHARM_inc+5/SANE_a+0.94_288x128x128_IHARM/m_1_1_20/image_a+0.94_0804_158_0_230.e9_6.2e9_1.74187e+27_20.dat
        35       0.510806        4.66635       -160.656        23.3232        27.9501        25.0219       -1324.72     /gpfs/hpu/EHT2/IHARM_inc+5/SANE_a+0.94_288x128x128_IHARM/m_1_1_20/image_a+0.94_0810_158_0_230.e9_6.2e9_1.74187e+27_20.dat
        36       0.448744        4.71402       -303.857        18.0732        29.1541        23.3345       -1231.76     /gpfs/hpu/EHT2/IHARM_inc+5/SANE_a+0.94_288x128x128_IHARM/m_1_1_20/image_a+0.94_0816_158_0_230.e9_6.2e9_1.74187e+27_20.dat
        37       0.642807         4.9336       -305.731        19.6411        35.5316        27.3843       -1449.41     /gpfs/hpu/EHT2/IHARM_inc+5/SANE_a+0.94_288x128x128_IHARM/m_1_1_20/image_a+0.94_0822_158_0_230.e9_6.2e9_1.74187e+27_20.dat
        38       0.481234         5.1618       -162.042        37.8503        18.4768        26.4584       -1397.84     /gpfs/hpu/EHT2/IHARM_inc+5/SANE_a+0.94_288x128x128_IHARM/m_1_1_20/image_a+0.94_0828_158_0_230.e9_6.2e9_1.74187e+27_20.dat
        39       0.681067        4.27693       -150.363        29.6745        22.5647        24.9954       -1371.32     /gpfs/hpu/EHT2/IHARM_inc+5/SANE_a+0.94_288x128x128_IHARM/m_1_1_20/image_a+0.94_0834_158_0_230.e9_6.2e9_1.74187e+27_20.dat
        40       0.528976         4.9351       -329.133        7.35939        24.0427        15.9077       -905.564     /gpfs/hpu/EHT2/IHARM_inc+5/SANE_a+0.94_288x128x128_IHARM/m_1_1_20/image_a+0.94_0840_158_0_230.e9_6.2e9_1.74187e+27_20.dat
        41       0.812002        4.60735       -286.179        30.4574        25.3122        26.7876       -1432.63     /gpfs/hpu/EHT2/IHARM_inc+5/SANE_a+0.94_288x128x128_IHARM/m_1_1_20/image_a+0.94_0846_158_0_230.e9_6.2e9_1.74187e+27_20.dat
        42        1.12965        6.28108       -319.235        38.2582        51.9411        44.2515       -2286.36     /gpfs/hpu/EHT2/IHARM_inc+5/SANE_a+0.94_288x128x128_IHARM/m_1_1_20/image_a+0.94_0852_158_0_230.e9_6.2e9_1.74187e+27_20.dat
        43        1.03713        4.42074        -316.55        35.1676        47.1788        40.3787       -2082.39     /gpfs/hpu/EHT2/IHARM_inc+5/SANE_a+0.94_288x128x128_IHARM/m_1_1_20/image_a+0.94_0858_158_0_230.e9_6.2e9_1.74187e+27_20.dat
        44       0.389275        4.21018       -301.243        11.2109        29.1782        20.3134       -1093.01     /gpfs/hpu/EHT2/IHARM_inc+5/SANE_a+0.94_288x128x128_IHARM/m_1_1_20/image_a+0.94_0864_158_0_230.e9_6.2e9_1.74187e+27_20.dat
        45       0.573232        4.99967        -171.21        32.5679        24.7902        27.4459       -1448.06     /gpfs/hpu/EHT2/IHARM_inc+5/SANE_a+0.94_288x128x128_IHARM/m_1_1_20/image_a+0.94_0870_158_0_230.e9_6.2e9_1.74187e+27_20.dat
        46       0.559843        5.08591       -312.176        23.4911        34.4209        28.5018       -1513.67     /gpfs/hpu/EHT2/IHARM_inc+5/SANE_a+0.94_288x128x128_IHARM/m_1_1_20/image_a+0.94_0876_158_0_230.e9_6.2e9_1.74187e+27_20.dat
        47        0.93895        5.47348       -263.206        20.1254        28.5759        23.9375       -1325.36     /gpfs/hpu/EHT2/IHARM_inc+5/SANE_a+0.94_288x128x128_IHARM/m_1_1_20/image_a+0.94_0882_158_0_230.e9_6.2e9_1.74187e+27_20.dat
        48       0.373645        4.56725       -301.595        15.9822        32.0255        23.9213       -1266.34     /gpfs/hpu/EHT2/IHARM_inc+5/SANE_a+0.94_288x128x128_IHARM/m_1_1_20/image_a+0.94_0888_158_0_230.e9_6.2e9_1.74187e+27_20.dat
        49        0.42353        4.95133       -301.218        33.0413        32.8817        31.9139       -1654.51     /gpfs/hpu/EHT2/IHARM_inc+5/SANE_a+0.94_288x128x128_IHARM/m_1_1_20/image_a+0.94_0894_158_0_230.e9_6.2e9_1.74187e+27_20.dat
        50        0.58401        5.47713       -174.303        27.9528        24.6896        25.3526       -1352.01     /gpfs/hpu/EHT2/IHARM_inc+5/SANE_a+0.94_288x128x128_IHARM/m_1_1_20/image_a+0.94_0900_158_0_230.e9_6.2e9_1.74187e+27_20.dat
        51       0.717265        5.10692       -175.623        52.5862        17.3266        32.3679       -1778.73     /gpfs/hpu/EHT2/IHARM_inc+5/SANE_a+0.94_288x128x128_IHARM/m_1_1_20/image_a+0.94_0906_158_0_230.e9_6.2e9_1.74187e+27_20.dat
        52       0.605919        4.90118       -181.118        54.6139        23.9874          36.77       -1904.95     /gpfs/hpu/EHT2/IHARM_inc+5/SANE_a+0.94_288x128x128_IHARM/m_1_1_20/image_a+0.94_0912_158_0_230.e9_6.2e9_1.74187e+27_20.dat
        53       0.682344        4.87662       -177.088        60.2137        20.9581        37.6513       -2029.99     /gpfs/hpu/EHT2/IHARM_inc+5/SANE_a+0.94_288x128x128_IHARM/m_1_1_20/image_a+0.94_0918_158_0_230.e9_6.2e9_1.74187e+27_20.dat
        54       0.466246        4.27069       -184.548        27.4462        12.6762        18.8058       -1038.07     /gpfs/hpu/EHT2/IHARM_inc+5/SANE_a+0.94_288x128x128_IHARM/m_1_1_20/image_a+0.94_0924_158_0_230.e9_6.2e9_1.74187e+27_20.dat
        55       0.776835        4.15781       -172.307        63.9689        20.4474        39.0427          -2066     /gpfs/hpu/EHT2/IHARM_inc+5/SANE_a+0.94_288x128x128_IHARM/m_1_1_20/image_a+0.94_0930_158_0_230.e9_6.2e9_1.74187e+27_20.dat
        56       0.705039        5.03844       -173.294        44.4176        15.8908        28.0008       -1501.31     /gpfs/hpu/EHT2/IHARM_inc+5/SANE_a+0.94_288x128x128_IHARM/m_1_1_20/image_a+0.94_0936_158_0_230.e9_6.2e9_1.74187e+27_20.dat
        57       0.543264        5.20149       -177.392         35.293        21.7453        27.0481       -1451.56     /gpfs/hpu/EHT2/IHARM_inc+5/SANE_a+0.94_288x128x128_IHARM/m_1_1_20/image_a+0.94_0942_158_0_230.e9_6.2e9_1.74187e+27_20.dat
        58       0.609602        5.39748       -189.463        35.8188        17.8102        25.2094       -1353.44     /gpfs/hpu/EHT2/IHARM_inc+5/SANE_a+0.94_288x128x128_IHARM/m_1_1_20/image_a+0.94_0948_158_0_230.e9_6.2e9_1.74187e+27_20.dat
        59       0.519661        5.33898        -176.08        36.2286        32.3211         33.028       -1809.76     /gpfs/hpu/EHT2/IHARM_inc+5/SANE_a+0.94_288x128x128_IHARM/m_1_1_20/image_a+0.94_0954_158_0_230.e9_6.2e9_1.74187e+27_20.dat
        60       0.635056        4.64563       -178.026        51.2953        19.3317        32.8525       -1715.68     /gpfs/hpu/EHT2/IHARM_inc+5/SANE_a+0.94_288x128x128_IHARM/m_1_1_20/image_a+0.94_0960_158_0_230.e9_6.2e9_1.74187e+27_20.dat
        61       0.554276        5.27012       -179.951         28.388        17.2254        21.6165       -1189.28     /gpfs/hpu/EHT2/IHARM_inc+5/SANE_a+0.94_288x128x128_IHARM/m_1_1_20/image_a+0.94_0966_158_0_230.e9_6.2e9_1.74187e+27_20.dat
        62       0.595087         5.2941       -159.922        37.3426        23.4377         28.845       -1922.64     /gpfs/hpu/EHT2/IHARM_inc+5/SANE_a+0.94_288x128x128_IHARM/m_1_1_20/image_a+0.94_0972_158_0_230.e9_6.2e9_1.74187e+27_20.dat
        63       0.640115        5.09585       -283.304        45.1293        32.0035        36.7958       -1882.56     /gpfs/hpu/EHT2/IHARM_inc+5/SANE_a+0.94_288x128x128_IHARM/m_1_1_20/image_a+0.94_0978_158_0_230.e9_6.2e9_1.74187e+27_20.dat
        64       0.628608        5.30868       -305.886        38.3724         39.608        37.8109       -1944.71     /gpfs/hpu/EHT2/IHARM_inc+5/SANE_a+0.94_288x128x128_IHARM/m_1_1_20/image_a+0.94_0984_158_0_230.e9_6.2e9_1.74187e+27_20.dat
        65       0.646575        5.80686       -164.273        19.2242        37.5302        28.2519       -1660.64     /gpfs/hpu/EHT2/IHARM_inc+5/SANE_a+0.94_288x128x128_IHARM/m_1_1_20/image_a+0.94_0990_158_0_230.e9_6.2e9_1.74187e+27_20.dat
        66       0.636848         5.3349       -162.259        20.4006        15.5864        17.2226       -977.441     /gpfs/hpu/EHT2/IHARM_inc+5/SANE_a+0.94_288x128x128_IHARM/m_1_1_20/image_a+0.94_0996_158_0_230.e9_6.2e9_1.74187e+27_20.dat
        67       0.544562         4.8052       -152.779        12.2041        13.1481        12.3156       -782.169     /gpfs/hpu/EHT2/IHARM_inc+5/SANE_a+0.94_288x128x128_IHARM/m_1_1_20/image_a+0.94_1002_158_0_230.e9_6.2e9_1.74187e+27_20.dat
        68       0.785653        5.83808       -313.088        40.7113        43.8037        41.0533       -2250.77     /gpfs/hpu/EHT2/IHARM_inc+5/SANE_a+0.94_288x128x128_IHARM/m_1_1_20/image_a+0.94_1008_158_0_230.e9_6.2e9_1.74187e+27_20.dat
        69       0.600103        4.96408       -149.667        19.6448        12.7031        15.3709       -896.354     /gpfs/hpu/EHT2/IHARM_inc+5/SANE_a+0.94_288x128x128_IHARM/m_1_1_20/image_a+0.94_1014_158_0_230.e9_6.2e9_1.74187e+27_20.dat
        70        0.64568        5.16765       -175.144         58.938        16.4946        34.7382       -1907.39     /gpfs/hpu/EHT2/IHARM_inc+5/SANE_a+0.94_288x128x128_IHARM/m_1_1_20/image_a+0.94_1020_158_0_230.e9_6.2e9_1.74187e+27_20.dat
        71       0.559458        5.39234       -158.831         16.892        27.9516        22.1794       -1273.57     /gpfs/hpu/EHT2/IHARM_inc+5/SANE_a+0.94_288x128x128_IHARM/m_1_1_20/image_a+0.94_1026_158_0_230.e9_6.2e9_1.74187e+27_20.dat
        72       0.545754        5.12905       -155.437         17.017        14.5442        15.1781       -879.233     /gpfs/hpu/EHT2/IHARM_inc+5/SANE_a+0.94_288x128x128_IHARM/m_1_1_20/image_a+0.94_1032_158_0_230.e9_6.2e9_1.74187e+27_20.dat
        73       0.524263        5.41154       -164.812         54.799        23.1098          36.39       -2126.63     /gpfs/hpu/EHT2/IHARM_inc+5/SANE_a+0.94_288x128x128_IHARM/m_1_1_20/image_a+0.94_1038_158_0_230.e9_6.2e9_1.74187e+27_20.dat
        74       0.648775        5.43753       -163.923         41.217        26.0595        31.9378       -2051.92     /gpfs/hpu/EHT2/IHARM_inc+5/SANE_a+0.94_288x128x128_IHARM/m_1_1_20/image_a+0.94_1044_158_0_230.e9_6.2e9_1.74187e+27_20.dat
        75       0.501341        5.45271       -167.969        42.5329        25.1081        32.0188        -1723.6     /gpfs/hpu/EHT2/IHARM_inc+5/SANE_a+0.94_288x128x128_IHARM/m_1_1_20/image_a+0.94_1050_158_0_230.e9_6.2e9_1.74187e+27_20.dat
        76       0.539359        5.59601       -159.589        26.5667        35.8481        30.6127       -1744.48     /gpfs/hpu/EHT2/IHARM_inc+5/SANE_a+0.94_288x128x128_IHARM/m_1_1_20/image_a+0.94_1056_158_0_230.e9_6.2e9_1.74187e+27_20.dat
        77       0.579945        5.78036       -158.002        36.3122        19.4247        26.2773       -1712.29     /gpfs/hpu/EHT2/IHARM_inc+5/SANE_a+0.94_288x128x128_IHARM/m_1_1_20/image_a+0.94_1062_158_0_230.e9_6.2e9_1.74187e+27_20.dat
        78       0.538413        5.47057       -154.516        30.1901        21.4725        24.6485       -1482.51     /gpfs/hpu/EHT2/IHARM_inc+5/SANE_a+0.94_288x128x128_IHARM/m_1_1_20/image_a+0.94_1068_158_0_230.e9_6.2e9_1.74187e+27_20.dat
        79       0.566828        5.13058       -156.905        25.0354        31.2174        27.4985       -1505.72     /gpfs/hpu/EHT2/IHARM_inc+5/SANE_a+0.94_288x128x128_IHARM/m_1_1_20/image_a+0.94_1074_158_0_230.e9_6.2e9_1.74187e+27_20.dat
        80       0.502405         4.9988       -172.829        47.0678        20.3281        31.5079       -1722.98     /gpfs/hpu/EHT2/IHARM_inc+5/SANE_a+0.94_288x128x128_IHARM/m_1_1_20/image_a+0.94_1080_158_0_230.e9_6.2e9_1.74187e+27_20.dat
        81       0.552042        4.76954       -164.221        50.8008        26.9624          36.65        -2174.1     /gpfs/hpu/EHT2/IHARM_inc+5/SANE_a+0.94_288x128x128_IHARM/m_1_1_20/image_a+0.94_1086_158_0_230.e9_6.2e9_1.74187e+27_20.dat
        82       0.470652        4.66166       -158.245        28.5027        14.5703        20.2698       -1176.36     /gpfs/hpu/EHT2/IHARM_inc+5/SANE_a+0.94_288x128x128_IHARM/m_1_1_20/image_a+0.94_1092_158_0_230.e9_6.2e9_1.74187e+27_20.dat
        83       0.565351        4.96322       -166.921        56.2796        20.2313        35.5295       -2234.48     /gpfs/hpu/EHT2/IHARM_inc+5/SANE_a+0.94_288x128x128_IHARM/m_1_1_20/image_a+0.94_1098_158_0_230.e9_6.2e9_1.74187e+27_20.dat
        84       0.579086        4.88277       -165.117        55.5543        22.0462        36.1641       -2435.49     /gpfs/hpu/EHT2/IHARM_inc+5/SANE_a+0.94_288x128x128_IHARM/m_1_1_20/image_a+0.94_1104_158_0_230.e9_6.2e9_1.74187e+27_20.dat
        85       0.576451        4.68586       -171.933        61.3219        29.2342        42.4972       -2580.98     /gpfs/hpu/EHT2/IHARM_inc+5/SANE_a+0.94_288x128x128_IHARM/m_1_1_20/image_a+0.94_1110_158_0_230.e9_6.2e9_1.74187e+27_20.dat
        86       0.723603        4.63182       -166.313        40.6659        16.3106        26.5631       -1509.61     /gpfs/hpu/EHT2/IHARM_inc+5/SANE_a+0.94_288x128x128_IHARM/m_1_1_20/image_a+0.94_1116_158_0_230.e9_6.2e9_1.74187e+27_20.dat
        87       0.546807        5.10278       -171.533        60.3176        40.9036         48.195       -2553.83     /gpfs/hpu/EHT2/IHARM_inc+5/SANE_a+0.94_288x128x128_IHARM/m_1_1_20/image_a+0.94_1122_158_0_230.e9_6.2e9_1.74187e+27_20.dat
        88       0.659328        5.05091       -172.072        77.8024        23.7062        46.8738       -2903.55     /gpfs/hpu/EHT2/IHARM_inc+5/SANE_a+0.94_288x128x128_IHARM/m_1_1_20/image_a+0.94_1128_158_0_230.e9_6.2e9_1.74187e+27_20.dat
        89       0.474516         5.3718        -168.27        48.6614        26.5157        35.4691       -2229.33     /gpfs/hpu/EHT2/IHARM_inc+5/SANE_a+0.94_288x128x128_IHARM/m_1_1_20/image_a+0.94_1134_158_0_230.e9_6.2e9_1.74187e+27_20.dat
        90       0.831056        6.40808       -278.639        31.4346        36.9509        33.3453       -1869.26     /gpfs/hpu/EHT2/IHARM_inc+5/SANE_a+0.94_288x128x128_IHARM/m_1_1_20/image_a+0.94_1140_158_0_230.e9_6.2e9_1.74187e+27_20.dat
        91       0.502321        5.86241       -177.523        31.4535        17.2128        22.9652       -1302.69     /gpfs/hpu/EHT2/IHARM_inc+5/SANE_a+0.94_288x128x128_IHARM/m_1_1_20/image_a+0.94_1146_158_0_230.e9_6.2e9_1.74187e+27_20.dat
        92       0.543734        5.86157       -179.303        42.8103        21.0899        30.0266       -1663.86     /gpfs/hpu/EHT2/IHARM_inc+5/SANE_a+0.94_288x128x128_IHARM/m_1_1_20/image_a+0.94_1152_158_0_230.e9_6.2e9_1.74187e+27_20.dat
        93       0.469271        5.50902        -182.01        49.4633        25.3743        35.2228       -1863.32     /gpfs/hpu/EHT2/IHARM_inc+5/SANE_a+0.94_288x128x128_IHARM/m_1_1_20/image_a+0.94_1158_158_0_230.e9_6.2e9_1.74187e+27_20.dat
        94       0.539726        5.05481       -190.211        47.6732        20.3571        31.7909       -1671.83     /gpfs/hpu/EHT2/IHARM_inc+5/SANE_a+0.94_288x128x128_IHARM/m_1_1_20/image_a+0.94_1164_158_0_230.e9_6.2e9_1.74187e+27_20.dat
        95       0.656149        6.35587       -275.488        21.3063        36.7008        28.7358       -1535.75     /gpfs/hpu/EHT2/IHARM_inc+5/SANE_a+0.94_288x128x128_IHARM/m_1_1_20/image_a+0.94_1170_158_0_230.e9_6.2e9_1.74187e+27_20.dat
        96       0.542913        5.73958       -166.963        23.2451        23.9574         22.886       -1255.35     /gpfs/hpu/EHT2/IHARM_inc+5/SANE_a+0.94_288x128x128_IHARM/m_1_1_20/image_a+0.94_1176_158_0_230.e9_6.2e9_1.74187e+27_20.dat
        97       0.522453        4.98806       -182.164        81.7312        18.1939        45.7095       -2635.14     /gpfs/hpu/EHT2/IHARM_inc+5/SANE_a+0.94_288x128x128_IHARM/m_1_1_20/image_a+0.94_1182_158_0_230.e9_6.2e9_1.74187e+27_20.dat
        98       0.386705        4.89596        -161.07        13.3114        23.1025        18.0442       -1037.44     /gpfs/hpu/EHT2/IHARM_inc+5/SANE_a+0.94_288x128x128_IHARM/m_1_1_20/image_a+0.94_1188_158_0_230.e9_6.2e9_1.74187e+27_20.dat
        99       0.482409        5.10125       -166.543        11.8599        20.2476           15.9       -927.739     /gpfs/hpu/EHT2/IHARM_inc+5/SANE_a+0.94_288x128x128_IHARM/m_1_1_20/image_a+0.94_1194_158_0_230.e9_6.2e9_1.74187e+27_20.dat
