   # Index         I (Jy)      M/D (uas)       PA (deg)  VA red. chisq  CP red. chisq     red. chisq     log-liklhd     FileName
         0       0.586044        4.14151        322.997        36.6019        15.8047        24.1034       -1146.95     /gpfs/hpu/EHT2/IHARM_inc-5/MAD_a-0.94_384x192x192_IHARM/m_1_1_160/image_a-0.94_0000_12_0_230.e9_6.2e9_4.54383e+25_160.dat
         1       0.864637        4.27414        235.151        25.4724        33.4829        28.8388       -1348.74     /gpfs/hpu/EHT2/IHARM_inc-5/MAD_a-0.94_384x192x192_IHARM/m_1_1_160/image_a-0.94_0001_12_0_230.e9_6.2e9_4.54383e+25_160.dat
         2       0.647094           3.42        333.184        12.6556        13.3597        12.5704       -679.557     /gpfs/hpu/EHT2/IHARM_inc-5/MAD_a-0.94_384x192x192_IHARM/m_1_1_160/image_a-0.94_0002_12_0_230.e9_6.2e9_4.54383e+25_160.dat
         3       0.593242        3.79604        276.327        6.28474        38.8529        23.5304       -1117.79     /gpfs/hpu/EHT2/IHARM_inc-5/MAD_a-0.94_384x192x192_IHARM/m_1_1_160/image_a-0.94_0003_12_0_230.e9_6.2e9_4.54383e+25_160.dat
         4       0.719382        4.28297        359.407         15.755        13.9496        14.2099       -720.048     /gpfs/hpu/EHT2/IHARM_inc-5/MAD_a-0.94_384x192x192_IHARM/m_1_1_160/image_a-0.94_0004_12_0_230.e9_6.2e9_4.54383e+25_160.dat
         5       0.537259        3.93583        272.344        14.3686        23.6598        18.8285       -907.267     /gpfs/hpu/EHT2/IHARM_inc-5/MAD_a-0.94_384x192x192_IHARM/m_1_1_160/image_a-0.94_0005_12_0_230.e9_6.2e9_4.54383e+25_160.dat
         6       0.682713        3.50475        296.459        5.12784        13.7234        9.55246       -512.944     /gpfs/hpu/EHT2/IHARM_inc-5/MAD_a-0.94_384x192x192_IHARM/m_1_1_160/image_a-0.94_0006_12_0_230.e9_6.2e9_4.54383e+25_160.dat
         7       0.629659        3.33245        282.922        3.76677        8.16335         5.9881       -425.688     /gpfs/hpu/EHT2/IHARM_inc-5/MAD_a-0.94_384x192x192_IHARM/m_1_1_160/image_a-0.94_0007_12_0_230.e9_6.2e9_4.54383e+25_160.dat
         8        2.14667        5.26213        217.586        48.3905        34.0677        38.9347       -1802.38     /gpfs/hpu/EHT2/IHARM_inc-5/MAD_a-0.94_384x192x192_IHARM/m_1_1_160/image_a-0.94_0008_12_0_230.e9_6.2e9_4.54383e+25_160.dat
         9       0.459458        3.64861        225.564        6.73086        15.8805        11.3942       -596.538     /gpfs/hpu/EHT2/IHARM_inc-5/MAD_a-0.94_384x192x192_IHARM/m_1_1_160/image_a-0.94_0009_12_0_230.e9_6.2e9_4.54383e+25_160.dat
        10       0.661465        4.03287        166.596        6.87683        26.0594        16.9183       -817.499     /gpfs/hpu/EHT2/IHARM_inc-5/MAD_a-0.94_384x192x192_IHARM/m_1_1_160/image_a-0.94_0010_12_0_230.e9_6.2e9_4.54383e+25_160.dat
        11       0.881832        4.52437        195.242        30.2416        68.4521        49.6384       -2337.94     /gpfs/hpu/EHT2/IHARM_inc-5/MAD_a-0.94_384x192x192_IHARM/m_1_1_160/image_a-0.94_0011_12_0_230.e9_6.2e9_4.54383e+25_160.dat
        12       0.418841        3.54572        283.046        5.84192        16.4734        11.3329       -697.513     /gpfs/hpu/EHT2/IHARM_inc-5/MAD_a-0.94_384x192x192_IHARM/m_1_1_160/image_a-0.94_0012_12_0_230.e9_6.2e9_4.54383e+25_160.dat
        13       0.690406        3.89376        323.143        4.45476        18.1447        11.6376       -660.074     /gpfs/hpu/EHT2/IHARM_inc-5/MAD_a-0.94_384x192x192_IHARM/m_1_1_160/image_a-0.94_0013_12_0_230.e9_6.2e9_4.54383e+25_160.dat
        14       0.645782        3.93858        316.723        10.7472        20.7377        15.7148       -882.333     /gpfs/hpu/EHT2/IHARM_inc-5/MAD_a-0.94_384x192x192_IHARM/m_1_1_160/image_a-0.94_0014_12_0_230.e9_6.2e9_4.54383e+25_160.dat
        15       0.886159        4.13654        297.006        12.8421        10.7057        11.2259       -609.644     /gpfs/hpu/EHT2/IHARM_inc-5/MAD_a-0.94_384x192x192_IHARM/m_1_1_160/image_a-0.94_0015_12_0_230.e9_6.2e9_4.54383e+25_160.dat
        16       0.523493        3.86994        268.988        15.7845        16.3081         15.488       -780.258     /gpfs/hpu/EHT2/IHARM_inc-5/MAD_a-0.94_384x192x192_IHARM/m_1_1_160/image_a-0.94_0016_12_0_230.e9_6.2e9_4.54383e+25_160.dat
        17       0.840953        4.34368        343.741        11.0813        12.0809        11.2123       -600.783     /gpfs/hpu/EHT2/IHARM_inc-5/MAD_a-0.94_384x192x192_IHARM/m_1_1_160/image_a-0.94_0017_12_0_230.e9_6.2e9_4.54383e+25_160.dat
        18       0.606062        3.46422        297.205        22.9872        18.3467        19.6562       -959.414     /gpfs/hpu/EHT2/IHARM_inc-5/MAD_a-0.94_384x192x192_IHARM/m_1_1_160/image_a-0.94_0018_12_0_230.e9_6.2e9_4.54383e+25_160.dat
        19       0.557906        4.22158        321.159        7.15353        13.0794        10.0716       -545.017     /gpfs/hpu/EHT2/IHARM_inc-5/MAD_a-0.94_384x192x192_IHARM/m_1_1_160/image_a-0.94_0019_12_0_230.e9_6.2e9_4.54383e+25_160.dat
        20        0.49719        3.77312        328.237        6.99424        9.25357        7.95068        -463.92     /gpfs/hpu/EHT2/IHARM_inc-5/MAD_a-0.94_384x192x192_IHARM/m_1_1_160/image_a-0.94_0020_12_0_230.e9_6.2e9_4.54383e+25_160.dat
        21        0.65772        3.46135        139.758        3.64839        24.6843        14.8025       -749.714     /gpfs/hpu/EHT2/IHARM_inc-5/MAD_a-0.94_384x192x192_IHARM/m_1_1_160/image_a-0.94_0021_12_0_230.e9_6.2e9_4.54383e+25_160.dat
        22       0.761732        3.94939       -84.9027        5.14317        14.3507        9.89563       -553.282     /gpfs/hpu/EHT2/IHARM_inc-5/MAD_a-0.94_384x192x192_IHARM/m_1_1_160/image_a-0.94_0022_12_0_230.e9_6.2e9_4.54383e+25_160.dat
        23       0.641651        4.42167       -80.8437        5.44066        3.42986        4.16264       -305.339     /gpfs/hpu/EHT2/IHARM_inc-5/MAD_a-0.94_384x192x192_IHARM/m_1_1_160/image_a-0.94_0023_12_0_230.e9_6.2e9_4.54383e+25_160.dat
        24       0.582872        3.77859        -129.79         6.9179         22.681        15.1231       -782.757     /gpfs/hpu/EHT2/IHARM_inc-5/MAD_a-0.94_384x192x192_IHARM/m_1_1_160/image_a-0.94_0024_12_0_230.e9_6.2e9_4.54383e+25_160.dat
        25       0.612595        3.86572        -94.923         7.2863        6.75096        6.73247       -414.952     /gpfs/hpu/EHT2/IHARM_inc-5/MAD_a-0.94_384x192x192_IHARM/m_1_1_160/image_a-0.94_0025_12_0_230.e9_6.2e9_4.54383e+25_160.dat
        26       0.745843        3.45785       -35.6691        27.8267        17.4872        21.2606       -1077.56     /gpfs/hpu/EHT2/IHARM_inc-5/MAD_a-0.94_384x192x192_IHARM/m_1_1_160/image_a-0.94_0026_12_0_230.e9_6.2e9_4.54383e+25_160.dat
        27       0.755766        3.16588       -72.1794        8.55189        6.17553         6.9639       -458.166     /gpfs/hpu/EHT2/IHARM_inc-5/MAD_a-0.94_384x192x192_IHARM/m_1_1_160/image_a-0.94_0027_12_0_230.e9_6.2e9_4.54383e+25_160.dat
        28       0.857867        3.77336       -88.8361        17.4304        19.8369         18.084       -896.234     /gpfs/hpu/EHT2/IHARM_inc-5/MAD_a-0.94_384x192x192_IHARM/m_1_1_160/image_a-0.94_0028_12_0_230.e9_6.2e9_4.54383e+25_160.dat
        29       0.953017        4.33451       -70.0435        7.82802        26.9542        17.8045       -863.248     /gpfs/hpu/EHT2/IHARM_inc-5/MAD_a-0.94_384x192x192_IHARM/m_1_1_160/image_a-0.94_0029_12_0_230.e9_6.2e9_4.54383e+25_160.dat
        30       0.760719        3.91168        -43.451        2.89025        14.3419        8.92931        -532.77     /gpfs/hpu/EHT2/IHARM_inc-5/MAD_a-0.94_384x192x192_IHARM/m_1_1_160/image_a-0.94_0030_12_0_230.e9_6.2e9_4.54383e+25_160.dat
        31       0.577088        3.98449       -81.9444        8.74233        6.30313        7.11365       -420.804     /gpfs/hpu/EHT2/IHARM_inc-5/MAD_a-0.94_384x192x192_IHARM/m_1_1_160/image_a-0.94_0031_12_0_230.e9_6.2e9_4.54383e+25_160.dat
        32       0.511093        3.59054       -120.793        11.3181        16.1583        13.5012       -677.211     /gpfs/hpu/EHT2/IHARM_inc-5/MAD_a-0.94_384x192x192_IHARM/m_1_1_160/image_a-0.94_0032_12_0_230.e9_6.2e9_4.54383e+25_160.dat
        33       0.508827        3.33793       -23.4815        18.0306        19.0748        17.9313       -882.201     /gpfs/hpu/EHT2/IHARM_inc-5/MAD_a-0.94_384x192x192_IHARM/m_1_1_160/image_a-0.94_0033_12_0_230.e9_6.2e9_4.54383e+25_160.dat
        34       0.552547        3.51962       -44.4384        11.8683        10.5229        10.7122       -588.681     /gpfs/hpu/EHT2/IHARM_inc-5/MAD_a-0.94_384x192x192_IHARM/m_1_1_160/image_a-0.94_0034_12_0_230.e9_6.2e9_4.54383e+25_160.dat
        35       0.697139        3.43889       -41.6974        14.2308        15.4654        14.3726       -739.875     /gpfs/hpu/EHT2/IHARM_inc-5/MAD_a-0.94_384x192x192_IHARM/m_1_1_160/image_a-0.94_0035_12_0_230.e9_6.2e9_4.54383e+25_160.dat
        36       0.660886         3.6092       -126.646        21.1797        34.8569        27.7438          -1287     /gpfs/hpu/EHT2/IHARM_inc-5/MAD_a-0.94_384x192x192_IHARM/m_1_1_160/image_a-0.94_0036_12_0_230.e9_6.2e9_4.54383e+25_160.dat
        37       0.612386        3.73273       -91.3899        10.1181        31.3886        21.1614       -1079.59     /gpfs/hpu/EHT2/IHARM_inc-5/MAD_a-0.94_384x192x192_IHARM/m_1_1_160/image_a-0.94_0037_12_0_230.e9_6.2e9_4.54383e+25_160.dat
        38       0.673257        4.04719       -85.9076        18.5401        31.0909        24.5964       -1209.19     /gpfs/hpu/EHT2/IHARM_inc-5/MAD_a-0.94_384x192x192_IHARM/m_1_1_160/image_a-0.94_0038_12_0_230.e9_6.2e9_4.54383e+25_160.dat
        39       0.804616        4.45371       -60.6868        5.18734        12.8098        9.08766       -537.663     /gpfs/hpu/EHT2/IHARM_inc-5/MAD_a-0.94_384x192x192_IHARM/m_1_1_160/image_a-0.94_0039_12_0_230.e9_6.2e9_4.54383e+25_160.dat
        40       0.895514        4.46344       -17.1276        20.1707        27.2715        23.2429       -1122.54     /gpfs/hpu/EHT2/IHARM_inc-5/MAD_a-0.94_384x192x192_IHARM/m_1_1_160/image_a-0.94_0040_12_0_230.e9_6.2e9_4.54383e+25_160.dat
        41       0.648778        4.02266       -36.1904        7.43681        8.36505        7.66281       -453.562     /gpfs/hpu/EHT2/IHARM_inc-5/MAD_a-0.94_384x192x192_IHARM/m_1_1_160/image_a-0.94_0041_12_0_230.e9_6.2e9_4.54383e+25_160.dat
        42       0.932149        4.42318       -40.1739        10.5363        13.8588        11.9337       -631.551     /gpfs/hpu/EHT2/IHARM_inc-5/MAD_a-0.94_384x192x192_IHARM/m_1_1_160/image_a-0.94_0042_12_0_230.e9_6.2e9_4.54383e+25_160.dat
        43       0.729467         3.6684       -104.153        3.15264        22.5865        13.4652       -710.589     /gpfs/hpu/EHT2/IHARM_inc-5/MAD_a-0.94_384x192x192_IHARM/m_1_1_160/image_a-0.94_0043_12_0_230.e9_6.2e9_4.54383e+25_160.dat
        44       0.769918         3.4174       -86.6906        18.8997        22.9028        20.3562       -1200.62     /gpfs/hpu/EHT2/IHARM_inc-5/MAD_a-0.94_384x192x192_IHARM/m_1_1_160/image_a-0.94_0044_12_0_230.e9_6.2e9_4.54383e+25_160.dat
        45        1.24871        4.00305       -21.5946        19.2304        16.9577        17.3073        -861.18     /gpfs/hpu/EHT2/IHARM_inc-5/MAD_a-0.94_384x192x192_IHARM/m_1_1_160/image_a-0.94_0045_12_0_230.e9_6.2e9_4.54383e+25_160.dat
        46         1.0353        3.71159        42.9192        13.6499        12.9993        12.8014       -698.238     /gpfs/hpu/EHT2/IHARM_inc-5/MAD_a-0.94_384x192x192_IHARM/m_1_1_160/image_a-0.94_0046_12_0_230.e9_6.2e9_4.54383e+25_160.dat
        47        1.04398        3.72595        76.5062        24.5178        31.3674        27.2962       -1302.95     /gpfs/hpu/EHT2/IHARM_inc-5/MAD_a-0.94_384x192x192_IHARM/m_1_1_160/image_a-0.94_0047_12_0_230.e9_6.2e9_4.54383e+25_160.dat
        48       0.840707        3.99966       -19.0803        9.35796        26.3994        18.1598       -1080.46     /gpfs/hpu/EHT2/IHARM_inc-5/MAD_a-0.94_384x192x192_IHARM/m_1_1_160/image_a-0.94_0048_12_0_230.e9_6.2e9_4.54383e+25_160.dat
        49       0.603748        4.46427       -83.5272        35.1873        26.8764        29.4405       -1328.64     /gpfs/hpu/EHT2/IHARM_inc-5/MAD_a-0.94_384x192x192_IHARM/m_1_1_160/image_a-0.94_0049_12_0_230.e9_6.2e9_4.54383e+25_160.dat
        50        1.55615        4.71443        -97.752        19.0889        13.8395        15.5738       -840.674     /gpfs/hpu/EHT2/IHARM_inc-5/MAD_a-0.94_384x192x192_IHARM/m_1_1_160/image_a-0.94_0050_12_0_230.e9_6.2e9_4.54383e+25_160.dat
        51       0.479938        4.16706        6.66448        5.57198        9.66605        7.56494       -434.521     /gpfs/hpu/EHT2/IHARM_inc-5/MAD_a-0.94_384x192x192_IHARM/m_1_1_160/image_a-0.94_0051_12_0_230.e9_6.2e9_4.54383e+25_160.dat
        52       0.587548        3.84261       -73.4524        3.14948        12.0046        7.78578       -457.352     /gpfs/hpu/EHT2/IHARM_inc-5/MAD_a-0.94_384x192x192_IHARM/m_1_1_160/image_a-0.94_0052_12_0_230.e9_6.2e9_4.54383e+25_160.dat
        53       0.660034        3.93721       -56.6821        5.87445        16.0061         11.096       -605.444     /gpfs/hpu/EHT2/IHARM_inc-5/MAD_a-0.94_384x192x192_IHARM/m_1_1_160/image_a-0.94_0053_12_0_230.e9_6.2e9_4.54383e+25_160.dat
        54       0.439768        4.03294       -29.1353        5.76945        11.6158        8.69543       -484.082     /gpfs/hpu/EHT2/IHARM_inc-5/MAD_a-0.94_384x192x192_IHARM/m_1_1_160/image_a-0.94_0054_12_0_230.e9_6.2e9_4.54383e+25_160.dat
        55       0.670436        4.31376       -120.177        7.97131        12.5182        10.1195       -540.465     /gpfs/hpu/EHT2/IHARM_inc-5/MAD_a-0.94_384x192x192_IHARM/m_1_1_160/image_a-0.94_0055_12_0_230.e9_6.2e9_4.54383e+25_160.dat
        56       0.531361         4.2697       -63.6944        5.01162        13.3077        9.27983       -523.691     /gpfs/hpu/EHT2/IHARM_inc-5/MAD_a-0.94_384x192x192_IHARM/m_1_1_160/image_a-0.94_0056_12_0_230.e9_6.2e9_4.54383e+25_160.dat
        57       0.620956        3.62907       -61.0562        12.8449         7.8627        9.70159        -556.88     /gpfs/hpu/EHT2/IHARM_inc-5/MAD_a-0.94_384x192x192_IHARM/m_1_1_160/image_a-0.94_0057_12_0_230.e9_6.2e9_4.54383e+25_160.dat
        58        0.55932        3.59733       -73.1901        4.70757        5.38817        4.90054       -352.035     /gpfs/hpu/EHT2/IHARM_inc-5/MAD_a-0.94_384x192x192_IHARM/m_1_1_160/image_a-0.94_0058_12_0_230.e9_6.2e9_4.54383e+25_160.dat
        59       0.769346        3.47961       -42.7408         9.2646        10.6061        9.64546       -566.779     /gpfs/hpu/EHT2/IHARM_inc-5/MAD_a-0.94_384x192x192_IHARM/m_1_1_160/image_a-0.94_0059_12_0_230.e9_6.2e9_4.54383e+25_160.dat
        60       0.675922        3.77998       -37.2689        11.6961        16.1353        13.6502       -748.645     /gpfs/hpu/EHT2/IHARM_inc-5/MAD_a-0.94_384x192x192_IHARM/m_1_1_160/image_a-0.94_0060_12_0_230.e9_6.2e9_4.54383e+25_160.dat
        61       0.528819        4.39687       -124.403         3.3007        22.7113        13.5954       -690.921     /gpfs/hpu/EHT2/IHARM_inc-5/MAD_a-0.94_384x192x192_IHARM/m_1_1_160/image_a-0.94_0061_12_0_230.e9_6.2e9_4.54383e+25_160.dat
        62       0.455803        3.87781        16.7073        4.75658        15.2735        10.2258       -681.462     /gpfs/hpu/EHT2/IHARM_inc-5/MAD_a-0.94_384x192x192_IHARM/m_1_1_160/image_a-0.94_0062_12_0_230.e9_6.2e9_4.54383e+25_160.dat
        63       0.483959        3.90021        17.6024        12.8859        14.5253        13.2941       -683.237     /gpfs/hpu/EHT2/IHARM_inc-5/MAD_a-0.94_384x192x192_IHARM/m_1_1_160/image_a-0.94_0063_12_0_230.e9_6.2e9_4.54383e+25_160.dat
        64       0.516327        4.22744       -70.2849        17.4548        14.4295        15.1929       -755.979     /gpfs/hpu/EHT2/IHARM_inc-5/MAD_a-0.94_384x192x192_IHARM/m_1_1_160/image_a-0.94_0064_12_0_230.e9_6.2e9_4.54383e+25_160.dat
        65       0.594366        3.92013       -95.8346        16.1653        22.3778        18.9075       -919.109     /gpfs/hpu/EHT2/IHARM_inc-5/MAD_a-0.94_384x192x192_IHARM/m_1_1_160/image_a-0.94_0065_12_0_230.e9_6.2e9_4.54383e+25_160.dat
        66       0.656222        3.70888        -77.303        18.6352        40.2665        29.5605       -1345.17     /gpfs/hpu/EHT2/IHARM_inc-5/MAD_a-0.94_384x192x192_IHARM/m_1_1_160/image_a-0.94_0066_12_0_230.e9_6.2e9_4.54383e+25_160.dat
        67       0.760695        3.73668       -118.408        22.7942        14.0608        17.2741       -911.666     /gpfs/hpu/EHT2/IHARM_inc-5/MAD_a-0.94_384x192x192_IHARM/m_1_1_160/image_a-0.94_0067_12_0_230.e9_6.2e9_4.54383e+25_160.dat
        68       0.630857        3.71962       -101.403         13.179        14.6748        13.4995       -699.649     /gpfs/hpu/EHT2/IHARM_inc-5/MAD_a-0.94_384x192x192_IHARM/m_1_1_160/image_a-0.94_0068_12_0_230.e9_6.2e9_4.54383e+25_160.dat
        69       0.489459        3.74562       -65.7679        4.71202        4.56976        4.46329       -311.946     /gpfs/hpu/EHT2/IHARM_inc-5/MAD_a-0.94_384x192x192_IHARM/m_1_1_160/image_a-0.94_0069_12_0_230.e9_6.2e9_4.54383e+25_160.dat
        70       0.726868        3.94022        88.5879        5.38086        15.4494        10.5866       -731.093     /gpfs/hpu/EHT2/IHARM_inc-5/MAD_a-0.94_384x192x192_IHARM/m_1_1_160/image_a-0.94_0070_12_0_230.e9_6.2e9_4.54383e+25_160.dat
        71       0.707769        4.24172        21.6415        7.29141        14.1122        10.6846       -611.022     /gpfs/hpu/EHT2/IHARM_inc-5/MAD_a-0.94_384x192x192_IHARM/m_1_1_160/image_a-0.94_0071_12_0_230.e9_6.2e9_4.54383e+25_160.dat
        72        0.59256        3.81126        113.933        21.2312        27.9752        24.0732        -1115.8     /gpfs/hpu/EHT2/IHARM_inc-5/MAD_a-0.94_384x192x192_IHARM/m_1_1_160/image_a-0.94_0072_12_0_230.e9_6.2e9_4.54383e+25_160.dat
        73       0.632894        3.90436         230.21        11.8696        16.9196        14.1451       -714.775     /gpfs/hpu/EHT2/IHARM_inc-5/MAD_a-0.94_384x192x192_IHARM/m_1_1_160/image_a-0.94_0073_12_0_230.e9_6.2e9_4.54383e+25_160.dat
        74       0.515846        3.66411        163.621        12.8354        23.0924        17.8696       -869.988     /gpfs/hpu/EHT2/IHARM_inc-5/MAD_a-0.94_384x192x192_IHARM/m_1_1_160/image_a-0.94_0074_12_0_230.e9_6.2e9_4.54383e+25_160.dat
        75       0.644129        4.06864        166.865        5.67642          17.13        11.6146       -620.574     /gpfs/hpu/EHT2/IHARM_inc-5/MAD_a-0.94_384x192x192_IHARM/m_1_1_160/image_a-0.94_0075_12_0_230.e9_6.2e9_4.54383e+25_160.dat
        76       0.603043        4.12839        231.416        6.94786        9.36382        7.99004        -467.09     /gpfs/hpu/EHT2/IHARM_inc-5/MAD_a-0.94_384x192x192_IHARM/m_1_1_160/image_a-0.94_0076_12_0_230.e9_6.2e9_4.54383e+25_160.dat
        77        0.56532         3.6088        199.966        11.5802        27.9816        19.9573       -996.536     /gpfs/hpu/EHT2/IHARM_inc-5/MAD_a-0.94_384x192x192_IHARM/m_1_1_160/image_a-0.94_0077_12_0_230.e9_6.2e9_4.54383e+25_160.dat
        78       0.748454        4.42599        351.982        21.5183        13.5745        16.4685       -845.132     /gpfs/hpu/EHT2/IHARM_inc-5/MAD_a-0.94_384x192x192_IHARM/m_1_1_160/image_a-0.94_0078_12_0_230.e9_6.2e9_4.54383e+25_160.dat
        79        1.09724        3.71162          232.2        10.1083        13.9285        11.7883       -669.992     /gpfs/hpu/EHT2/IHARM_inc-5/MAD_a-0.94_384x192x192_IHARM/m_1_1_160/image_a-0.94_0079_12_0_230.e9_6.2e9_4.54383e+25_160.dat
        80       0.659677        3.63072         310.39        14.4475        18.5822        16.1376       -838.043     /gpfs/hpu/EHT2/IHARM_inc-5/MAD_a-0.94_384x192x192_IHARM/m_1_1_160/image_a-0.94_0080_12_0_230.e9_6.2e9_4.54383e+25_160.dat
        81       0.517099        3.74713        328.757         25.809        25.8606        24.8924       -1179.65     /gpfs/hpu/EHT2/IHARM_inc-5/MAD_a-0.94_384x192x192_IHARM/m_1_1_160/image_a-0.94_0081_12_0_230.e9_6.2e9_4.54383e+25_160.dat
        82       0.773783        4.16282        303.143        10.8961        36.6503        24.3168       -1129.92     /gpfs/hpu/EHT2/IHARM_inc-5/MAD_a-0.94_384x192x192_IHARM/m_1_1_160/image_a-0.94_0082_12_0_230.e9_6.2e9_4.54383e+25_160.dat
        83       0.395252        3.71401        282.529        13.5585         19.731        16.3745       -798.766     /gpfs/hpu/EHT2/IHARM_inc-5/MAD_a-0.94_384x192x192_IHARM/m_1_1_160/image_a-0.94_0083_12_0_230.e9_6.2e9_4.54383e+25_160.dat
        84       0.684037         3.0954        276.788        21.7387        18.6943        19.3098       -941.282     /gpfs/hpu/EHT2/IHARM_inc-5/MAD_a-0.94_384x192x192_IHARM/m_1_1_160/image_a-0.94_0084_12_0_230.e9_6.2e9_4.54383e+25_160.dat
        85       0.631799        3.67492        333.614        8.44426        31.0163        20.2472       -1007.91     /gpfs/hpu/EHT2/IHARM_inc-5/MAD_a-0.94_384x192x192_IHARM/m_1_1_160/image_a-0.94_0085_12_0_230.e9_6.2e9_4.54383e+25_160.dat
        86       0.529157        3.64527        359.926        10.2217        11.5895        10.5817       -554.645     /gpfs/hpu/EHT2/IHARM_inc-5/MAD_a-0.94_384x192x192_IHARM/m_1_1_160/image_a-0.94_0086_12_0_230.e9_6.2e9_4.54383e+25_160.dat
        87       0.993835        3.59813        326.708        20.8845        22.9855        21.2478       -1031.34     /gpfs/hpu/EHT2/IHARM_inc-5/MAD_a-0.94_384x192x192_IHARM/m_1_1_160/image_a-0.94_0087_12_0_230.e9_6.2e9_4.54383e+25_160.dat
        88        1.77574        4.73052        280.109        21.0216         18.418        18.8555       -992.301     /gpfs/hpu/EHT2/IHARM_inc-5/MAD_a-0.94_384x192x192_IHARM/m_1_1_160/image_a-0.94_0088_12_0_230.e9_6.2e9_4.54383e+25_160.dat
        89       0.806908        3.24392        310.382        12.1871        24.5133        18.3553       -961.372     /gpfs/hpu/EHT2/IHARM_inc-5/MAD_a-0.94_384x192x192_IHARM/m_1_1_160/image_a-0.94_0089_12_0_230.e9_6.2e9_4.54383e+25_160.dat
        90       0.926238        3.83317        288.315        7.28407        23.1596        15.5361       -805.775     /gpfs/hpu/EHT2/IHARM_inc-5/MAD_a-0.94_384x192x192_IHARM/m_1_1_160/image_a-0.94_0090_12_0_230.e9_6.2e9_4.54383e+25_160.dat
        91       0.639479        3.11525        306.621        12.9732         40.144         27.078       -1261.37     /gpfs/hpu/EHT2/IHARM_inc-5/MAD_a-0.94_384x192x192_IHARM/m_1_1_160/image_a-0.94_0091_12_0_230.e9_6.2e9_4.54383e+25_160.dat
        92        1.06172        3.89172        255.341        19.9453         72.312        47.3148       -2793.26     /gpfs/hpu/EHT2/IHARM_inc-5/MAD_a-0.94_384x192x192_IHARM/m_1_1_160/image_a-0.94_0092_12_0_230.e9_6.2e9_4.54383e+25_160.dat
        93       0.665385        3.98672        328.302        5.31899        6.26978        5.63457       -398.849     /gpfs/hpu/EHT2/IHARM_inc-5/MAD_a-0.94_384x192x192_IHARM/m_1_1_160/image_a-0.94_0093_12_0_230.e9_6.2e9_4.54383e+25_160.dat
        94       0.982175        4.32589        340.674        34.2951         145.79        92.8669       -3980.21     /gpfs/hpu/EHT2/IHARM_inc-5/MAD_a-0.94_384x192x192_IHARM/m_1_1_160/image_a-0.94_0094_12_0_230.e9_6.2e9_4.54383e+25_160.dat
        95       0.641165        3.65842        255.233        1.97331        8.15897        5.22025       -350.656     /gpfs/hpu/EHT2/IHARM_inc-5/MAD_a-0.94_384x192x192_IHARM/m_1_1_160/image_a-0.94_0095_12_0_230.e9_6.2e9_4.54383e+25_160.dat
        96       0.679781        3.91392        245.367        6.24857        12.8888        9.58301       -558.221     /gpfs/hpu/EHT2/IHARM_inc-5/MAD_a-0.94_384x192x192_IHARM/m_1_1_160/image_a-0.94_0096_12_0_230.e9_6.2e9_4.54383e+25_160.dat
        97       0.654969        3.67923        313.202        8.89832        11.3087        9.86616       -584.373     /gpfs/hpu/EHT2/IHARM_inc-5/MAD_a-0.94_384x192x192_IHARM/m_1_1_160/image_a-0.94_0097_12_0_230.e9_6.2e9_4.54383e+25_160.dat
        98       0.582777        3.51463        315.908        5.89036        35.8374         21.744       -1276.96     /gpfs/hpu/EHT2/IHARM_inc-5/MAD_a-0.94_384x192x192_IHARM/m_1_1_160/image_a-0.94_0098_12_0_230.e9_6.2e9_4.54383e+25_160.dat
        99       0.645449        3.67055        346.335        11.0993        12.3609        11.3702       -665.131     /gpfs/hpu/EHT2/IHARM_inc-5/MAD_a-0.94_384x192x192_IHARM/m_1_1_160/image_a-0.94_0099_12_0_230.e9_6.2e9_4.54383e+25_160.dat
