   # Index         I (Jy)      M/D (uas)       PA (deg)  VA red. chisq  CP red. chisq     red. chisq     log-liklhd     FileName
         0        1.09661        2.94864       -143.243        14.4099        29.4394        22.8992       -1958.62     /gpfs/hpu/EHT2/IHARM_inc+5/MAD_a-0.5_384x192x192_IHARM/m_1_1_20/image_a-0.5_0000_22_0_230.e9_6.2e9_1.91811e+25_20.dat
         1        1.02784        2.83531       -126.628         14.768        32.0205        24.5529        -2066.4     /gpfs/hpu/EHT2/IHARM_inc+5/MAD_a-0.5_384x192x192_IHARM/m_1_1_20/image_a-0.5_0001_22_0_230.e9_6.2e9_1.91811e+25_20.dat
         2        1.13309        3.43392        41.1096        51.3357        55.2125        52.4514       -3862.15     /gpfs/hpu/EHT2/IHARM_inc+5/MAD_a-0.5_384x192x192_IHARM/m_1_1_20/image_a-0.5_0002_22_0_230.e9_6.2e9_1.91811e+25_20.dat
         3        1.34106        3.55773        147.677        55.8529         75.149        65.9095       -5309.71     /gpfs/hpu/EHT2/IHARM_inc+5/MAD_a-0.5_384x192x192_IHARM/m_1_1_20/image_a-0.5_0003_22_0_230.e9_6.2e9_1.91811e+25_20.dat
         4       0.862052        3.92091        124.813        23.6871        37.6385        31.3348       -2486.67     /gpfs/hpu/EHT2/IHARM_inc+5/MAD_a-0.5_384x192x192_IHARM/m_1_1_20/image_a-0.5_0004_22_0_230.e9_6.2e9_1.91811e+25_20.dat
         5       0.642407        2.96633        3.49996         37.294        70.8044        56.1055       -4747.55     /gpfs/hpu/EHT2/IHARM_inc+5/MAD_a-0.5_384x192x192_IHARM/m_1_1_20/image_a-0.5_0005_22_0_230.e9_6.2e9_1.91811e+25_20.dat
         6       0.853352        3.93757        235.005        25.0933        57.6262        43.6067       -3756.99     /gpfs/hpu/EHT2/IHARM_inc+5/MAD_a-0.5_384x192x192_IHARM/m_1_1_20/image_a-0.5_0006_22_0_230.e9_6.2e9_1.91811e+25_20.dat
         7        0.82177        2.99382        182.293        18.7768        10.8599        13.7103       -1288.65     /gpfs/hpu/EHT2/IHARM_inc+5/MAD_a-0.5_384x192x192_IHARM/m_1_1_20/image_a-0.5_0007_22_0_230.e9_6.2e9_1.91811e+25_20.dat
         8       0.866499        3.48639        194.908        27.3451         37.855         32.892       -2616.92     /gpfs/hpu/EHT2/IHARM_inc+5/MAD_a-0.5_384x192x192_IHARM/m_1_1_20/image_a-0.5_0008_22_0_230.e9_6.2e9_1.91811e+25_20.dat
         9       0.673772        3.50488        268.232        11.3731        19.1144        15.6566       -1360.73     /gpfs/hpu/EHT2/IHARM_inc+5/MAD_a-0.5_384x192x192_IHARM/m_1_1_20/image_a-0.5_0009_22_0_230.e9_6.2e9_1.91811e+25_20.dat
        10       0.633191        3.36034        296.647        14.2563         9.2018        10.9704       -1019.38     /gpfs/hpu/EHT2/IHARM_inc+5/MAD_a-0.5_384x192x192_IHARM/m_1_1_20/image_a-0.5_0010_22_0_230.e9_6.2e9_1.91811e+25_20.dat
        11       0.801171        3.23699        267.658        18.8708        39.8254        30.7343       -2506.77     /gpfs/hpu/EHT2/IHARM_inc+5/MAD_a-0.5_384x192x192_IHARM/m_1_1_20/image_a-0.5_0011_22_0_230.e9_6.2e9_1.91811e+25_20.dat
        12       0.548965          3.278        359.999         14.873        42.3191        30.6337        -2326.8     /gpfs/hpu/EHT2/IHARM_inc+5/MAD_a-0.5_384x192x192_IHARM/m_1_1_20/image_a-0.5_0012_22_0_230.e9_6.2e9_1.91811e+25_20.dat
        13       0.653143        3.46194        251.894        56.8683        102.629        82.4226       -5883.59     /gpfs/hpu/EHT2/IHARM_inc+5/MAD_a-0.5_384x192x192_IHARM/m_1_1_20/image_a-0.5_0013_22_0_230.e9_6.2e9_1.91811e+25_20.dat
        14       0.775365        3.46552        331.771        8.25844        8.95105        8.47835       -927.145     /gpfs/hpu/EHT2/IHARM_inc+5/MAD_a-0.5_384x192x192_IHARM/m_1_1_20/image_a-0.5_0014_22_0_230.e9_6.2e9_1.91811e+25_20.dat
        15        1.54495        3.15149        318.265        22.4028        37.1663        30.5558       -3557.49     /gpfs/hpu/EHT2/IHARM_inc+5/MAD_a-0.5_384x192x192_IHARM/m_1_1_20/image_a-0.5_0015_22_0_230.e9_6.2e9_1.91811e+25_20.dat
        16       0.824145        3.00337        326.544        8.98904        10.7316        9.80826        -1027.9     /gpfs/hpu/EHT2/IHARM_inc+5/MAD_a-0.5_384x192x192_IHARM/m_1_1_20/image_a-0.5_0016_22_0_230.e9_6.2e9_1.91811e+25_20.dat
        17         1.1051         2.9852        359.977        28.7886        41.8666        35.8091       -4497.92     /gpfs/hpu/EHT2/IHARM_inc+5/MAD_a-0.5_384x192x192_IHARM/m_1_1_20/image_a-0.5_0017_22_0_230.e9_6.2e9_1.91811e+25_20.dat
        18       0.529483        2.98948        338.332        48.0414        50.7816        48.5648       -3535.28     /gpfs/hpu/EHT2/IHARM_inc+5/MAD_a-0.5_384x192x192_IHARM/m_1_1_20/image_a-0.5_0018_22_0_230.e9_6.2e9_1.91811e+25_20.dat
        19       0.727899        3.30321        320.757        25.9485        55.1236        42.4734       -3213.38     /gpfs/hpu/EHT2/IHARM_inc+5/MAD_a-0.5_384x192x192_IHARM/m_1_1_20/image_a-0.5_0019_22_0_230.e9_6.2e9_1.91811e+25_20.dat
        20       0.755919        3.21781        307.843        23.3434        13.9899        17.3313       -1513.43     /gpfs/hpu/EHT2/IHARM_inc+5/MAD_a-0.5_384x192x192_IHARM/m_1_1_20/image_a-0.5_0020_22_0_230.e9_6.2e9_1.91811e+25_20.dat
        21       0.434817        3.29764        359.888        10.4692         8.4555        9.05207       -889.297     /gpfs/hpu/EHT2/IHARM_inc+5/MAD_a-0.5_384x192x192_IHARM/m_1_1_20/image_a-0.5_0021_22_0_230.e9_6.2e9_1.91811e+25_20.dat
        22       0.624226         2.9817        335.168        11.3802        8.75951        9.58657       -962.841     /gpfs/hpu/EHT2/IHARM_inc+5/MAD_a-0.5_384x192x192_IHARM/m_1_1_20/image_a-0.5_0022_22_0_230.e9_6.2e9_1.91811e+25_20.dat
        23       0.436995        3.07539         316.18        52.9185        58.8916        55.2279       -3968.82     /gpfs/hpu/EHT2/IHARM_inc+5/MAD_a-0.5_384x192x192_IHARM/m_1_1_20/image_a-0.5_0023_22_0_230.e9_6.2e9_1.91811e+25_20.dat
        24       0.450212        3.29448        343.464        51.5952        41.5859        44.5613       -3281.62     /gpfs/hpu/EHT2/IHARM_inc+5/MAD_a-0.5_384x192x192_IHARM/m_1_1_20/image_a-0.5_0024_22_0_230.e9_6.2e9_1.91811e+25_20.dat
        25       0.449438        2.99179        355.543        12.1601        11.0219        11.2183       -1018.48     /gpfs/hpu/EHT2/IHARM_inc+5/MAD_a-0.5_384x192x192_IHARM/m_1_1_20/image_a-0.5_0025_22_0_230.e9_6.2e9_1.91811e+25_20.dat
        26       0.794761         3.3483        135.377        8.49238        28.5733        20.0776       -1700.25     /gpfs/hpu/EHT2/IHARM_inc+5/MAD_a-0.5_384x192x192_IHARM/m_1_1_20/image_a-0.5_0026_22_0_230.e9_6.2e9_1.91811e+25_20.dat
        27       0.907705        3.34224        135.585        5.98658        17.9078        12.8429       -1248.98     /gpfs/hpu/EHT2/IHARM_inc+5/MAD_a-0.5_384x192x192_IHARM/m_1_1_20/image_a-0.5_0027_22_0_230.e9_6.2e9_1.91811e+25_20.dat
        28         0.5292        3.58409        191.624        13.2516        52.8163        36.1561       -2708.13     /gpfs/hpu/EHT2/IHARM_inc+5/MAD_a-0.5_384x192x192_IHARM/m_1_1_20/image_a-0.5_0028_22_0_230.e9_6.2e9_1.91811e+25_20.dat
        29       0.509086         3.2322        201.187        31.9269        16.2598        22.0185       -1758.73     /gpfs/hpu/EHT2/IHARM_inc+5/MAD_a-0.5_384x192x192_IHARM/m_1_1_20/image_a-0.5_0029_22_0_230.e9_6.2e9_1.91811e+25_20.dat
        30       0.712795        3.12342        179.222        4.72625        16.6333        11.6027        -1148.1     /gpfs/hpu/EHT2/IHARM_inc+5/MAD_a-0.5_384x192x192_IHARM/m_1_1_20/image_a-0.5_0030_22_0_230.e9_6.2e9_1.91811e+25_20.dat
        31         1.0066        3.20815         186.36        11.8635        12.9994         12.262       -1292.44     /gpfs/hpu/EHT2/IHARM_inc+5/MAD_a-0.5_384x192x192_IHARM/m_1_1_20/image_a-0.5_0031_22_0_230.e9_6.2e9_1.91811e+25_20.dat
        32        0.57595        3.58618         224.01        5.27191        14.6666        10.6626       -1011.76     /gpfs/hpu/EHT2/IHARM_inc+5/MAD_a-0.5_384x192x192_IHARM/m_1_1_20/image_a-0.5_0032_22_0_230.e9_6.2e9_1.91811e+25_20.dat
        33       0.490636        3.70577        250.118        13.2866        21.5657        17.8423        -1478.7     /gpfs/hpu/EHT2/IHARM_inc+5/MAD_a-0.5_384x192x192_IHARM/m_1_1_20/image_a-0.5_0033_22_0_230.e9_6.2e9_1.91811e+25_20.dat
        34       0.489028        3.45675        223.271        7.37646        8.89415        8.10015       -815.198     /gpfs/hpu/EHT2/IHARM_inc+5/MAD_a-0.5_384x192x192_IHARM/m_1_1_20/image_a-0.5_0034_22_0_230.e9_6.2e9_1.91811e+25_20.dat
        35       0.532647        3.46428        277.565        13.9423        10.5926        11.6633       -1065.43     /gpfs/hpu/EHT2/IHARM_inc+5/MAD_a-0.5_384x192x192_IHARM/m_1_1_20/image_a-0.5_0035_22_0_230.e9_6.2e9_1.91811e+25_20.dat
        36       0.522723         3.2754        293.603        13.8404        7.49996        9.80975       -947.113     /gpfs/hpu/EHT2/IHARM_inc+5/MAD_a-0.5_384x192x192_IHARM/m_1_1_20/image_a-0.5_0036_22_0_230.e9_6.2e9_1.91811e+25_20.dat
        37       0.488109        3.65754        250.959        6.99858        16.9296        12.6649       -1128.79     /gpfs/hpu/EHT2/IHARM_inc+5/MAD_a-0.5_384x192x192_IHARM/m_1_1_20/image_a-0.5_0037_22_0_230.e9_6.2e9_1.91811e+25_20.dat
        38        0.52368        3.50448        306.199        13.8541        9.20326         10.814       -1008.11     /gpfs/hpu/EHT2/IHARM_inc+5/MAD_a-0.5_384x192x192_IHARM/m_1_1_20/image_a-0.5_0038_22_0_230.e9_6.2e9_1.91811e+25_20.dat
        39       0.492278        3.41898        222.744        8.30901         11.857        10.2024        -966.55     /gpfs/hpu/EHT2/IHARM_inc+5/MAD_a-0.5_384x192x192_IHARM/m_1_1_20/image_a-0.5_0039_22_0_230.e9_6.2e9_1.91811e+25_20.dat
        40       0.651376        3.49116        237.347         13.301        18.9732        16.3275       -1441.84     /gpfs/hpu/EHT2/IHARM_inc+5/MAD_a-0.5_384x192x192_IHARM/m_1_1_20/image_a-0.5_0040_22_0_230.e9_6.2e9_1.91811e+25_20.dat
        41       0.891955          3.376        267.277        35.7519        33.7421        33.7668       -3246.52     /gpfs/hpu/EHT2/IHARM_inc+5/MAD_a-0.5_384x192x192_IHARM/m_1_1_20/image_a-0.5_0041_22_0_230.e9_6.2e9_1.91811e+25_20.dat
        42       0.710787        3.35335        286.203        19.8245        57.9499        41.7366       -3217.19     /gpfs/hpu/EHT2/IHARM_inc+5/MAD_a-0.5_384x192x192_IHARM/m_1_1_20/image_a-0.5_0042_22_0_230.e9_6.2e9_1.91811e+25_20.dat
        43       0.837194        3.09196        254.177        15.7581         13.284        13.9517       -1252.04     /gpfs/hpu/EHT2/IHARM_inc+5/MAD_a-0.5_384x192x192_IHARM/m_1_1_20/image_a-0.5_0043_22_0_230.e9_6.2e9_1.91811e+25_20.dat
        44       0.954741        3.20432        315.815        28.1895        33.3165        30.5605       -2420.96     /gpfs/hpu/EHT2/IHARM_inc+5/MAD_a-0.5_384x192x192_IHARM/m_1_1_20/image_a-0.5_0044_22_0_230.e9_6.2e9_1.91811e+25_20.dat
        45        1.09462        4.04405        314.604        16.0516        25.4836        21.2211       -1822.62     /gpfs/hpu/EHT2/IHARM_inc+5/MAD_a-0.5_384x192x192_IHARM/m_1_1_20/image_a-0.5_0045_22_0_230.e9_6.2e9_1.91811e+25_20.dat
        46       0.753634        3.58246        353.374        15.9345        21.7846        19.0059       -1639.02     /gpfs/hpu/EHT2/IHARM_inc+5/MAD_a-0.5_384x192x192_IHARM/m_1_1_20/image_a-0.5_0046_22_0_230.e9_6.2e9_1.91811e+25_20.dat
        47        1.03873        4.06465        131.382        25.3057        49.8181        39.1106       -3311.83     /gpfs/hpu/EHT2/IHARM_inc+5/MAD_a-0.5_384x192x192_IHARM/m_1_1_20/image_a-0.5_0047_22_0_230.e9_6.2e9_1.91811e+25_20.dat
        48       0.737928        3.65081        24.2167        14.3668        19.1404        16.8423       -1444.89     /gpfs/hpu/EHT2/IHARM_inc+5/MAD_a-0.5_384x192x192_IHARM/m_1_1_20/image_a-0.5_0048_22_0_230.e9_6.2e9_1.91811e+25_20.dat
        49       0.490611        3.24082         68.088        23.1877        16.2577        18.6005       -1522.09     /gpfs/hpu/EHT2/IHARM_inc+5/MAD_a-0.5_384x192x192_IHARM/m_1_1_20/image_a-0.5_0049_22_0_230.e9_6.2e9_1.91811e+25_20.dat
        50       0.701852        3.44896        78.5295        14.1174        32.6562        24.6713       -2032.39     /gpfs/hpu/EHT2/IHARM_inc+5/MAD_a-0.5_384x192x192_IHARM/m_1_1_20/image_a-0.5_0050_22_0_230.e9_6.2e9_1.91811e+25_20.dat
        51       0.677219        3.92713        100.256        7.17454        17.1783        12.8796       -1178.55     /gpfs/hpu/EHT2/IHARM_inc+5/MAD_a-0.5_384x192x192_IHARM/m_1_1_20/image_a-0.5_0051_22_0_230.e9_6.2e9_1.91811e+25_20.dat
        52       0.808127        3.35772        3.45099        23.2777        116.694         77.538       -5648.03     /gpfs/hpu/EHT2/IHARM_inc+5/MAD_a-0.5_384x192x192_IHARM/m_1_1_20/image_a-0.5_0052_22_0_230.e9_6.2e9_1.91811e+25_20.dat
        53       0.585383        3.60224        59.0728        10.8019        41.1662        28.3658       -2281.59     /gpfs/hpu/EHT2/IHARM_inc+5/MAD_a-0.5_384x192x192_IHARM/m_1_1_20/image_a-0.5_0053_22_0_230.e9_6.2e9_1.91811e+25_20.dat
        54       0.944707        3.56249        105.603        22.3278        60.2378        44.0571       -3574.15     /gpfs/hpu/EHT2/IHARM_inc+5/MAD_a-0.5_384x192x192_IHARM/m_1_1_20/image_a-0.5_0054_22_0_230.e9_6.2e9_1.91811e+25_20.dat
        55       0.451987        3.42704       -32.5672        12.6092        18.4294        15.7381       -1330.54     /gpfs/hpu/EHT2/IHARM_inc+5/MAD_a-0.5_384x192x192_IHARM/m_1_1_20/image_a-0.5_0055_22_0_230.e9_6.2e9_1.91811e+25_20.dat
        56       0.492809        3.56899       -10.4776        10.8584         24.668        18.7123       -1612.41     /gpfs/hpu/EHT2/IHARM_inc+5/MAD_a-0.5_384x192x192_IHARM/m_1_1_20/image_a-0.5_0056_22_0_230.e9_6.2e9_1.91811e+25_20.dat
        57       0.875651        3.15652       -21.8187        31.7433        39.5007        35.5767       -3135.65     /gpfs/hpu/EHT2/IHARM_inc+5/MAD_a-0.5_384x192x192_IHARM/m_1_1_20/image_a-0.5_0057_22_0_230.e9_6.2e9_1.91811e+25_20.dat
        58       0.743411        3.58772        -92.392        52.4869         68.865        60.9082       -4421.97     /gpfs/hpu/EHT2/IHARM_inc+5/MAD_a-0.5_384x192x192_IHARM/m_1_1_20/image_a-0.5_0058_22_0_230.e9_6.2e9_1.91811e+25_20.dat
        59       0.443599        3.89514       -323.574        12.8121        20.1709        16.8388       -1405.24     /gpfs/hpu/EHT2/IHARM_inc+5/MAD_a-0.5_384x192x192_IHARM/m_1_1_20/image_a-0.5_0059_22_0_230.e9_6.2e9_1.91811e+25_20.dat
        60       0.749255        4.03896       -308.438        20.7726        89.7167        60.7374       -4502.94     /gpfs/hpu/EHT2/IHARM_inc+5/MAD_a-0.5_384x192x192_IHARM/m_1_1_20/image_a-0.5_0060_22_0_230.e9_6.2e9_1.91811e+25_20.dat
        61        0.55674        3.76764       -313.619        30.7413        51.3488        42.1335       -3157.11     /gpfs/hpu/EHT2/IHARM_inc+5/MAD_a-0.5_384x192x192_IHARM/m_1_1_20/image_a-0.5_0061_22_0_230.e9_6.2e9_1.91811e+25_20.dat
        62       0.399594        3.78547       -286.587         16.032          22.21        19.2936       -1595.13     /gpfs/hpu/EHT2/IHARM_inc+5/MAD_a-0.5_384x192x192_IHARM/m_1_1_20/image_a-0.5_0062_22_0_230.e9_6.2e9_1.91811e+25_20.dat
        63       0.769105        3.56225       -266.314        20.4632        31.2805        26.3456       -2194.12     /gpfs/hpu/EHT2/IHARM_inc+5/MAD_a-0.5_384x192x192_IHARM/m_1_1_20/image_a-0.5_0063_22_0_230.e9_6.2e9_1.91811e+25_20.dat
        64       0.663903        3.85121       -204.082        34.5964        42.6899        38.5626       -2921.39     /gpfs/hpu/EHT2/IHARM_inc+5/MAD_a-0.5_384x192x192_IHARM/m_1_1_20/image_a-0.5_0064_22_0_230.e9_6.2e9_1.91811e+25_20.dat
        65       0.987631        4.36404       -155.849        19.4621        24.2857         21.852       -1782.76     /gpfs/hpu/EHT2/IHARM_inc+5/MAD_a-0.5_384x192x192_IHARM/m_1_1_20/image_a-0.5_0065_22_0_230.e9_6.2e9_1.91811e+25_20.dat
        66       0.842625        3.55785       -184.797        11.6244        13.5919        12.5161       -1200.02     /gpfs/hpu/EHT2/IHARM_inc+5/MAD_a-0.5_384x192x192_IHARM/m_1_1_20/image_a-0.5_0066_22_0_230.e9_6.2e9_1.91811e+25_20.dat
        67       0.836025        4.00154       -104.814        2.55672        10.2952         7.0374       -789.918     /gpfs/hpu/EHT2/IHARM_inc+5/MAD_a-0.5_384x192x192_IHARM/m_1_1_20/image_a-0.5_0067_22_0_230.e9_6.2e9_1.91811e+25_20.dat
        68        0.63417        3.47152       -125.168        6.37968        9.17133        7.87299       -853.309     /gpfs/hpu/EHT2/IHARM_inc+5/MAD_a-0.5_384x192x192_IHARM/m_1_1_20/image_a-0.5_0068_22_0_230.e9_6.2e9_1.91811e+25_20.dat
        69       0.663783        3.84046       -47.6044        8.05472        10.0737        9.05708       -966.958     /gpfs/hpu/EHT2/IHARM_inc+5/MAD_a-0.5_384x192x192_IHARM/m_1_1_20/image_a-0.5_0069_22_0_230.e9_6.2e9_1.91811e+25_20.dat
        70       0.474779        3.47751       -30.2015        23.4783        15.2999        18.1524       -1494.71     /gpfs/hpu/EHT2/IHARM_inc+5/MAD_a-0.5_384x192x192_IHARM/m_1_1_20/image_a-0.5_0070_22_0_230.e9_6.2e9_1.91811e+25_20.dat
        71       0.463271        3.19282       -1.93846          6.432        14.2734        10.8856       -1014.37     /gpfs/hpu/EHT2/IHARM_inc+5/MAD_a-0.5_384x192x192_IHARM/m_1_1_20/image_a-0.5_0071_22_0_230.e9_6.2e9_1.91811e+25_20.dat
        72       0.418403           3.41        7.42369        9.75656        35.3419        24.5414       -1943.76     /gpfs/hpu/EHT2/IHARM_inc+5/MAD_a-0.5_384x192x192_IHARM/m_1_1_20/image_a-0.5_0072_22_0_230.e9_6.2e9_1.91811e+25_20.dat
        73       0.491014        3.67575        30.0906        11.7795        42.2082        29.3592       -2258.33     /gpfs/hpu/EHT2/IHARM_inc+5/MAD_a-0.5_384x192x192_IHARM/m_1_1_20/image_a-0.5_0073_22_0_230.e9_6.2e9_1.91811e+25_20.dat
        74       0.486407        3.36183        23.3344        21.4837        9.38231         13.902       -1212.49     /gpfs/hpu/EHT2/IHARM_inc+5/MAD_a-0.5_384x192x192_IHARM/m_1_1_20/image_a-0.5_0074_22_0_230.e9_6.2e9_1.91811e+25_20.dat
        75       0.472806        3.51694        9.54348        18.9862        9.47688         12.981       -1137.75     /gpfs/hpu/EHT2/IHARM_inc+5/MAD_a-0.5_384x192x192_IHARM/m_1_1_20/image_a-0.5_0075_22_0_230.e9_6.2e9_1.91811e+25_20.dat
        76       0.766989        3.23863       -101.601        31.3901        20.6612        24.3899       -2000.65     /gpfs/hpu/EHT2/IHARM_inc+5/MAD_a-0.5_384x192x192_IHARM/m_1_1_20/image_a-0.5_0076_22_0_230.e9_6.2e9_1.91811e+25_20.dat
        77       0.617794        3.59665       -69.3139        10.2989        30.4574        21.8889       -1797.53     /gpfs/hpu/EHT2/IHARM_inc+5/MAD_a-0.5_384x192x192_IHARM/m_1_1_20/image_a-0.5_0077_22_0_230.e9_6.2e9_1.91811e+25_20.dat
        78       0.489649        3.28193        -283.98         23.213        90.1694         61.957       -4584.67     /gpfs/hpu/EHT2/IHARM_inc+5/MAD_a-0.5_384x192x192_IHARM/m_1_1_20/image_a-0.5_0078_22_0_230.e9_6.2e9_1.91811e+25_20.dat
        79       0.565984        3.22718       -273.318        17.3408        96.6138        63.4406       -5533.65     /gpfs/hpu/EHT2/IHARM_inc+5/MAD_a-0.5_384x192x192_IHARM/m_1_1_20/image_a-0.5_0079_22_0_230.e9_6.2e9_1.91811e+25_20.dat
        80        1.85105        4.41096        -174.24        20.2085        67.2859         47.362       -3691.66     /gpfs/hpu/EHT2/IHARM_inc+5/MAD_a-0.5_384x192x192_IHARM/m_1_1_20/image_a-0.5_0080_22_0_230.e9_6.2e9_1.91811e+25_20.dat
        81       0.658246        3.26641       -264.545        34.1622        117.764        82.4214       -6254.68     /gpfs/hpu/EHT2/IHARM_inc+5/MAD_a-0.5_384x192x192_IHARM/m_1_1_20/image_a-0.5_0081_22_0_230.e9_6.2e9_1.91811e+25_20.dat
        82       0.782653         1.9592       -295.913        194.561        171.335        176.551       -12292.2     /gpfs/hpu/EHT2/IHARM_inc+5/MAD_a-0.5_384x192x192_IHARM/m_1_1_20/image_a-0.5_0082_22_0_230.e9_6.2e9_1.91811e+25_20.dat
        83       0.704717        3.43846        18.3925        31.6211        39.4876        35.5213       -2773.54     /gpfs/hpu/EHT2/IHARM_inc+5/MAD_a-0.5_384x192x192_IHARM/m_1_1_20/image_a-0.5_0083_22_0_230.e9_6.2e9_1.91811e+25_20.dat
        84       0.721316        3.28367        20.1681        23.3137        29.8844        26.6413       -2169.37     /gpfs/hpu/EHT2/IHARM_inc+5/MAD_a-0.5_384x192x192_IHARM/m_1_1_20/image_a-0.5_0084_22_0_230.e9_6.2e9_1.91811e+25_20.dat
        85       0.856956        3.50119        41.4144        21.7167        35.8716        29.5282       -2381.29     /gpfs/hpu/EHT2/IHARM_inc+5/MAD_a-0.5_384x192x192_IHARM/m_1_1_20/image_a-0.5_0085_22_0_230.e9_6.2e9_1.91811e+25_20.dat
        86        0.59734        3.36661        55.8911        9.07478        24.6612         18.011       -1560.49     /gpfs/hpu/EHT2/IHARM_inc+5/MAD_a-0.5_384x192x192_IHARM/m_1_1_20/image_a-0.5_0086_22_0_230.e9_6.2e9_1.91811e+25_20.dat
        87        0.53871        3.57394        65.1087        13.7309        36.7762        26.9364       -2120.96     /gpfs/hpu/EHT2/IHARM_inc+5/MAD_a-0.5_384x192x192_IHARM/m_1_1_20/image_a-0.5_0087_22_0_230.e9_6.2e9_1.91811e+25_20.dat
        88       0.737925        3.23663        55.8324        29.6581        45.8188        38.4668       -2987.69     /gpfs/hpu/EHT2/IHARM_inc+5/MAD_a-0.5_384x192x192_IHARM/m_1_1_20/image_a-0.5_0088_22_0_230.e9_6.2e9_1.91811e+25_20.dat
        89       0.414401        3.27733        26.0666        8.33656        11.5191         10.015       -940.938     /gpfs/hpu/EHT2/IHARM_inc+5/MAD_a-0.5_384x192x192_IHARM/m_1_1_20/image_a-0.5_0089_22_0_230.e9_6.2e9_1.91811e+25_20.dat
        90       0.522032        3.71283        30.0121        6.45581        12.1838        9.66947       -925.838     /gpfs/hpu/EHT2/IHARM_inc+5/MAD_a-0.5_384x192x192_IHARM/m_1_1_20/image_a-0.5_0090_22_0_230.e9_6.2e9_1.91811e+25_20.dat
        91       0.963778         3.7675        55.9914        14.0238        11.2249         12.066       -1239.77     /gpfs/hpu/EHT2/IHARM_inc+5/MAD_a-0.5_384x192x192_IHARM/m_1_1_20/image_a-0.5_0091_22_0_230.e9_6.2e9_1.91811e+25_20.dat
        92       0.494507        3.85006         61.598        14.4373        16.8543        15.5292       -1356.24     /gpfs/hpu/EHT2/IHARM_inc+5/MAD_a-0.5_384x192x192_IHARM/m_1_1_20/image_a-0.5_0092_22_0_230.e9_6.2e9_1.91811e+25_20.dat
        93       0.457274        3.37947        55.6794        17.2431        13.8494        14.8639       -1286.95     /gpfs/hpu/EHT2/IHARM_inc+5/MAD_a-0.5_384x192x192_IHARM/m_1_1_20/image_a-0.5_0093_22_0_230.e9_6.2e9_1.91811e+25_20.dat
        94       0.449061        3.45811        48.9431        9.76383        17.0226        13.8006       -1199.69     /gpfs/hpu/EHT2/IHARM_inc+5/MAD_a-0.5_384x192x192_IHARM/m_1_1_20/image_a-0.5_0094_22_0_230.e9_6.2e9_1.91811e+25_20.dat
        95       0.539142         3.5097        69.3177         13.706        25.3253        20.2111       -1708.77     /gpfs/hpu/EHT2/IHARM_inc+5/MAD_a-0.5_384x192x192_IHARM/m_1_1_20/image_a-0.5_0095_22_0_230.e9_6.2e9_1.91811e+25_20.dat
        96       0.384509        3.93729         113.26        11.4406        17.3908        14.6721       -1281.74     /gpfs/hpu/EHT2/IHARM_inc+5/MAD_a-0.5_384x192x192_IHARM/m_1_1_20/image_a-0.5_0096_22_0_230.e9_6.2e9_1.91811e+25_20.dat
        97       0.601738        4.20333        60.8591        51.8685        90.2123        73.1859       -5228.38     /gpfs/hpu/EHT2/IHARM_inc+5/MAD_a-0.5_384x192x192_IHARM/m_1_1_20/image_a-0.5_0097_22_0_230.e9_6.2e9_1.91811e+25_20.dat
        98       0.490668        3.65511        151.633        29.0327        29.8994        28.8861       -2244.06     /gpfs/hpu/EHT2/IHARM_inc+5/MAD_a-0.5_384x192x192_IHARM/m_1_1_20/image_a-0.5_0098_22_0_230.e9_6.2e9_1.91811e+25_20.dat
        99       0.451885         3.6632        200.331        24.3849        39.2168        32.5333       -2486.79     /gpfs/hpu/EHT2/IHARM_inc+5/MAD_a-0.5_384x192x192_IHARM/m_1_1_20/image_a-0.5_0099_22_0_230.e9_6.2e9_1.91811e+25_20.dat
