   # Index         I (Jy)      M/D (uas)       PA (deg)  VA red. chisq  CP red. chisq     red. chisq     log-liklhd     FileName
         0       0.439804        3.54758        114.196        7.49617        6.47225        6.74357       -795.589     /gpfs/hpu/EHT2/IHARM/MAD/MAD_a0_384x192x192_IHARM/m_1_1_20/image_a0_0000_163_0_230.e9_6.2e9_1.52312e+25_20.dat
         1        1.19712        4.63792        250.266        52.8599        62.4777        57.2099       -5265.69     /gpfs/hpu/EHT2/IHARM/MAD/MAD_a0_384x192x192_IHARM/m_1_1_20/image_a0_0001_163_0_230.e9_6.2e9_1.52312e+25_20.dat
         2       0.432743        3.48953         181.94        6.47805        5.89312        5.99968       -701.371     /gpfs/hpu/EHT2/IHARM/MAD/MAD_a0_384x192x192_IHARM/m_1_1_20/image_a0_0002_163_0_230.e9_6.2e9_1.52312e+25_20.dat
         3       0.566487        3.77886        97.5292        65.4113        125.605        98.4913         -10548     /gpfs/hpu/EHT2/IHARM/MAD/MAD_a0_384x192x192_IHARM/m_1_1_20/image_a0_0003_163_0_230.e9_6.2e9_1.52312e+25_20.dat
         4       0.416233        3.39303        235.554         21.397        13.6032         16.455       -1399.47     /gpfs/hpu/EHT2/IHARM/MAD/MAD_a0_384x192x192_IHARM/m_1_1_20/image_a0_0004_163_0_230.e9_6.2e9_1.52312e+25_20.dat
         5        0.58985         3.3022        194.869        18.5062        26.4731        22.6672       -1944.45     /gpfs/hpu/EHT2/IHARM/MAD/MAD_a0_384x192x192_IHARM/m_1_1_20/image_a0_0005_163_0_230.e9_6.2e9_1.52312e+25_20.dat
         6       0.549551        3.31288        102.139         9.5583        11.6088        10.5235       -1011.39     /gpfs/hpu/EHT2/IHARM/MAD/MAD_a0_384x192x192_IHARM/m_1_1_20/image_a0_0006_163_0_230.e9_6.2e9_1.52312e+25_20.dat
         7       0.472698        3.12729        259.613        20.5761        23.6967         21.912       -1781.22     /gpfs/hpu/EHT2/IHARM/MAD/MAD_a0_384x192x192_IHARM/m_1_1_20/image_a0_0007_163_0_230.e9_6.2e9_1.52312e+25_20.dat
         8       0.511415        3.22244        193.413        18.2618        28.1504        23.5304       -1886.82     /gpfs/hpu/EHT2/IHARM/MAD/MAD_a0_384x192x192_IHARM/m_1_1_20/image_a0_0008_163_0_230.e9_6.2e9_1.52312e+25_20.dat
         9        1.23255        3.23195        113.481        50.5109        31.4999        38.4933       -3021.33     /gpfs/hpu/EHT2/IHARM/MAD/MAD_a0_384x192x192_IHARM/m_1_1_20/image_a0_0009_163_0_230.e9_6.2e9_1.52312e+25_20.dat
        10       0.638637         3.3058       -67.1698         15.414        15.4768          15.11       -1368.82     /gpfs/hpu/EHT2/IHARM/MAD/MAD_a0_384x192x192_IHARM/m_1_1_20/image_a0_0010_163_0_230.e9_6.2e9_1.52312e+25_20.dat
        11       0.686885        3.78053       -184.432        9.79338        20.1195        15.4997       -1360.61     /gpfs/hpu/EHT2/IHARM/MAD/MAD_a0_384x192x192_IHARM/m_1_1_20/image_a0_0011_163_0_230.e9_6.2e9_1.52312e+25_20.dat
        12       0.699604         3.3606       -230.875         16.391        49.2914        34.8988       -2839.91     /gpfs/hpu/EHT2/IHARM/MAD/MAD_a0_384x192x192_IHARM/m_1_1_20/image_a0_0012_163_0_230.e9_6.2e9_1.52312e+25_20.dat
        13       0.581186        2.70494       -220.645        113.436        169.288        142.966       -10387.1     /gpfs/hpu/EHT2/IHARM/MAD/MAD_a0_384x192x192_IHARM/m_1_1_20/image_a0_0013_163_0_230.e9_6.2e9_1.52312e+25_20.dat
        14       0.881833        4.00574       -259.279        21.7743        26.3553        23.9213       -2010.75     /gpfs/hpu/EHT2/IHARM/MAD/MAD_a0_384x192x192_IHARM/m_1_1_20/image_a0_0014_163_0_230.e9_6.2e9_1.52312e+25_20.dat
        15        1.08143        3.33817       -279.912        45.5435        33.9908         37.913          -3088     /gpfs/hpu/EHT2/IHARM/MAD/MAD_a0_384x192x192_IHARM/m_1_1_20/image_a0_0015_163_0_230.e9_6.2e9_1.52312e+25_20.dat
        16       0.871624         3.7839        -296.82        15.3544        17.3392         16.154       -1420.85     /gpfs/hpu/EHT2/IHARM/MAD/MAD_a0_384x192x192_IHARM/m_1_1_20/image_a0_0016_163_0_230.e9_6.2e9_1.52312e+25_20.dat
        17       0.647565        3.34827       -302.604        41.1633        60.9579        51.6081       -3809.69     /gpfs/hpu/EHT2/IHARM/MAD/MAD_a0_384x192x192_IHARM/m_1_1_20/image_a0_0017_163_0_230.e9_6.2e9_1.52312e+25_20.dat
        18        1.06764        3.34339        -182.75        72.0038        89.4637        80.4063       -6107.34     /gpfs/hpu/EHT2/IHARM/MAD/MAD_a0_384x192x192_IHARM/m_1_1_20/image_a0_0018_163_0_230.e9_6.2e9_1.52312e+25_20.dat
        19        2.07779        4.14103       -239.914        23.4215        150.393        95.7268       -6984.69     /gpfs/hpu/EHT2/IHARM/MAD/MAD_a0_384x192x192_IHARM/m_1_1_20/image_a0_0019_163_0_230.e9_6.2e9_1.52312e+25_20.dat
        20        1.39161        4.15239       -141.742        34.2196        63.7315        50.3907       -3787.88     /gpfs/hpu/EHT2/IHARM/MAD/MAD_a0_384x192x192_IHARM/m_1_1_20/image_a0_0020_163_0_230.e9_6.2e9_1.52312e+25_20.dat
        21       0.982179         3.7439       -199.373        26.6909        27.5346         26.586        -2216.3     /gpfs/hpu/EHT2/IHARM/MAD/MAD_a0_384x192x192_IHARM/m_1_1_20/image_a0_0021_163_0_230.e9_6.2e9_1.52312e+25_20.dat
        22       0.640651        3.18782       -176.116        26.5657         15.007        19.3504       -1671.85     /gpfs/hpu/EHT2/IHARM/MAD/MAD_a0_384x192x192_IHARM/m_1_1_20/image_a0_0022_163_0_230.e9_6.2e9_1.52312e+25_20.dat
        23       0.712171         3.5341       -184.302        19.8089        11.4239        14.5629       -1352.94     /gpfs/hpu/EHT2/IHARM/MAD/MAD_a0_384x192x192_IHARM/m_1_1_20/image_a0_0023_163_0_230.e9_6.2e9_1.52312e+25_20.dat
        24       0.586884        3.67553       -196.365        25.4813        22.2463        23.0639       -1892.85     /gpfs/hpu/EHT2/IHARM/MAD/MAD_a0_384x192x192_IHARM/m_1_1_20/image_a0_0024_163_0_230.e9_6.2e9_1.52312e+25_20.dat
        25       0.487642        3.43235       -204.918        7.76915        8.61992        8.08571       -837.652     /gpfs/hpu/EHT2/IHARM/MAD/MAD_a0_384x192x192_IHARM/m_1_1_20/image_a0_0025_163_0_230.e9_6.2e9_1.52312e+25_20.dat
        26       0.736506        3.71783       -175.837        40.4067        51.7964        46.0477        -3473.3     /gpfs/hpu/EHT2/IHARM/MAD/MAD_a0_384x192x192_IHARM/m_1_1_20/image_a0_0026_163_0_230.e9_6.2e9_1.52312e+25_20.dat
        27       0.780608        3.68371       -183.493        40.2999        107.861        78.1593       -5664.18     /gpfs/hpu/EHT2/IHARM/MAD/MAD_a0_384x192x192_IHARM/m_1_1_20/image_a0_0027_163_0_230.e9_6.2e9_1.52312e+25_20.dat
        28       0.658877        3.45536       -207.199        38.7546        93.0612        69.0461       -5066.82     /gpfs/hpu/EHT2/IHARM/MAD/MAD_a0_384x192x192_IHARM/m_1_1_20/image_a0_0028_163_0_230.e9_6.2e9_1.52312e+25_20.dat
        29       0.853014        3.85122       -229.293        31.6944        105.656        73.4141       -8101.19     /gpfs/hpu/EHT2/IHARM/MAD/MAD_a0_384x192x192_IHARM/m_1_1_20/image_a0_0029_163_0_230.e9_6.2e9_1.52312e+25_20.dat
        30       0.891974        3.51226       -43.6764        41.1318        87.0874        66.5814       -4866.12     /gpfs/hpu/EHT2/IHARM/MAD/MAD_a0_384x192x192_IHARM/m_1_1_20/image_a0_0030_163_0_230.e9_6.2e9_1.52312e+25_20.dat
        31       0.829996        3.19499       -182.148        23.7561        45.9647        35.9694       -3011.95     /gpfs/hpu/EHT2/IHARM/MAD/MAD_a0_384x192x192_IHARM/m_1_1_20/image_a0_0031_163_0_230.e9_6.2e9_1.52312e+25_20.dat
        32       0.775712        3.39782       -186.287        8.26419        17.7163         13.503       -1310.35     /gpfs/hpu/EHT2/IHARM/MAD/MAD_a0_384x192x192_IHARM/m_1_1_20/image_a0_0032_163_0_230.e9_6.2e9_1.52312e+25_20.dat
        33       0.695064        3.32443       -243.013        16.4791        52.0841        36.5361       -2916.96     /gpfs/hpu/EHT2/IHARM/MAD/MAD_a0_384x192x192_IHARM/m_1_1_20/image_a0_0033_163_0_230.e9_6.2e9_1.52312e+25_20.dat
        34       0.852239        3.47566        -231.56        14.1271        76.5677         49.627       -3773.85     /gpfs/hpu/EHT2/IHARM/MAD/MAD_a0_384x192x192_IHARM/m_1_1_20/image_a0_0034_163_0_230.e9_6.2e9_1.52312e+25_20.dat
        35       0.685716        3.57656       -158.021        11.7702        27.5966        20.5875       -1734.48     /gpfs/hpu/EHT2/IHARM/MAD/MAD_a0_384x192x192_IHARM/m_1_1_20/image_a0_0035_163_0_230.e9_6.2e9_1.52312e+25_20.dat
        36       0.462351        3.54917       -132.183         31.115        42.1156        36.7378       -2835.93     /gpfs/hpu/EHT2/IHARM/MAD/MAD_a0_384x192x192_IHARM/m_1_1_20/image_a0_0036_163_0_230.e9_6.2e9_1.52312e+25_20.dat
        37       0.818268        3.83369       -136.269        13.1189        28.4609        21.6286       -1969.21     /gpfs/hpu/EHT2/IHARM/MAD/MAD_a0_384x192x192_IHARM/m_1_1_20/image_a0_0037_163_0_230.e9_6.2e9_1.52312e+25_20.dat
        38       0.557684        3.61431       -139.759        20.3828        18.4581        18.8293       -1608.76     /gpfs/hpu/EHT2/IHARM/MAD/MAD_a0_384x192x192_IHARM/m_1_1_20/image_a0_0038_163_0_230.e9_6.2e9_1.52312e+25_20.dat
        39        1.19047         3.2595       -174.046        25.1919        36.5673        31.1603       -2652.75     /gpfs/hpu/EHT2/IHARM/MAD/MAD_a0_384x192x192_IHARM/m_1_1_20/image_a0_0039_163_0_230.e9_6.2e9_1.52312e+25_20.dat
        40       0.538421        3.46064       -122.767        17.6725        30.8799        24.8575       -2029.22     /gpfs/hpu/EHT2/IHARM/MAD/MAD_a0_384x192x192_IHARM/m_1_1_20/image_a0_0040_163_0_230.e9_6.2e9_1.52312e+25_20.dat
        41       0.620947        3.41896        205.225        31.8167        25.6126        27.5566       -2234.08     /gpfs/hpu/EHT2/IHARM/MAD/MAD_a0_384x192x192_IHARM/m_1_1_20/image_a0_0041_163_0_230.e9_6.2e9_1.52312e+25_20.dat
        42        1.31529        4.00269         120.99         10.634        49.2132        32.5257       -2618.59     /gpfs/hpu/EHT2/IHARM/MAD/MAD_a0_384x192x192_IHARM/m_1_1_20/image_a0_0042_163_0_230.e9_6.2e9_1.52312e+25_20.dat
        43       0.512872        3.51204        185.392        11.2048        22.3278         17.337       -1529.43     /gpfs/hpu/EHT2/IHARM/MAD/MAD_a0_384x192x192_IHARM/m_1_1_20/image_a0_0043_163_0_230.e9_6.2e9_1.52312e+25_20.dat
        44         0.5192        3.47412        138.463        36.1905        15.6403         23.606       -1920.38     /gpfs/hpu/EHT2/IHARM/MAD/MAD_a0_384x192x192_IHARM/m_1_1_20/image_a0_0044_163_0_230.e9_6.2e9_1.52312e+25_20.dat
        45       0.455736        3.89541        94.0784        9.87908        21.6076        16.3878       -1394.91     /gpfs/hpu/EHT2/IHARM/MAD/MAD_a0_384x192x192_IHARM/m_1_1_20/image_a0_0045_163_0_230.e9_6.2e9_1.52312e+25_20.dat
        46       0.703888        3.95669        88.8565        15.2012        30.1901        23.4624       -1904.74     /gpfs/hpu/EHT2/IHARM/MAD/MAD_a0_384x192x192_IHARM/m_1_1_20/image_a0_0046_163_0_230.e9_6.2e9_1.52312e+25_20.dat
        47       0.496036        3.45615         134.08        54.9417        35.4995        42.5791       -3194.04     /gpfs/hpu/EHT2/IHARM/MAD/MAD_a0_384x192x192_IHARM/m_1_1_20/image_a0_0047_163_0_230.e9_6.2e9_1.52312e+25_20.dat
        48         0.4518        3.66214        190.001        10.0658             40        27.0119       -2156.37     /gpfs/hpu/EHT2/IHARM/MAD/MAD_a0_384x192x192_IHARM/m_1_1_20/image_a0_0048_163_0_230.e9_6.2e9_1.52312e+25_20.dat
        49       0.476168        3.37344        172.014        21.2417        9.80902        14.2162       -1246.96     /gpfs/hpu/EHT2/IHARM/MAD/MAD_a0_384x192x192_IHARM/m_1_1_20/image_a0_0049_163_0_230.e9_6.2e9_1.52312e+25_20.dat
        50       0.432624        3.59341        188.906        10.8909        21.4854        16.7269       -1477.01     /gpfs/hpu/EHT2/IHARM/MAD/MAD_a0_384x192x192_IHARM/m_1_1_20/image_a0_0050_163_0_230.e9_6.2e9_1.52312e+25_20.dat
        51       0.405995        3.57463        172.732         9.4079        25.1904        18.2521        -1550.2     /gpfs/hpu/EHT2/IHARM/MAD/MAD_a0_384x192x192_IHARM/m_1_1_20/image_a0_0051_163_0_230.e9_6.2e9_1.52312e+25_20.dat
        52       0.405343        3.35247         139.97         12.248        24.3361        18.9107       -1626.72     /gpfs/hpu/EHT2/IHARM/MAD/MAD_a0_384x192x192_IHARM/m_1_1_20/image_a0_0052_163_0_230.e9_6.2e9_1.52312e+25_20.dat
        53       0.484553        3.75726        147.613        10.9135         17.683        14.5552       -1283.13     /gpfs/hpu/EHT2/IHARM/MAD/MAD_a0_384x192x192_IHARM/m_1_1_20/image_a0_0053_163_0_230.e9_6.2e9_1.52312e+25_20.dat
        54       0.488709        3.47652        98.6789        11.8329        16.8603        14.4553       -1298.91     /gpfs/hpu/EHT2/IHARM/MAD/MAD_a0_384x192x192_IHARM/m_1_1_20/image_a0_0054_163_0_230.e9_6.2e9_1.52312e+25_20.dat
        55       0.512416        3.55948        90.2328        16.8346        34.7576        26.7427       -2199.95     /gpfs/hpu/EHT2/IHARM/MAD/MAD_a0_384x192x192_IHARM/m_1_1_20/image_a0_0055_163_0_230.e9_6.2e9_1.52312e+25_20.dat
        56       0.544152        3.42417       -97.5158        42.4052        108.441        79.3433       -6164.02     /gpfs/hpu/EHT2/IHARM/MAD/MAD_a0_384x192x192_IHARM/m_1_1_20/image_a0_0056_163_0_230.e9_6.2e9_1.52312e+25_20.dat
        57       0.616118        3.44817       -257.593        11.0536        22.1921         17.198       -1540.25     /gpfs/hpu/EHT2/IHARM/MAD/MAD_a0_384x192x192_IHARM/m_1_1_20/image_a0_0057_163_0_230.e9_6.2e9_1.52312e+25_20.dat
        58       0.647348        3.70567       -265.159        9.14617         18.269        14.1766       -1287.18     /gpfs/hpu/EHT2/IHARM/MAD/MAD_a0_384x192x192_IHARM/m_1_1_20/image_a0_0058_163_0_230.e9_6.2e9_1.52312e+25_20.dat
        59       0.539535        3.15334       -198.888        14.9816        29.2633        22.8421       -1882.31     /gpfs/hpu/EHT2/IHARM/MAD/MAD_a0_384x192x192_IHARM/m_1_1_20/image_a0_0059_163_0_230.e9_6.2e9_1.52312e+25_20.dat
        60       0.788067        4.00757       -154.611         18.789        31.4409        25.6308       -2086.81     /gpfs/hpu/EHT2/IHARM/MAD/MAD_a0_384x192x192_IHARM/m_1_1_20/image_a0_0060_163_0_230.e9_6.2e9_1.52312e+25_20.dat
        61       0.651895        3.36573        -195.73        18.8027        45.8857        33.9209       -2688.24     /gpfs/hpu/EHT2/IHARM/MAD/MAD_a0_384x192x192_IHARM/m_1_1_20/image_a0_0061_163_0_230.e9_6.2e9_1.52312e+25_20.dat
        62       0.637374        3.98647       -150.971        20.9829        36.7202        29.5458       -2325.59     /gpfs/hpu/EHT2/IHARM/MAD/MAD_a0_384x192x192_IHARM/m_1_1_20/image_a0_0062_163_0_230.e9_6.2e9_1.52312e+25_20.dat
        63       0.488977          3.421       -75.4725        8.74968        13.6835        11.3863       -1114.87     /gpfs/hpu/EHT2/IHARM/MAD/MAD_a0_384x192x192_IHARM/m_1_1_20/image_a0_0063_163_0_230.e9_6.2e9_1.52312e+25_20.dat
        64       0.666321        3.74593        -101.39        25.8516        38.2501        32.3922       -3859.78     /gpfs/hpu/EHT2/IHARM/MAD/MAD_a0_384x192x192_IHARM/m_1_1_20/image_a0_0064_163_0_230.e9_6.2e9_1.52312e+25_20.dat
        65       0.493591        3.34474       -87.0564        12.3523         13.404         12.683       -1198.93     /gpfs/hpu/EHT2/IHARM/MAD/MAD_a0_384x192x192_IHARM/m_1_1_20/image_a0_0065_163_0_230.e9_6.2e9_1.52312e+25_20.dat
        66       0.492028        3.47935       -115.981        15.8026        39.4948        29.0422       -2342.13     /gpfs/hpu/EHT2/IHARM/MAD/MAD_a0_384x192x192_IHARM/m_1_1_20/image_a0_0066_163_0_230.e9_6.2e9_1.52312e+25_20.dat
        67       0.408138        3.33147       -162.413        14.8656        29.4095         22.879       -1884.69     /gpfs/hpu/EHT2/IHARM/MAD/MAD_a0_384x192x192_IHARM/m_1_1_20/image_a0_0067_163_0_230.e9_6.2e9_1.52312e+25_20.dat
        68       0.606076        3.38157        172.156         11.586        32.5875        23.3754       -1945.06     /gpfs/hpu/EHT2/IHARM/MAD/MAD_a0_384x192x192_IHARM/m_1_1_20/image_a0_0068_163_0_230.e9_6.2e9_1.52312e+25_20.dat
        69       0.497704         3.2825        144.286        26.7077        23.5304        24.2963       -2002.82     /gpfs/hpu/EHT2/IHARM/MAD/MAD_a0_384x192x192_IHARM/m_1_1_20/image_a0_0069_163_0_230.e9_6.2e9_1.52312e+25_20.dat
        70       0.430017        3.54879        164.233        7.49828        7.77837        7.49351       -779.067     /gpfs/hpu/EHT2/IHARM/MAD/MAD_a0_384x192x192_IHARM/m_1_1_20/image_a0_0070_163_0_230.e9_6.2e9_1.52312e+25_20.dat
        71       0.618905        3.51711        169.769        13.9656        11.9124          12.48        -1196.5     /gpfs/hpu/EHT2/IHARM/MAD/MAD_a0_384x192x192_IHARM/m_1_1_20/image_a0_0071_163_0_230.e9_6.2e9_1.52312e+25_20.dat
        72       0.536296        3.88853        187.715        8.96558        30.8261        21.3055        -1780.8     /gpfs/hpu/EHT2/IHARM/MAD/MAD_a0_384x192x192_IHARM/m_1_1_20/image_a0_0072_163_0_230.e9_6.2e9_1.52312e+25_20.dat
        73        1.33013        4.51752        169.715        16.2412         23.285        19.9228       -1771.24     /gpfs/hpu/EHT2/IHARM/MAD/MAD_a0_384x192x192_IHARM/m_1_1_20/image_a0_0073_163_0_230.e9_6.2e9_1.52312e+25_20.dat
        74       0.470319        3.59157        165.804          9.591         13.211        11.4556       -1066.65     /gpfs/hpu/EHT2/IHARM/MAD/MAD_a0_384x192x192_IHARM/m_1_1_20/image_a0_0074_163_0_230.e9_6.2e9_1.52312e+25_20.dat
        75       0.716422        3.29506        180.789        17.0044        29.4133        23.7462       -1986.35     /gpfs/hpu/EHT2/IHARM/MAD/MAD_a0_384x192x192_IHARM/m_1_1_20/image_a0_0075_163_0_230.e9_6.2e9_1.52312e+25_20.dat
        76       0.561151        3.20192        134.464        9.91975        19.0883        14.9594       -1347.74     /gpfs/hpu/EHT2/IHARM/MAD/MAD_a0_384x192x192_IHARM/m_1_1_20/image_a0_0076_163_0_230.e9_6.2e9_1.52312e+25_20.dat
        77       0.429367        3.74799        172.351         6.5817        11.8604        9.46398       -928.791     /gpfs/hpu/EHT2/IHARM/MAD/MAD_a0_384x192x192_IHARM/m_1_1_20/image_a0_0077_163_0_230.e9_6.2e9_1.52312e+25_20.dat
        78       0.523311        3.81577        151.708         15.985        13.5812        14.2537       -1251.32     /gpfs/hpu/EHT2/IHARM/MAD/MAD_a0_384x192x192_IHARM/m_1_1_20/image_a0_0078_163_0_230.e9_6.2e9_1.52312e+25_20.dat
        79       0.691243        4.01333        106.911        33.1251        31.4948        31.4594       -2454.57     /gpfs/hpu/EHT2/IHARM/MAD/MAD_a0_384x192x192_IHARM/m_1_1_20/image_a0_0079_163_0_230.e9_6.2e9_1.52312e+25_20.dat
        80       0.705288        3.45149        123.351        30.5077        23.9117        26.0518        -2163.1     /gpfs/hpu/EHT2/IHARM/MAD/MAD_a0_384x192x192_IHARM/m_1_1_20/image_a0_0080_163_0_230.e9_6.2e9_1.52312e+25_20.dat
        81       0.796626        3.99597        155.169        9.29415        8.48146        8.62303       -970.115     /gpfs/hpu/EHT2/IHARM/MAD/MAD_a0_384x192x192_IHARM/m_1_1_20/image_a0_0081_163_0_230.e9_6.2e9_1.52312e+25_20.dat
        82       0.395052        3.50451        174.328        8.43111         15.805        12.4743       -1169.11     /gpfs/hpu/EHT2/IHARM/MAD/MAD_a0_384x192x192_IHARM/m_1_1_20/image_a0_0082_163_0_230.e9_6.2e9_1.52312e+25_20.dat
        83       0.412389        3.43471        149.224        10.4566        10.9711         10.521       -999.185     /gpfs/hpu/EHT2/IHARM/MAD/MAD_a0_384x192x192_IHARM/m_1_1_20/image_a0_0083_163_0_230.e9_6.2e9_1.52312e+25_20.dat
        84       0.455359        3.57771        126.732        14.9192        31.2695        23.9675       -1984.83     /gpfs/hpu/EHT2/IHARM/MAD/MAD_a0_384x192x192_IHARM/m_1_1_20/image_a0_0084_163_0_230.e9_6.2e9_1.52312e+25_20.dat
        85       0.624313        3.46498        95.7534        9.50343        10.6231        9.93594       -984.549     /gpfs/hpu/EHT2/IHARM/MAD/MAD_a0_384x192x192_IHARM/m_1_1_20/image_a0_0085_163_0_230.e9_6.2e9_1.52312e+25_20.dat
        86       0.695533        3.32031        52.5207        15.3435        44.9403        31.9797       -2752.25     /gpfs/hpu/EHT2/IHARM/MAD/MAD_a0_384x192x192_IHARM/m_1_1_20/image_a0_0086_163_0_230.e9_6.2e9_1.52312e+25_20.dat
        87       0.772471        3.73879        -242.26         56.902        85.6023        72.1072       -5273.32     /gpfs/hpu/EHT2/IHARM/MAD/MAD_a0_384x192x192_IHARM/m_1_1_20/image_a0_0087_163_0_230.e9_6.2e9_1.52312e+25_20.dat
        88       0.936468        4.25616        -329.22        31.2414        94.0364        66.5671       -4986.65     /gpfs/hpu/EHT2/IHARM/MAD/MAD_a0_384x192x192_IHARM/m_1_1_20/image_a0_0088_163_0_230.e9_6.2e9_1.52312e+25_20.dat
        89       0.545544        3.06703       -216.385        19.8404        19.1546        19.0095        -1662.1     /gpfs/hpu/EHT2/IHARM/MAD/MAD_a0_384x192x192_IHARM/m_1_1_20/image_a0_0089_163_0_230.e9_6.2e9_1.52312e+25_20.dat
        90       0.721344        3.61938       -356.659        16.0807        45.0919        32.3647       -2617.79     /gpfs/hpu/EHT2/IHARM/MAD/MAD_a0_384x192x192_IHARM/m_1_1_20/image_a0_0090_163_0_230.e9_6.2e9_1.52312e+25_20.dat
        91       0.653139        3.72433       -359.931        10.8298        27.6949        20.2635       -1729.43     /gpfs/hpu/EHT2/IHARM/MAD/MAD_a0_384x192x192_IHARM/m_1_1_20/image_a0_0091_163_0_230.e9_6.2e9_1.52312e+25_20.dat
        92       0.987176        3.48663       -134.205        16.3515        80.4906        52.7765       -4194.15     /gpfs/hpu/EHT2/IHARM/MAD/MAD_a0_384x192x192_IHARM/m_1_1_20/image_a0_0092_163_0_230.e9_6.2e9_1.52312e+25_20.dat
        93        1.02165        3.96982       -323.316        38.1486        75.8707        58.9418       -4495.41     /gpfs/hpu/EHT2/IHARM/MAD/MAD_a0_384x192x192_IHARM/m_1_1_20/image_a0_0093_163_0_230.e9_6.2e9_1.52312e+25_20.dat
        94       0.926185         3.3197       -242.559        22.8617        90.9732        61.4213       -5027.27     /gpfs/hpu/EHT2/IHARM/MAD/MAD_a0_384x192x192_IHARM/m_1_1_20/image_a0_0094_163_0_230.e9_6.2e9_1.52312e+25_20.dat
        95       0.525675        3.34587       -94.0552        29.8343        70.2255        52.3417       -3942.93     /gpfs/hpu/EHT2/IHARM/MAD/MAD_a0_384x192x192_IHARM/m_1_1_20/image_a0_0095_163_0_230.e9_6.2e9_1.52312e+25_20.dat
        96       0.923169        4.07933       -165.993        26.7186        38.2365        32.7351        -2711.1     /gpfs/hpu/EHT2/IHARM/MAD/MAD_a0_384x192x192_IHARM/m_1_1_20/image_a0_0096_163_0_230.e9_6.2e9_1.52312e+25_20.dat
        97       0.534301        3.56227       -168.623        25.5357        33.7772        29.6991       -2335.17     /gpfs/hpu/EHT2/IHARM/MAD/MAD_a0_384x192x192_IHARM/m_1_1_20/image_a0_0097_163_0_230.e9_6.2e9_1.52312e+25_20.dat
        98       0.427173        3.41813       -88.2681          14.42        19.2815        16.8901        -1471.4     /gpfs/hpu/EHT2/IHARM/MAD/MAD_a0_384x192x192_IHARM/m_1_1_20/image_a0_0098_163_0_230.e9_6.2e9_1.52312e+25_20.dat
        99        0.62967        3.90383        201.989        17.8805        27.8955          23.23       -1894.98     /gpfs/hpu/EHT2/IHARM/MAD/MAD_a0_384x192x192_IHARM/m_1_1_20/image_a0_0099_163_0_230.e9_6.2e9_1.52312e+25_20.dat
