   # Index         I (Jy)      M/D (uas)       PA (deg)  VA red. chisq  CP red. chisq     red. chisq     log-liklhd     FileName
         0       0.797306        3.31626        317.744        3.01026        7.03195        5.21172       -1188.88     /gpfs/hpu/EHT2/IHARM_inc+5/SANE_a-0.94_288x128x128_IHARM/m_1_1_40/image_a-0.94_1200_22_0_230.e9_6.2e9_9.61255e+28_40.dat
         1       0.640719        3.33132        309.168          5.833        11.1334        8.71185       -1551.96     /gpfs/hpu/EHT2/IHARM_inc+5/SANE_a-0.94_288x128x128_IHARM/m_1_1_40/image_a-0.94_1206_22_0_230.e9_6.2e9_9.61255e+28_40.dat
         2       0.453807        3.23931        328.345        5.19784        11.5241         8.6552       -1477.68     /gpfs/hpu/EHT2/IHARM_inc+5/SANE_a-0.94_288x128x128_IHARM/m_1_1_40/image_a-0.94_1212_22_0_230.e9_6.2e9_9.61255e+28_40.dat
         3       0.706933        3.16038        301.275        10.6368        4.07933         6.8592       -1379.66     /gpfs/hpu/EHT2/IHARM_inc+5/SANE_a-0.94_288x128x128_IHARM/m_1_1_40/image_a-0.94_1218_22_0_230.e9_6.2e9_9.61255e+28_40.dat
         4       0.555609        3.69668        235.281        4.68088        23.4153         15.049       -2294.93     /gpfs/hpu/EHT2/IHARM_inc+5/SANE_a-0.94_288x128x128_IHARM/m_1_1_40/image_a-0.94_1224_22_0_230.e9_6.2e9_9.61255e+28_40.dat
         5       0.645352        3.57326        223.511        6.30186        39.1216        24.4882       -3553.72     /gpfs/hpu/EHT2/IHARM_inc+5/SANE_a-0.94_288x128x128_IHARM/m_1_1_40/image_a-0.94_1230_22_0_230.e9_6.2e9_9.61255e+28_40.dat
         6       0.671499        3.46051        330.813        9.29526        60.4796        37.6644       -6424.96     /gpfs/hpu/EHT2/IHARM_inc+5/SANE_a-0.94_288x128x128_IHARM/m_1_1_40/image_a-0.94_1236_22_0_230.e9_6.2e9_9.61255e+28_40.dat
         7        0.87585        3.44791        322.693        5.37349        13.0351        9.57182       -1785.77     /gpfs/hpu/EHT2/IHARM_inc+5/SANE_a-0.94_288x128x128_IHARM/m_1_1_40/image_a-0.94_1242_22_0_230.e9_6.2e9_9.61255e+28_40.dat
         8       0.790262        3.92849        326.638        5.28267        15.8043        11.0735       -1942.72     /gpfs/hpu/EHT2/IHARM_inc+5/SANE_a-0.94_288x128x128_IHARM/m_1_1_40/image_a-0.94_1248_22_0_230.e9_6.2e9_9.61255e+28_40.dat
         9       0.868288        3.33987        307.764        6.96556        11.5519        9.43336       -1733.33     /gpfs/hpu/EHT2/IHARM_inc+5/SANE_a-0.94_288x128x128_IHARM/m_1_1_40/image_a-0.94_1254_22_0_230.e9_6.2e9_9.61255e+28_40.dat
        10       0.573219        3.33196        309.051        5.92036        39.1802        24.3562       -3465.69     /gpfs/hpu/EHT2/IHARM_inc+5/SANE_a-0.94_288x128x128_IHARM/m_1_1_40/image_a-0.94_1260_22_0_230.e9_6.2e9_9.61255e+28_40.dat
        11       0.627884        3.32639        302.621        10.4142        8.09881        8.99981       -1613.13     /gpfs/hpu/EHT2/IHARM_inc+5/SANE_a-0.94_288x128x128_IHARM/m_1_1_40/image_a-0.94_1266_22_0_230.e9_6.2e9_9.61255e+28_40.dat
        12       0.449052        3.55553        340.666        3.59311        7.37514        5.65416       -1128.32     /gpfs/hpu/EHT2/IHARM_inc+5/SANE_a-0.94_288x128x128_IHARM/m_1_1_40/image_a-0.94_1272_22_0_230.e9_6.2e9_9.61255e+28_40.dat
        13       0.474115         3.2339        326.717         4.2715         9.6393        7.20675       -1381.96     /gpfs/hpu/EHT2/IHARM_inc+5/SANE_a-0.94_288x128x128_IHARM/m_1_1_40/image_a-0.94_1278_22_0_230.e9_6.2e9_9.61255e+28_40.dat
        14       0.543312        3.22761        307.508        7.30636        12.5885        10.1573       -1769.98     /gpfs/hpu/EHT2/IHARM_inc+5/SANE_a-0.94_288x128x128_IHARM/m_1_1_40/image_a-0.94_1284_22_0_230.e9_6.2e9_9.61255e+28_40.dat
        15       0.574815        3.36352        350.674        9.42762        6.23734        7.53834       -1361.89     /gpfs/hpu/EHT2/IHARM_inc+5/SANE_a-0.94_288x128x128_IHARM/m_1_1_40/image_a-0.94_1290_22_0_230.e9_6.2e9_9.61255e+28_40.dat
        16       0.571322        3.37482        288.599        9.54574        11.2288        10.3668       -1747.65     /gpfs/hpu/EHT2/IHARM_inc+5/SANE_a-0.94_288x128x128_IHARM/m_1_1_40/image_a-0.94_1296_22_0_230.e9_6.2e9_9.61255e+28_40.dat
        17       0.532837        3.39984        343.126         9.3618        4.62844        6.61467       -1214.47     /gpfs/hpu/EHT2/IHARM_inc+5/SANE_a-0.94_288x128x128_IHARM/m_1_1_40/image_a-0.94_1302_22_0_230.e9_6.2e9_9.61255e+28_40.dat
        18       0.415852        3.53782        301.989        8.71807        9.93436        9.28942        -1536.6     /gpfs/hpu/EHT2/IHARM_inc+5/SANE_a-0.94_288x128x128_IHARM/m_1_1_40/image_a-0.94_1308_22_0_230.e9_6.2e9_9.61255e+28_40.dat
        19       0.593274        3.76699        304.257        2.36636        5.23183        3.93223       -925.172     /gpfs/hpu/EHT2/IHARM_inc+5/SANE_a-0.94_288x128x128_IHARM/m_1_1_40/image_a-0.94_1314_22_0_230.e9_6.2e9_9.61255e+28_40.dat
        20       0.642326        3.81667        329.093        5.27427        7.95202        6.70051       -1293.75     /gpfs/hpu/EHT2/IHARM_inc+5/SANE_a-0.94_288x128x128_IHARM/m_1_1_40/image_a-0.94_1320_22_0_230.e9_6.2e9_9.61255e+28_40.dat
        21       0.750208        3.18412         272.13        5.64355        18.1974        12.5609       -2147.96     /gpfs/hpu/EHT2/IHARM_inc+5/SANE_a-0.94_288x128x128_IHARM/m_1_1_40/image_a-0.94_1326_22_0_230.e9_6.2e9_9.61255e+28_40.dat
        22        0.55711        3.66653        359.772        4.56451        10.4485        7.78343       -1449.02     /gpfs/hpu/EHT2/IHARM_inc+5/SANE_a-0.94_288x128x128_IHARM/m_1_1_40/image_a-0.94_1332_22_0_230.e9_6.2e9_9.61255e+28_40.dat
        23       0.499291        3.46562        292.488         8.7471        20.2727        15.0547       -2260.61     /gpfs/hpu/EHT2/IHARM_inc+5/SANE_a-0.94_288x128x128_IHARM/m_1_1_40/image_a-0.94_1338_22_0_230.e9_6.2e9_9.61255e+28_40.dat
        24       0.564294        3.98469        359.067        5.98201        16.1648        11.5759       -1892.05     /gpfs/hpu/EHT2/IHARM_inc+5/SANE_a-0.94_288x128x128_IHARM/m_1_1_40/image_a-0.94_1344_22_0_230.e9_6.2e9_9.61255e+28_40.dat
        25       0.843097        3.18926        306.597        8.82934        20.5606        15.2504       -2661.69     /gpfs/hpu/EHT2/IHARM_inc+5/SANE_a-0.94_288x128x128_IHARM/m_1_1_40/image_a-0.94_1350_22_0_230.e9_6.2e9_9.61255e+28_40.dat
        26       0.517759        3.21595        343.814        8.41105        16.5907        12.8609       -2109.31     /gpfs/hpu/EHT2/IHARM_inc+5/SANE_a-0.94_288x128x128_IHARM/m_1_1_40/image_a-0.94_1356_22_0_230.e9_6.2e9_9.61255e+28_40.dat
        27       0.490783        3.46717        327.337        3.72438         7.5097        5.78568       -1180.07     /gpfs/hpu/EHT2/IHARM_inc+5/SANE_a-0.94_288x128x128_IHARM/m_1_1_40/image_a-0.94_1362_22_0_230.e9_6.2e9_9.61255e+28_40.dat
        28       0.609275        3.28315        327.303        8.01844        12.2884        10.2975       -1798.94     /gpfs/hpu/EHT2/IHARM_inc+5/SANE_a-0.94_288x128x128_IHARM/m_1_1_40/image_a-0.94_1368_22_0_230.e9_6.2e9_9.61255e+28_40.dat
        29       0.490278        3.58061        282.335        7.13368         12.651        10.1175       -1695.48     /gpfs/hpu/EHT2/IHARM_inc+5/SANE_a-0.94_288x128x128_IHARM/m_1_1_40/image_a-0.94_1374_22_0_230.e9_6.2e9_9.61255e+28_40.dat
        30       0.648564        3.29492        331.544        3.87605        9.40858        6.90775       -1357.84     /gpfs/hpu/EHT2/IHARM_inc+5/SANE_a-0.94_288x128x128_IHARM/m_1_1_40/image_a-0.94_1380_22_0_230.e9_6.2e9_9.61255e+28_40.dat
        31       0.656627        3.20837        332.412        8.67782        7.79209        8.07998       -1524.67     /gpfs/hpu/EHT2/IHARM_inc+5/SANE_a-0.94_288x128x128_IHARM/m_1_1_40/image_a-0.94_1386_22_0_230.e9_6.2e9_9.61255e+28_40.dat
        32       0.731307        3.63553         298.74        11.2253        14.1438        12.7135       -2427.86     /gpfs/hpu/EHT2/IHARM_inc+5/SANE_a-0.94_288x128x128_IHARM/m_1_1_40/image_a-0.94_1392_22_0_230.e9_6.2e9_9.61255e+28_40.dat
        33       0.664979        3.29042        302.318        7.36068        10.1955        8.84906       -1622.86     /gpfs/hpu/EHT2/IHARM_inc+5/SANE_a-0.94_288x128x128_IHARM/m_1_1_40/image_a-0.94_1398_22_0_230.e9_6.2e9_9.61255e+28_40.dat
        34       0.583541        3.35215        318.569        6.26661        7.51335        6.88455        -1278.6     /gpfs/hpu/EHT2/IHARM_inc+5/SANE_a-0.94_288x128x128_IHARM/m_1_1_40/image_a-0.94_1404_22_0_230.e9_6.2e9_9.61255e+28_40.dat
        35       0.624622        3.63392        227.848        10.0693        23.7268        17.5472       -2771.25     /gpfs/hpu/EHT2/IHARM_inc+5/SANE_a-0.94_288x128x128_IHARM/m_1_1_40/image_a-0.94_1410_22_0_230.e9_6.2e9_9.61255e+28_40.dat
        36       0.436617        3.66531        240.465        5.02526         12.498        9.12268       -1550.05     /gpfs/hpu/EHT2/IHARM_inc+5/SANE_a-0.94_288x128x128_IHARM/m_1_1_40/image_a-0.94_1416_22_0_230.e9_6.2e9_9.61255e+28_40.dat
        37       0.551815        3.49092         338.41        4.20124        8.51415        6.55034       -1327.73     /gpfs/hpu/EHT2/IHARM_inc+5/SANE_a-0.94_288x128x128_IHARM/m_1_1_40/image_a-0.94_1422_22_0_230.e9_6.2e9_9.61255e+28_40.dat
        38       0.845042        3.82217        283.043        13.1059        16.9998        15.1142       -2352.41     /gpfs/hpu/EHT2/IHARM_inc+5/SANE_a-0.94_288x128x128_IHARM/m_1_1_40/image_a-0.94_1428_22_0_230.e9_6.2e9_9.61255e+28_40.dat
        39       0.975733        3.26379        16.0658        5.71609        14.2153        10.3764       -2344.68     /gpfs/hpu/EHT2/IHARM_inc+5/SANE_a-0.94_288x128x128_IHARM/m_1_1_40/image_a-0.94_1434_22_0_230.e9_6.2e9_9.61255e+28_40.dat
        40       0.543352          3.609        24.1455        2.70122        7.49142        5.33406        -1111.4     /gpfs/hpu/EHT2/IHARM_inc+5/SANE_a-0.94_288x128x128_IHARM/m_1_1_40/image_a-0.94_1440_22_0_230.e9_6.2e9_9.61255e+28_40.dat
        41       0.698833        3.24897       -16.5245         17.091        22.4675         19.876       -3095.73     /gpfs/hpu/EHT2/IHARM_inc+5/SANE_a-0.94_288x128x128_IHARM/m_1_1_40/image_a-0.94_1446_22_0_230.e9_6.2e9_9.61255e+28_40.dat
        42       0.389027        3.37985        -21.095        8.78029        5.82325        7.02863       -1254.62     /gpfs/hpu/EHT2/IHARM_inc+5/SANE_a-0.94_288x128x128_IHARM/m_1_1_40/image_a-0.94_1452_22_0_230.e9_6.2e9_9.61255e+28_40.dat
        43       0.727497        3.51804       -38.4171        6.43543        4.82796         5.4631       -1132.42     /gpfs/hpu/EHT2/IHARM_inc+5/SANE_a-0.94_288x128x128_IHARM/m_1_1_40/image_a-0.94_1458_22_0_230.e9_6.2e9_9.61255e+28_40.dat
        44       0.810038        3.50343       -30.7579        8.00429        27.2929        18.6406       -2938.09     /gpfs/hpu/EHT2/IHARM_inc+5/SANE_a-0.94_288x128x128_IHARM/m_1_1_40/image_a-0.94_1464_22_0_230.e9_6.2e9_9.61255e+28_40.dat
        45       0.401703        3.56404       -50.9899        3.41759        4.39215        3.91854       -879.151     /gpfs/hpu/EHT2/IHARM_inc+5/SANE_a-0.94_288x128x128_IHARM/m_1_1_40/image_a-0.94_1470_22_0_230.e9_6.2e9_9.61255e+28_40.dat
        46        0.49892        3.68178        43.7448         4.5397        7.85501         6.3296        -1261.7     /gpfs/hpu/EHT2/IHARM_inc+5/SANE_a-0.94_288x128x128_IHARM/m_1_1_40/image_a-0.94_1476_22_0_230.e9_6.2e9_9.61255e+28_40.dat
        47        0.68908         3.1256       -25.1402        10.4409        16.0597        13.4412       -2177.51     /gpfs/hpu/EHT2/IHARM_inc+5/SANE_a-0.94_288x128x128_IHARM/m_1_1_40/image_a-0.94_1482_22_0_230.e9_6.2e9_9.61255e+28_40.dat
        48       0.576921        3.17091       -33.0709         9.7391        14.5552        12.3012       -1966.68     /gpfs/hpu/EHT2/IHARM_inc+5/SANE_a-0.94_288x128x128_IHARM/m_1_1_40/image_a-0.94_1488_22_0_230.e9_6.2e9_9.61255e+28_40.dat
        49       0.430344         3.4873       -45.8195        5.76079        8.44144        7.18276       -1278.73     /gpfs/hpu/EHT2/IHARM_inc+5/SANE_a-0.94_288x128x128_IHARM/m_1_1_40/image_a-0.94_1494_22_0_230.e9_6.2e9_9.61255e+28_40.dat
        50        0.53362        3.47372       -24.6114        4.30526        12.9556        9.06665       -1608.76     /gpfs/hpu/EHT2/IHARM_inc+5/SANE_a-0.94_288x128x128_IHARM/m_1_1_40/image_a-0.94_1500_22_0_230.e9_6.2e9_9.61255e+28_40.dat
        51       0.406918        3.37503       -25.9175        11.9156        15.6532        13.8513       -2144.61     /gpfs/hpu/EHT2/IHARM_inc+5/SANE_a-0.94_288x128x128_IHARM/m_1_1_40/image_a-0.94_1506_22_0_230.e9_6.2e9_9.61255e+28_40.dat
        52       0.691156        3.45723       -63.8597        9.30314        45.8742        29.5406       -4207.76     /gpfs/hpu/EHT2/IHARM_inc+5/SANE_a-0.94_288x128x128_IHARM/m_1_1_40/image_a-0.94_1512_22_0_230.e9_6.2e9_9.61255e+28_40.dat
        53       0.475337        3.29413         11.251         13.185        10.7817        11.6882       -1947.94     /gpfs/hpu/EHT2/IHARM_inc+5/SANE_a-0.94_288x128x128_IHARM/m_1_1_40/image_a-0.94_1518_22_0_230.e9_6.2e9_9.61255e+28_40.dat
        54       0.721038        3.47045        34.4151        5.55167        30.9657        19.6262       -3065.85     /gpfs/hpu/EHT2/IHARM_inc+5/SANE_a-0.94_288x128x128_IHARM/m_1_1_40/image_a-0.94_1524_22_0_230.e9_6.2e9_9.61255e+28_40.dat
        55       0.662073        3.72228       -56.9137        3.25296        11.2049        7.63848       -1399.21     /gpfs/hpu/EHT2/IHARM_inc+5/SANE_a-0.94_288x128x128_IHARM/m_1_1_40/image_a-0.94_1530_22_0_230.e9_6.2e9_9.61255e+28_40.dat
        56       0.465031         3.4731       -149.219        6.31003        26.5894        17.5182       -2606.46     /gpfs/hpu/EHT2/IHARM_inc+5/SANE_a-0.94_288x128x128_IHARM/m_1_1_40/image_a-0.94_1536_22_0_230.e9_6.2e9_9.61255e+28_40.dat
        57       0.710792        3.61529       -149.037        6.82225        30.4994        19.9149       -2939.38     /gpfs/hpu/EHT2/IHARM_inc+5/SANE_a-0.94_288x128x128_IHARM/m_1_1_40/image_a-0.94_1542_22_0_230.e9_6.2e9_9.61255e+28_40.dat
        58        1.19764        3.96133       -171.635        4.77461        33.0477        20.4494       -3169.95     /gpfs/hpu/EHT2/IHARM_inc+5/SANE_a-0.94_288x128x128_IHARM/m_1_1_40/image_a-0.94_1548_22_0_230.e9_6.2e9_9.61255e+28_40.dat
        59       0.539957        3.35753        -51.001         7.2964         17.752        13.0262       -2084.97     /gpfs/hpu/EHT2/IHARM_inc+5/SANE_a-0.94_288x128x128_IHARM/m_1_1_40/image_a-0.94_1554_22_0_230.e9_6.2e9_9.61255e+28_40.dat
        60       0.635868        3.49958       -25.7776        10.8551        17.9295        14.6604       -2260.86     /gpfs/hpu/EHT2/IHARM_inc+5/SANE_a-0.94_288x128x128_IHARM/m_1_1_40/image_a-0.94_1560_22_0_230.e9_6.2e9_9.61255e+28_40.dat
        61       0.561671        3.37466       -8.74997         9.4441        37.1887        24.7684       -3572.43     /gpfs/hpu/EHT2/IHARM_inc+5/SANE_a-0.94_288x128x128_IHARM/m_1_1_40/image_a-0.94_1566_22_0_230.e9_6.2e9_9.61255e+28_40.dat
        62       0.610559        3.57626       -66.6337        3.08438         5.3584        4.31245       -1068.65     /gpfs/hpu/EHT2/IHARM_inc+5/SANE_a-0.94_288x128x128_IHARM/m_1_1_40/image_a-0.94_1572_22_0_230.e9_6.2e9_9.61255e+28_40.dat
        63        0.52396        3.49316       -80.5389         4.2871        6.16721        5.28143       -1105.49     /gpfs/hpu/EHT2/IHARM_inc+5/SANE_a-0.94_288x128x128_IHARM/m_1_1_40/image_a-0.94_1578_22_0_230.e9_6.2e9_9.61255e+28_40.dat
        64       0.480008        3.73436       -123.114        8.14818        8.90118        8.46862       -1473.58     /gpfs/hpu/EHT2/IHARM_inc+5/SANE_a-0.94_288x128x128_IHARM/m_1_1_40/image_a-0.94_1584_22_0_230.e9_6.2e9_9.61255e+28_40.dat
        65       0.552742        3.59548       -89.7114        7.85011        11.3568        9.70645       -1710.45     /gpfs/hpu/EHT2/IHARM_inc+5/SANE_a-0.94_288x128x128_IHARM/m_1_1_40/image_a-0.94_1590_22_0_230.e9_6.2e9_9.61255e+28_40.dat
        66       0.438551        3.68599       -91.9442         8.0362        16.2994        12.5371          -2021     /gpfs/hpu/EHT2/IHARM_inc+5/SANE_a-0.94_288x128x128_IHARM/m_1_1_40/image_a-0.94_1596_22_0_230.e9_6.2e9_9.61255e+28_40.dat
        67       0.425197        3.28412       -66.3304        8.23988        21.1694        15.3348       -2361.75     /gpfs/hpu/EHT2/IHARM_inc+5/SANE_a-0.94_288x128x128_IHARM/m_1_1_40/image_a-0.94_1602_22_0_230.e9_6.2e9_9.61255e+28_40.dat
        68       0.643135        3.72748        -85.984        20.8398        14.9933        17.3344       -2629.44     /gpfs/hpu/EHT2/IHARM_inc+5/SANE_a-0.94_288x128x128_IHARM/m_1_1_40/image_a-0.94_1608_22_0_230.e9_6.2e9_9.61255e+28_40.dat
        69       0.555811        3.74079       -114.451        2.93691        10.8357         7.2967       -1294.47     /gpfs/hpu/EHT2/IHARM_inc+5/SANE_a-0.94_288x128x128_IHARM/m_1_1_40/image_a-0.94_1614_22_0_230.e9_6.2e9_9.61255e+28_40.dat
        70       0.665278        3.58987       -48.4362        2.93079        5.17148        4.14217       -996.033     /gpfs/hpu/EHT2/IHARM_inc+5/SANE_a-0.94_288x128x128_IHARM/m_1_1_40/image_a-0.94_1620_22_0_230.e9_6.2e9_9.61255e+28_40.dat
        71       0.461706        3.69788       -73.2288        3.49648        4.33592        3.92129       -869.432     /gpfs/hpu/EHT2/IHARM_inc+5/SANE_a-0.94_288x128x128_IHARM/m_1_1_40/image_a-0.94_1626_22_0_230.e9_6.2e9_9.61255e+28_40.dat
        72       0.554819        3.21212       -99.2543        9.66927        10.7887        10.1752       -1765.29     /gpfs/hpu/EHT2/IHARM_inc+5/SANE_a-0.94_288x128x128_IHARM/m_1_1_40/image_a-0.94_1632_22_0_230.e9_6.2e9_9.61255e+28_40.dat
        73        0.89862        3.39696       -37.1357        1.49948        14.0226        8.44986       -1610.91     /gpfs/hpu/EHT2/IHARM_inc+5/SANE_a-0.94_288x128x128_IHARM/m_1_1_40/image_a-0.94_1638_22_0_230.e9_6.2e9_9.61255e+28_40.dat
        74       0.380129         3.5094       -20.1738        9.97009        15.1905        12.7544       -2042.29     /gpfs/hpu/EHT2/IHARM_inc+5/SANE_a-0.94_288x128x128_IHARM/m_1_1_40/image_a-0.94_1644_22_0_230.e9_6.2e9_9.61255e+28_40.dat
        75       0.492911        3.64913       -91.5513        7.56245        12.8813        10.4307       -1714.74     /gpfs/hpu/EHT2/IHARM_inc+5/SANE_a-0.94_288x128x128_IHARM/m_1_1_40/image_a-0.94_1650_22_0_230.e9_6.2e9_9.61255e+28_40.dat
        76       0.679492        3.76261       -60.2217        4.18594        9.00566        6.81725       -1309.94     /gpfs/hpu/EHT2/IHARM_inc+5/SANE_a-0.94_288x128x128_IHARM/m_1_1_40/image_a-0.94_1656_22_0_230.e9_6.2e9_9.61255e+28_40.dat
        77       0.641692        3.71807       -21.1842        2.46008        5.05577         3.8747       -944.571     /gpfs/hpu/EHT2/IHARM_inc+5/SANE_a-0.94_288x128x128_IHARM/m_1_1_40/image_a-0.94_1662_22_0_230.e9_6.2e9_9.61255e+28_40.dat
        78       0.722275        3.61016       -52.1817        6.56666        12.9243         10.025       -1773.56     /gpfs/hpu/EHT2/IHARM_inc+5/SANE_a-0.94_288x128x128_IHARM/m_1_1_40/image_a-0.94_1668_22_0_230.e9_6.2e9_9.61255e+28_40.dat
        79       0.677768        3.49123       -33.4878        15.1039        16.2635        15.5664        -2423.2     /gpfs/hpu/EHT2/IHARM_inc+5/SANE_a-0.94_288x128x128_IHARM/m_1_1_40/image_a-0.94_1674_22_0_230.e9_6.2e9_9.61255e+28_40.dat
        80       0.653727        3.69523       -50.2671        4.16942        13.3352        9.21927       -1696.67     /gpfs/hpu/EHT2/IHARM_inc+5/SANE_a-0.94_288x128x128_IHARM/m_1_1_40/image_a-0.94_1680_22_0_230.e9_6.2e9_9.61255e+28_40.dat
        81       0.648195        4.02534       -18.4774        6.29565        11.5456        9.14082       -1566.68     /gpfs/hpu/EHT2/IHARM_inc+5/SANE_a-0.94_288x128x128_IHARM/m_1_1_40/image_a-0.94_1686_22_0_230.e9_6.2e9_9.61255e+28_40.dat
        82        1.01098        3.13181       -51.7086        9.65907        8.83784        9.08525       -1760.16     /gpfs/hpu/EHT2/IHARM_inc+5/SANE_a-0.94_288x128x128_IHARM/m_1_1_40/image_a-0.94_1692_22_0_230.e9_6.2e9_9.61255e+28_40.dat
        83       0.677963        3.46522        -279.18        11.6344        53.0366         34.532       -4802.57     /gpfs/hpu/EHT2/IHARM_inc+5/SANE_a-0.94_288x128x128_IHARM/m_1_1_40/image_a-0.94_1698_22_0_230.e9_6.2e9_9.61255e+28_40.dat
        84        0.88505        3.89225       -114.062        8.35973        49.2002        30.9844       -4442.36     /gpfs/hpu/EHT2/IHARM_inc+5/SANE_a-0.94_288x128x128_IHARM/m_1_1_40/image_a-0.94_1704_22_0_230.e9_6.2e9_9.61255e+28_40.dat
        85        0.66686        3.13619       -19.8155        9.19896        24.0878        17.3726       -2726.44     /gpfs/hpu/EHT2/IHARM_inc+5/SANE_a-0.94_288x128x128_IHARM/m_1_1_40/image_a-0.94_1710_22_0_230.e9_6.2e9_9.61255e+28_40.dat
        86       0.562463        3.68404       -57.8343        3.96789        24.4779        15.3327       -2304.44     /gpfs/hpu/EHT2/IHARM_inc+5/SANE_a-0.94_288x128x128_IHARM/m_1_1_40/image_a-0.94_1716_22_0_230.e9_6.2e9_9.61255e+28_40.dat
        87       0.777078        3.27571        52.8042        6.91225        30.5789         19.998       -3059.69     /gpfs/hpu/EHT2/IHARM_inc+5/SANE_a-0.94_288x128x128_IHARM/m_1_1_40/image_a-0.94_1722_22_0_230.e9_6.2e9_9.61255e+28_40.dat
        88       0.887017        3.87351       -75.1955        6.07777        23.0543        15.4509       -3014.86     /gpfs/hpu/EHT2/IHARM_inc+5/SANE_a-0.94_288x128x128_IHARM/m_1_1_40/image_a-0.94_1728_22_0_230.e9_6.2e9_9.61255e+28_40.dat
        89       0.688809         3.8141       -16.3494        7.76784        22.9075        16.0983       -2508.32     /gpfs/hpu/EHT2/IHARM_inc+5/SANE_a-0.94_288x128x128_IHARM/m_1_1_40/image_a-0.94_1734_22_0_230.e9_6.2e9_9.61255e+28_40.dat
        90       0.472154        3.51803        278.604        5.99255        15.2478        11.0702       -1847.97     /gpfs/hpu/EHT2/IHARM_inc+5/SANE_a-0.94_288x128x128_IHARM/m_1_1_40/image_a-0.94_1740_22_0_230.e9_6.2e9_9.61255e+28_40.dat
        91       0.679011        3.55788        331.693        3.80038        13.2458         9.0103       -1626.48     /gpfs/hpu/EHT2/IHARM_inc+5/SANE_a-0.94_288x128x128_IHARM/m_1_1_40/image_a-0.94_1746_22_0_230.e9_6.2e9_9.61255e+28_40.dat
        92       0.841251        3.43805        302.417         4.4609         28.116        17.5698       -2835.81     /gpfs/hpu/EHT2/IHARM_inc+5/SANE_a-0.94_288x128x128_IHARM/m_1_1_40/image_a-0.94_1752_22_0_230.e9_6.2e9_9.61255e+28_40.dat
        93       0.468099        3.35361        292.393        10.6024          41.86        27.8675       -3896.95     /gpfs/hpu/EHT2/IHARM_inc+5/SANE_a-0.94_288x128x128_IHARM/m_1_1_40/image_a-0.94_1758_22_0_230.e9_6.2e9_9.61255e+28_40.dat
        94       0.447736        3.32308        292.414        9.92637        16.9018        13.6878       -2346.79     /gpfs/hpu/EHT2/IHARM_inc+5/SANE_a-0.94_288x128x128_IHARM/m_1_1_40/image_a-0.94_1764_22_0_230.e9_6.2e9_9.61255e+28_40.dat
        95       0.530077        3.36469        317.694        6.52611        17.9939        12.8284       -2131.38     /gpfs/hpu/EHT2/IHARM_inc+5/SANE_a-0.94_288x128x128_IHARM/m_1_1_40/image_a-0.94_1770_22_0_230.e9_6.2e9_9.61255e+28_40.dat
        96        0.65219         3.8477        232.909        4.98768        20.6711        13.6544       -2118.46     /gpfs/hpu/EHT2/IHARM_inc+5/SANE_a-0.94_288x128x128_IHARM/m_1_1_40/image_a-0.94_1776_22_0_230.e9_6.2e9_9.61255e+28_40.dat
        97       0.462174        3.58513        292.677        9.53893        8.78006        9.00126       -1532.79     /gpfs/hpu/EHT2/IHARM_inc+5/SANE_a-0.94_288x128x128_IHARM/m_1_1_40/image_a-0.94_1782_22_0_230.e9_6.2e9_9.61255e+28_40.dat
        98       0.866786        3.45567        249.038        8.96729        7.67517        8.13981       -1564.43     /gpfs/hpu/EHT2/IHARM_inc+5/SANE_a-0.94_288x128x128_IHARM/m_1_1_40/image_a-0.94_1788_22_0_230.e9_6.2e9_9.61255e+28_40.dat
        99       0.980182        3.51236        270.936        9.62811        15.6832         12.881       -2222.52     /gpfs/hpu/EHT2/IHARM_inc+5/SANE_a-0.94_288x128x128_IHARM/m_1_1_40/image_a-0.94_1794_22_0_230.e9_6.2e9_9.61255e+28_40.dat
