   # Index         I (Jy)      M/D (uas)       PA (deg)  VA red. chisq  CP red. chisq     red. chisq     log-liklhd     FileName
         0        0.71244        3.83434        98.2206        18.1637        31.6503        25.6634       -2032.73     /gpfs/hpu/EHT2/KORAL/SANE/SANE_a+0.75_300x192x192_KORAL/m_1_1_160/image_a+0.75_900_163_0_230.e9_6.2e9_1.52787e+29_160.dat
         1       0.532089         3.7175        186.601        30.7476        18.2411        22.7194       -1825.52     /gpfs/hpu/EHT2/KORAL/SANE/SANE_a+0.75_300x192x192_KORAL/m_1_1_160/image_a+0.75_901_163_0_230.e9_6.2e9_1.52787e+29_160.dat
         2       0.850644        3.76175        191.512        26.4104         17.951        20.8535       -1790.94     /gpfs/hpu/EHT2/KORAL/SANE/SANE_a+0.75_300x192x192_KORAL/m_1_1_160/image_a+0.75_902_163_0_230.e9_6.2e9_1.52787e+29_160.dat
         3       0.800741        3.63027        209.116        21.7622        15.4366        17.5615       -1563.87     /gpfs/hpu/EHT2/KORAL/SANE/SANE_a+0.75_300x192x192_KORAL/m_1_1_160/image_a+0.75_903_163_0_230.e9_6.2e9_1.52787e+29_160.dat
         4          0.735         3.6775        201.932        40.5609        21.0501        28.2035       -2235.68     /gpfs/hpu/EHT2/KORAL/SANE/SANE_a+0.75_300x192x192_KORAL/m_1_1_160/image_a+0.75_904_163_0_230.e9_6.2e9_1.52787e+29_160.dat
         5       0.651718        3.51331        183.779        52.1047         16.345        29.9575       -2335.27     /gpfs/hpu/EHT2/KORAL/SANE/SANE_a+0.75_300x192x192_KORAL/m_1_1_160/image_a+0.75_905_163_0_230.e9_6.2e9_1.52787e+29_160.dat
         6       0.625698        3.76577        91.4538        12.0659        26.6316         20.336       -1640.63     /gpfs/hpu/EHT2/KORAL/SANE/SANE_a+0.75_300x192x192_KORAL/m_1_1_160/image_a+0.75_906_163_0_230.e9_6.2e9_1.52787e+29_160.dat
         7       0.562992        3.79995        136.661        25.0634        24.3462        24.0774       -1898.23     /gpfs/hpu/EHT2/KORAL/SANE/SANE_a+0.75_300x192x192_KORAL/m_1_1_160/image_a+0.75_907_163_0_230.e9_6.2e9_1.52787e+29_160.dat
         8        0.69936        3.94263        97.2334        11.6232        30.7628        22.5858       -1798.68     /gpfs/hpu/EHT2/KORAL/SANE/SANE_a+0.75_300x192x192_KORAL/m_1_1_160/image_a+0.75_908_163_0_230.e9_6.2e9_1.52787e+29_160.dat
         9       0.625722        3.87577        93.5237        14.4745        40.5052        29.4141       -2247.65     /gpfs/hpu/EHT2/KORAL/SANE/SANE_a+0.75_300x192x192_KORAL/m_1_1_160/image_a+0.75_909_163_0_230.e9_6.2e9_1.52787e+29_160.dat
        10       0.977554        3.69514        207.105        29.3414         18.019        22.0394       -1876.24     /gpfs/hpu/EHT2/KORAL/SANE/SANE_a+0.75_300x192x192_KORAL/m_1_1_160/image_a+0.75_910_163_0_230.e9_6.2e9_1.52787e+29_160.dat
        11       0.858353        3.51662         195.17        45.2503        17.3899        27.8904       -2253.06     /gpfs/hpu/EHT2/KORAL/SANE/SANE_a+0.75_300x192x192_KORAL/m_1_1_160/image_a+0.75_911_163_0_230.e9_6.2e9_1.52787e+29_160.dat
        12        0.62849        3.42454        182.632         43.691        16.3193        26.6529       -2114.98     /gpfs/hpu/EHT2/KORAL/SANE/SANE_a+0.75_300x192x192_KORAL/m_1_1_160/image_a+0.75_912_163_0_230.e9_6.2e9_1.52787e+29_160.dat
        13        1.36354        5.42278        102.006         31.498        36.6093        33.7851       -2619.29     /gpfs/hpu/EHT2/KORAL/SANE/SANE_a+0.75_300x192x192_KORAL/m_1_1_160/image_a+0.75_913_163_0_230.e9_6.2e9_1.52787e+29_160.dat
        14       0.654616        3.66393        74.0866        39.7226        46.4394        42.7658       -3188.56     /gpfs/hpu/EHT2/KORAL/SANE/SANE_a+0.75_300x192x192_KORAL/m_1_1_160/image_a+0.75_914_163_0_230.e9_6.2e9_1.52787e+29_160.dat
        15       0.670561        3.44564        68.1158        30.9672          41.07        36.1936       -2773.06     /gpfs/hpu/EHT2/KORAL/SANE/SANE_a+0.75_300x192x192_KORAL/m_1_1_160/image_a+0.75_915_163_0_230.e9_6.2e9_1.52787e+29_160.dat
        16       0.552145        3.67896        73.3727        14.5913        28.6927        22.5322       -1781.43     /gpfs/hpu/EHT2/KORAL/SANE/SANE_a+0.75_300x192x192_KORAL/m_1_1_160/image_a+0.75_916_163_0_230.e9_6.2e9_1.52787e+29_160.dat
        17        0.48983        3.44789        167.659        32.7225         20.941        25.0749       -1953.87     /gpfs/hpu/EHT2/KORAL/SANE/SANE_a+0.75_300x192x192_KORAL/m_1_1_160/image_a+0.75_917_163_0_230.e9_6.2e9_1.52787e+29_160.dat
        18       0.563173        3.41956        98.0394        16.6284        36.6282        27.9825        -2146.3     /gpfs/hpu/EHT2/KORAL/SANE/SANE_a+0.75_300x192x192_KORAL/m_1_1_160/image_a+0.75_918_163_0_230.e9_6.2e9_1.52787e+29_160.dat
        19       0.592894          3.229        163.734        45.2256        29.9401        35.2411       -2674.27     /gpfs/hpu/EHT2/KORAL/SANE/SANE_a+0.75_300x192x192_KORAL/m_1_1_160/image_a+0.75_919_163_0_230.e9_6.2e9_1.52787e+29_160.dat
        20        0.87182        3.48826        181.803        45.2151        14.4391        26.1461        -2148.8     /gpfs/hpu/EHT2/KORAL/SANE/SANE_a+0.75_300x192x192_KORAL/m_1_1_160/image_a+0.75_920_163_0_230.e9_6.2e9_1.52787e+29_160.dat
        21       0.694141         3.5808        177.243        33.9391        14.0521        21.5105       -1776.23     /gpfs/hpu/EHT2/KORAL/SANE/SANE_a+0.75_300x192x192_KORAL/m_1_1_160/image_a+0.75_921_163_0_230.e9_6.2e9_1.52787e+29_160.dat
        22       0.620836        3.51041        172.461        36.3073         11.885        21.1655       -1738.14     /gpfs/hpu/EHT2/KORAL/SANE/SANE_a+0.75_300x192x192_KORAL/m_1_1_160/image_a+0.75_922_163_0_230.e9_6.2e9_1.52787e+29_160.dat
        23       0.513996         3.6219        177.711        26.8041        10.6723        16.7387       -1424.43     /gpfs/hpu/EHT2/KORAL/SANE/SANE_a+0.75_300x192x192_KORAL/m_1_1_160/image_a+0.75_923_163_0_230.e9_6.2e9_1.52787e+29_160.dat
        24       0.593772        3.59663        100.104        24.3219        19.9248        21.1945       -1721.97     /gpfs/hpu/EHT2/KORAL/SANE/SANE_a+0.75_300x192x192_KORAL/m_1_1_160/image_a+0.75_924_163_0_230.e9_6.2e9_1.52787e+29_160.dat
        25       0.574725        3.64242        97.7618        20.7362        23.9474        22.1517       -1771.48     /gpfs/hpu/EHT2/KORAL/SANE/SANE_a+0.75_300x192x192_KORAL/m_1_1_160/image_a+0.75_925_163_0_230.e9_6.2e9_1.52787e+29_160.dat
        26       0.554101        3.60721        90.2956        15.6711        25.3754        21.0089       -1683.74     /gpfs/hpu/EHT2/KORAL/SANE/SANE_a+0.75_300x192x192_KORAL/m_1_1_160/image_a+0.75_926_163_0_230.e9_6.2e9_1.52787e+29_160.dat
        27       0.619467        3.71524        84.4315        26.4196        32.3182         29.283       -2257.11     /gpfs/hpu/EHT2/KORAL/SANE/SANE_a+0.75_300x192x192_KORAL/m_1_1_160/image_a+0.75_927_163_0_230.e9_6.2e9_1.52787e+29_160.dat
        28       0.764538         3.6221        151.437        57.8484        24.7178        37.1136       -2806.78     /gpfs/hpu/EHT2/KORAL/SANE/SANE_a+0.75_300x192x192_KORAL/m_1_1_160/image_a+0.75_928_163_0_230.e9_6.2e9_1.52787e+29_160.dat
        29        0.65008        3.66237        137.772        51.6559        17.8795         30.682        -2345.3     /gpfs/hpu/EHT2/KORAL/SANE/SANE_a+0.75_300x192x192_KORAL/m_1_1_160/image_a+0.75_929_163_0_230.e9_6.2e9_1.52787e+29_160.dat
        30        0.74291        3.78078        79.2407        14.0411        23.7666         19.428       -1604.44     /gpfs/hpu/EHT2/KORAL/SANE/SANE_a+0.75_300x192x192_KORAL/m_1_1_160/image_a+0.75_930_163_0_230.e9_6.2e9_1.52787e+29_160.dat
        31       0.635321        3.75581        134.563        25.0545        11.5799         16.587       -1423.28     /gpfs/hpu/EHT2/KORAL/SANE/SANE_a+0.75_300x192x192_KORAL/m_1_1_160/image_a+0.75_931_163_0_230.e9_6.2e9_1.52787e+29_160.dat
        32       0.474606        3.55955        189.667        34.6711        18.1049        24.1735       -1894.39     /gpfs/hpu/EHT2/KORAL/SANE/SANE_a+0.75_300x192x192_KORAL/m_1_1_160/image_a+0.75_932_163_0_230.e9_6.2e9_1.52787e+29_160.dat
        33       0.541315        3.57677        179.484        24.2995        13.7054        17.5383       -1498.22     /gpfs/hpu/EHT2/KORAL/SANE/SANE_a+0.75_300x192x192_KORAL/m_1_1_160/image_a+0.75_933_163_0_230.e9_6.2e9_1.52787e+29_160.dat
        34       0.934983        3.52714        89.3462        19.4771        18.6188        18.5344       -1604.14     /gpfs/hpu/EHT2/KORAL/SANE/SANE_a+0.75_300x192x192_KORAL/m_1_1_160/image_a+0.75_934_163_0_230.e9_6.2e9_1.52787e+29_160.dat
        35       0.460137        3.69357        86.9192        8.58056        19.8872         15.018        -1271.8     /gpfs/hpu/EHT2/KORAL/SANE/SANE_a+0.75_300x192x192_KORAL/m_1_1_160/image_a+0.75_935_163_0_230.e9_6.2e9_1.52787e+29_160.dat
        36       0.509539         3.6235        82.1657        19.7872        26.4939        23.2742       -1838.04     /gpfs/hpu/EHT2/KORAL/SANE/SANE_a+0.75_300x192x192_KORAL/m_1_1_160/image_a+0.75_936_163_0_230.e9_6.2e9_1.52787e+29_160.dat
        37       0.534597        3.62427        168.725        33.4062        15.2949         22.031        -1773.9     /gpfs/hpu/EHT2/KORAL/SANE/SANE_a+0.75_300x192x192_KORAL/m_1_1_160/image_a+0.75_937_163_0_230.e9_6.2e9_1.52787e+29_160.dat
        38       0.605652        3.41302         170.87        42.2133        14.8832        25.2329       -2021.48     /gpfs/hpu/EHT2/KORAL/SANE/SANE_a+0.75_300x192x192_KORAL/m_1_1_160/image_a+0.75_938_163_0_230.e9_6.2e9_1.52787e+29_160.dat
        39       0.626012        3.67169        179.142        40.9054        12.1489         23.118       -1867.56     /gpfs/hpu/EHT2/KORAL/SANE/SANE_a+0.75_300x192x192_KORAL/m_1_1_160/image_a+0.75_939_163_0_230.e9_6.2e9_1.52787e+29_160.dat
        40       0.516842         3.6593        178.412        32.9358        14.4763         21.367       -1735.68     /gpfs/hpu/EHT2/KORAL/SANE/SANE_a+0.75_300x192x192_KORAL/m_1_1_160/image_a+0.75_940_163_0_230.e9_6.2e9_1.52787e+29_160.dat
        41       0.671945        3.63624        192.544         37.471        13.3569        22.4837       -1847.89     /gpfs/hpu/EHT2/KORAL/SANE/SANE_a+0.75_300x192x192_KORAL/m_1_1_160/image_a+0.75_941_163_0_230.e9_6.2e9_1.52787e+29_160.dat
        42       0.684525        3.60183        192.498        35.5038        13.4173          21.75       -1798.61     /gpfs/hpu/EHT2/KORAL/SANE/SANE_a+0.75_300x192x192_KORAL/m_1_1_160/image_a+0.75_942_163_0_230.e9_6.2e9_1.52787e+29_160.dat
        43       0.606313        3.57541         196.07        34.8397        19.0459        24.7913       -1995.66     /gpfs/hpu/EHT2/KORAL/SANE/SANE_a+0.75_300x192x192_KORAL/m_1_1_160/image_a+0.75_943_163_0_230.e9_6.2e9_1.52787e+29_160.dat
        44       0.541942        3.50036        186.529        55.3325        26.9631        37.4467       -2820.35     /gpfs/hpu/EHT2/KORAL/SANE/SANE_a+0.75_300x192x192_KORAL/m_1_1_160/image_a+0.75_944_163_0_230.e9_6.2e9_1.52787e+29_160.dat
        45       0.522668        3.50703        181.995        55.1896        19.1954        32.8354       -2493.75     /gpfs/hpu/EHT2/KORAL/SANE/SANE_a+0.75_300x192x192_KORAL/m_1_1_160/image_a+0.75_945_163_0_230.e9_6.2e9_1.52787e+29_160.dat
        46       0.604902        3.49674        186.249        47.0735        18.6728        29.3557       -2291.47     /gpfs/hpu/EHT2/KORAL/SANE/SANE_a+0.75_300x192x192_KORAL/m_1_1_160/image_a+0.75_946_163_0_230.e9_6.2e9_1.52787e+29_160.dat
        47       0.576342        3.48413        188.043        44.3818        29.6634        34.7489       -2660.45     /gpfs/hpu/EHT2/KORAL/SANE/SANE_a+0.75_300x192x192_KORAL/m_1_1_160/image_a+0.75_947_163_0_230.e9_6.2e9_1.52787e+29_160.dat
        48       0.559786        3.51149        189.833        55.0707        46.7464        48.9466       -3598.21     /gpfs/hpu/EHT2/KORAL/SANE/SANE_a+0.75_300x192x192_KORAL/m_1_1_160/image_a+0.75_948_163_0_230.e9_6.2e9_1.52787e+29_160.dat
        49        2.17598        5.31776        111.948        39.9056        29.8726        33.1215       -2650.87     /gpfs/hpu/EHT2/KORAL/SANE/SANE_a+0.75_300x192x192_KORAL/m_1_1_160/image_a+0.75_949_163_0_230.e9_6.2e9_1.52787e+29_160.dat
        50        0.53835        3.58212        173.514        58.6722        30.8304        41.0205       -3050.87     /gpfs/hpu/EHT2/KORAL/SANE/SANE_a+0.75_300x192x192_KORAL/m_1_1_160/image_a+0.75_950_163_0_230.e9_6.2e9_1.52787e+29_160.dat
        51       0.481792        3.49215        165.176        56.8761        21.5155        34.8554       -2621.42     /gpfs/hpu/EHT2/KORAL/SANE/SANE_a+0.75_300x192x192_KORAL/m_1_1_160/image_a+0.75_951_163_0_230.e9_6.2e9_1.52787e+29_160.dat
        52       0.467131        3.42389        170.424         41.471        18.8611        27.2756       -2122.85     /gpfs/hpu/EHT2/KORAL/SANE/SANE_a+0.75_300x192x192_KORAL/m_1_1_160/image_a+0.75_952_163_0_230.e9_6.2e9_1.52787e+29_160.dat
        53       0.453011        3.25131        164.317        32.5522        16.1228        22.1827       -1775.86     /gpfs/hpu/EHT2/KORAL/SANE/SANE_a+0.75_300x192x192_KORAL/m_1_1_160/image_a+0.75_953_163_0_230.e9_6.2e9_1.52787e+29_160.dat
        54       0.656086        3.15624        183.247        35.1501         13.656        21.7517       -1834.75     /gpfs/hpu/EHT2/KORAL/SANE/SANE_a+0.75_300x192x192_KORAL/m_1_1_160/image_a+0.75_954_163_0_230.e9_6.2e9_1.52787e+29_160.dat
        55        0.57311        3.17334        191.424        31.0367         13.052        19.7892       -1690.96     /gpfs/hpu/EHT2/KORAL/SANE/SANE_a+0.75_300x192x192_KORAL/m_1_1_160/image_a+0.75_955_163_0_230.e9_6.2e9_1.52787e+29_160.dat
        56       0.678891        3.26724        193.024        46.5198        14.4186        26.6442       -2157.71     /gpfs/hpu/EHT2/KORAL/SANE/SANE_a+0.75_300x192x192_KORAL/m_1_1_160/image_a+0.75_956_163_0_230.e9_6.2e9_1.52787e+29_160.dat
        57       0.947878        3.50221        201.503        52.8167        18.2418        31.3483       -2568.63     /gpfs/hpu/EHT2/KORAL/SANE/SANE_a+0.75_300x192x192_KORAL/m_1_1_160/image_a+0.75_957_163_0_230.e9_6.2e9_1.52787e+29_160.dat
        58       0.492031        3.43936        185.395        47.0496        17.5205        28.6705       -2222.42     /gpfs/hpu/EHT2/KORAL/SANE/SANE_a+0.75_300x192x192_KORAL/m_1_1_160/image_a+0.75_958_163_0_230.e9_6.2e9_1.52787e+29_160.dat
        59       0.539445         3.4431         185.35         49.133        16.0074        28.5977       -2245.39     /gpfs/hpu/EHT2/KORAL/SANE/SANE_a+0.75_300x192x192_KORAL/m_1_1_160/image_a+0.75_959_163_0_230.e9_6.2e9_1.52787e+29_160.dat
        60       0.467359        3.36121        176.913        59.5296        17.7456         33.682       -2555.57     /gpfs/hpu/EHT2/KORAL/SANE/SANE_a+0.75_300x192x192_KORAL/m_1_1_160/image_a+0.75_960_163_0_230.e9_6.2e9_1.52787e+29_160.dat
        61       0.479112         3.5668        180.583        54.1122        20.8702        33.3963       -2537.05     /gpfs/hpu/EHT2/KORAL/SANE/SANE_a+0.75_300x192x192_KORAL/m_1_1_160/image_a+0.75_961_163_0_230.e9_6.2e9_1.52787e+29_160.dat
        62       0.561643        3.56713        183.771        45.6011        17.9564        28.3598        -2217.4     /gpfs/hpu/EHT2/KORAL/SANE/SANE_a+0.75_300x192x192_KORAL/m_1_1_160/image_a+0.75_962_163_0_230.e9_6.2e9_1.52787e+29_160.dat
        63       0.554199         3.4407        175.258        55.1125         17.745        31.9546        -2447.9     /gpfs/hpu/EHT2/KORAL/SANE/SANE_a+0.75_300x192x192_KORAL/m_1_1_160/image_a+0.75_963_163_0_230.e9_6.2e9_1.52787e+29_160.dat
        64       0.542687        3.28556        181.111        62.8372        19.5177        36.0144       -2725.51     /gpfs/hpu/EHT2/KORAL/SANE/SANE_a+0.75_300x192x192_KORAL/m_1_1_160/image_a+0.75_964_163_0_230.e9_6.2e9_1.52787e+29_160.dat
        65       0.689825         3.3137        193.909        50.0985        18.3692        30.3603       -2391.01     /gpfs/hpu/EHT2/KORAL/SANE/SANE_a+0.75_300x192x192_KORAL/m_1_1_160/image_a+0.75_965_163_0_230.e9_6.2e9_1.52787e+29_160.dat
        66        1.10656        3.69394        204.609        79.0541        25.5052        45.8663       -3501.57     /gpfs/hpu/EHT2/KORAL/SANE/SANE_a+0.75_300x192x192_KORAL/m_1_1_160/image_a+0.75_966_163_0_230.e9_6.2e9_1.52787e+29_160.dat
        67       0.579341        3.71865         187.19        75.9374        26.2618        45.0914       -3334.81     /gpfs/hpu/EHT2/KORAL/SANE/SANE_a+0.75_300x192x192_KORAL/m_1_1_160/image_a+0.75_967_163_0_230.e9_6.2e9_1.52787e+29_160.dat
        68       0.544721        3.48843        189.103        78.9926        26.5415          46.45       -3413.57     /gpfs/hpu/EHT2/KORAL/SANE/SANE_a+0.75_300x192x192_KORAL/m_1_1_160/image_a+0.75_968_163_0_230.e9_6.2e9_1.52787e+29_160.dat
        69       0.899954        3.92508        205.959        66.4082        28.0985        42.4429       -3328.33     /gpfs/hpu/EHT2/KORAL/SANE/SANE_a+0.75_300x192x192_KORAL/m_1_1_160/image_a+0.75_969_163_0_230.e9_6.2e9_1.52787e+29_160.dat
        70       0.993148        4.39466        202.151        49.7501        28.8897         36.394       -2864.67     /gpfs/hpu/EHT2/KORAL/SANE/SANE_a+0.75_300x192x192_KORAL/m_1_1_160/image_a+0.75_970_163_0_230.e9_6.2e9_1.52787e+29_160.dat
        71       0.874133        3.79563        199.394        58.4572        21.7867        35.6326       -2785.59     /gpfs/hpu/EHT2/KORAL/SANE/SANE_a+0.75_300x192x192_KORAL/m_1_1_160/image_a+0.75_971_163_0_230.e9_6.2e9_1.52787e+29_160.dat
        72       0.704024        3.74071        193.665        51.4316        19.7221        31.6749       -2485.85     /gpfs/hpu/EHT2/KORAL/SANE/SANE_a+0.75_300x192x192_KORAL/m_1_1_160/image_a+0.75_972_163_0_230.e9_6.2e9_1.52787e+29_160.dat
        73       0.666277        3.67316        189.075        57.8964        20.7707        34.8175       -2680.43     /gpfs/hpu/EHT2/KORAL/SANE/SANE_a+0.75_300x192x192_KORAL/m_1_1_160/image_a+0.75_973_163_0_230.e9_6.2e9_1.52787e+29_160.dat
        74        1.83513        5.55454        101.584        46.7144        41.2335        42.4463       -3288.93     /gpfs/hpu/EHT2/KORAL/SANE/SANE_a+0.75_300x192x192_KORAL/m_1_1_160/image_a+0.75_974_163_0_230.e9_6.2e9_1.52787e+29_160.dat
        75        1.72533         5.3858        94.7341        38.8803        40.0748        38.7039       -2991.46     /gpfs/hpu/EHT2/KORAL/SANE/SANE_a+0.75_300x192x192_KORAL/m_1_1_160/image_a+0.75_975_163_0_230.e9_6.2e9_1.52787e+29_160.dat
        76       0.775653        3.56739        180.685        47.1073        18.4658        29.2475        -2302.7     /gpfs/hpu/EHT2/KORAL/SANE/SANE_a+0.75_300x192x192_KORAL/m_1_1_160/image_a+0.75_976_163_0_230.e9_6.2e9_1.52787e+29_160.dat
        77       0.546027        3.37953        174.095        52.7711        20.1245        32.4346       -2463.27     /gpfs/hpu/EHT2/KORAL/SANE/SANE_a+0.75_300x192x192_KORAL/m_1_1_160/image_a+0.75_977_163_0_230.e9_6.2e9_1.52787e+29_160.dat
        78       0.427423        3.40728        168.361        40.9385        24.3914        30.3108       -2316.29     /gpfs/hpu/EHT2/KORAL/SANE/SANE_a+0.75_300x192x192_KORAL/m_1_1_160/image_a+0.75_978_163_0_230.e9_6.2e9_1.52787e+29_160.dat
        79       0.459629        3.19381        82.9007        15.2242        31.0094        24.1382       -1880.77     /gpfs/hpu/EHT2/KORAL/SANE/SANE_a+0.75_300x192x192_KORAL/m_1_1_160/image_a+0.75_979_163_0_230.e9_6.2e9_1.52787e+29_160.dat
        80       0.455251         2.9943        134.087        37.2304        27.1625        30.4861       -2342.89     /gpfs/hpu/EHT2/KORAL/SANE/SANE_a+0.75_300x192x192_KORAL/m_1_1_160/image_a+0.75_980_163_0_230.e9_6.2e9_1.52787e+29_160.dat
        81       0.858007         3.3528         200.84         33.732         22.878        26.6056       -2157.92     /gpfs/hpu/EHT2/KORAL/SANE/SANE_a+0.75_300x192x192_KORAL/m_1_1_160/image_a+0.75_981_163_0_230.e9_6.2e9_1.52787e+29_160.dat
        82        0.67658        3.28867        185.424        39.8634        15.1768        24.4864       -1961.26     /gpfs/hpu/EHT2/KORAL/SANE/SANE_a+0.75_300x192x192_KORAL/m_1_1_160/image_a+0.75_982_163_0_230.e9_6.2e9_1.52787e+29_160.dat
        83       0.900257        3.35608        206.097         35.304        17.9876        24.3522       -2031.31     /gpfs/hpu/EHT2/KORAL/SANE/SANE_a+0.75_300x192x192_KORAL/m_1_1_160/image_a+0.75_983_163_0_230.e9_6.2e9_1.52787e+29_160.dat
        84       0.835212        3.49722        212.024        30.0398        15.4973        20.8335       -1783.31     /gpfs/hpu/EHT2/KORAL/SANE/SANE_a+0.75_300x192x192_KORAL/m_1_1_160/image_a+0.75_984_163_0_230.e9_6.2e9_1.52787e+29_160.dat
        85       0.801252        3.80466        206.497        24.7858        12.1574        16.8206       -1504.37     /gpfs/hpu/EHT2/KORAL/SANE/SANE_a+0.75_300x192x192_KORAL/m_1_1_160/image_a+0.75_985_163_0_230.e9_6.2e9_1.52787e+29_160.dat
        86       0.540014        3.59427        189.566         36.454        16.4537        23.9022       -1901.16     /gpfs/hpu/EHT2/KORAL/SANE/SANE_a+0.75_300x192x192_KORAL/m_1_1_160/image_a+0.75_986_163_0_230.e9_6.2e9_1.52787e+29_160.dat
        87         1.0258        3.74623        200.624        42.8099        18.7251        27.7193       -2286.69     /gpfs/hpu/EHT2/KORAL/SANE/SANE_a+0.75_300x192x192_KORAL/m_1_1_160/image_a+0.75_987_163_0_230.e9_6.2e9_1.52787e+29_160.dat
        88       0.914803         3.6681        197.454        60.9911        17.5547        34.1413       -2667.19     /gpfs/hpu/EHT2/KORAL/SANE/SANE_a+0.75_300x192x192_KORAL/m_1_1_160/image_a+0.75_988_163_0_230.e9_6.2e9_1.52787e+29_160.dat
        89        1.01458        3.99851        204.521        63.1086        24.1096        38.8135       -2999.95     /gpfs/hpu/EHT2/KORAL/SANE/SANE_a+0.75_300x192x192_KORAL/m_1_1_160/image_a+0.75_989_163_0_230.e9_6.2e9_1.52787e+29_160.dat
        90       0.548648        3.74832        181.811         59.679        21.2543        35.7981       -2691.37     /gpfs/hpu/EHT2/KORAL/SANE/SANE_a+0.75_300x192x192_KORAL/m_1_1_160/image_a+0.75_990_163_0_230.e9_6.2e9_1.52787e+29_160.dat
        91        1.06154        3.88835        215.851          51.14        27.1714        35.9297       -2892.78     /gpfs/hpu/EHT2/KORAL/SANE/SANE_a+0.75_300x192x192_KORAL/m_1_1_160/image_a+0.75_991_163_0_230.e9_6.2e9_1.52787e+29_160.dat
        92       0.641337        3.67903        212.522        51.8742        18.9927        31.4202       -2424.58     /gpfs/hpu/EHT2/KORAL/SANE/SANE_a+0.75_300x192x192_KORAL/m_1_1_160/image_a+0.75_992_163_0_230.e9_6.2e9_1.52787e+29_160.dat
        93         0.5733        3.65992        198.162        65.2022        26.0054        40.7439       -3023.39     /gpfs/hpu/EHT2/KORAL/SANE/SANE_a+0.75_300x192x192_KORAL/m_1_1_160/image_a+0.75_993_163_0_230.e9_6.2e9_1.52787e+29_160.dat
        94       0.488684        3.46706        186.195        58.9913        16.7961        32.9146       -2492.52     /gpfs/hpu/EHT2/KORAL/SANE/SANE_a+0.75_300x192x192_KORAL/m_1_1_160/image_a+0.75_994_163_0_230.e9_6.2e9_1.52787e+29_160.dat
        95       0.518905        3.83208        180.857        59.1033        22.7154        36.4299       -2731.76     /gpfs/hpu/EHT2/KORAL/SANE/SANE_a+0.75_300x192x192_KORAL/m_1_1_160/image_a+0.75_995_163_0_230.e9_6.2e9_1.52787e+29_160.dat
        96       0.683748        3.63235         188.03        62.8051        21.3908        37.1004       -2830.45     /gpfs/hpu/EHT2/KORAL/SANE/SANE_a+0.75_300x192x192_KORAL/m_1_1_160/image_a+0.75_996_163_0_230.e9_6.2e9_1.52787e+29_160.dat
        97       0.717097        3.71633        189.311        47.5166        18.6831         29.535       -2334.23     /gpfs/hpu/EHT2/KORAL/SANE/SANE_a+0.75_300x192x192_KORAL/m_1_1_160/image_a+0.75_997_163_0_230.e9_6.2e9_1.52787e+29_160.dat
        98       0.592892        3.58555        183.415        47.1652         18.409        29.2368       -2279.41     /gpfs/hpu/EHT2/KORAL/SANE/SANE_a+0.75_300x192x192_KORAL/m_1_1_160/image_a+0.75_998_163_0_230.e9_6.2e9_1.52787e+29_160.dat
        99       0.584164        3.87245        179.521         54.422         26.859        37.0297       -2788.02     /gpfs/hpu/EHT2/KORAL/SANE/SANE_a+0.75_300x192x192_KORAL/m_1_1_160/image_a+0.75_999_163_0_230.e9_6.2e9_1.52787e+29_160.dat
