   # Index         I (Jy)      M/D (uas)       PA (deg)  VA red. chisq  CP red. chisq     red. chisq     log-liklhd     FileName
         0       0.663287        4.98788        29.7126        22.5969        34.3732        28.7745       -3154.31     /gpfs/hpu/EHT2/KORAL/SANE/SANE_a+0.88_300x192x192_KORAL/m_1_1_20/image_a+0.88_900_163_0_230.e9_6.2e9_1.28298e+28_20.dat
         1       0.397285        4.60612        38.8433        12.8883        40.6366        28.0717       -3018.58     /gpfs/hpu/EHT2/KORAL/SANE/SANE_a+0.88_300x192x192_KORAL/m_1_1_20/image_a+0.88_901_163_0_230.e9_6.2e9_1.28298e+28_20.dat
         2       0.402077        4.34567        81.6937        15.6926        37.0065        27.2652       -2950.84     /gpfs/hpu/EHT2/KORAL/SANE/SANE_a+0.88_300x192x192_KORAL/m_1_1_20/image_a+0.88_902_163_0_230.e9_6.2e9_1.28298e+28_20.dat
         3       0.419694        4.61838        60.2354        9.29349        22.2462        16.3301       -1890.19     /gpfs/hpu/EHT2/KORAL/SANE/SANE_a+0.88_300x192x192_KORAL/m_1_1_20/image_a+0.88_903_163_0_230.e9_6.2e9_1.28298e+28_20.dat
         4       0.466716        4.66079        195.414        13.2735        30.7319        22.7462       -2544.91     /gpfs/hpu/EHT2/KORAL/SANE/SANE_a+0.88_300x192x192_KORAL/m_1_1_20/image_a+0.88_904_163_0_230.e9_6.2e9_1.28298e+28_20.dat
         5       0.581215        4.25076        51.6855        11.3053        39.6869        26.8645       -2952.72     /gpfs/hpu/EHT2/KORAL/SANE/SANE_a+0.88_300x192x192_KORAL/m_1_1_20/image_a+0.88_905_163_0_230.e9_6.2e9_1.28298e+28_20.dat
         6       0.401004         4.3722        96.4338        21.1045         35.718        28.8783       -3100.74     /gpfs/hpu/EHT2/KORAL/SANE/SANE_a+0.88_300x192x192_KORAL/m_1_1_20/image_a+0.88_906_163_0_230.e9_6.2e9_1.28298e+28_20.dat
         7       0.602071         4.5828        77.4299        37.6279        16.6138        25.3927       -2810.58     /gpfs/hpu/EHT2/KORAL/SANE/SANE_a+0.88_300x192x192_KORAL/m_1_1_20/image_a+0.88_907_163_0_230.e9_6.2e9_1.28298e+28_20.dat
         8       0.629923        4.44013         57.631        56.0325        24.6344        37.7543       -4000.92     /gpfs/hpu/EHT2/KORAL/SANE/SANE_a+0.88_300x192x192_KORAL/m_1_1_20/image_a+0.88_908_163_0_230.e9_6.2e9_1.28298e+28_20.dat
         9       0.654263         4.7495        38.2887        26.6378        18.2786        21.5894        -2405.1     /gpfs/hpu/EHT2/KORAL/SANE/SANE_a+0.88_300x192x192_KORAL/m_1_1_20/image_a+0.88_909_163_0_230.e9_6.2e9_1.28298e+28_20.dat
        10       0.455826        4.19065        42.5434        13.5191        36.9768         26.314       -2877.69     /gpfs/hpu/EHT2/KORAL/SANE/SANE_a+0.88_300x192x192_KORAL/m_1_1_20/image_a+0.88_910_163_0_230.e9_6.2e9_1.28298e+28_20.dat
        11       0.503257        4.44214        50.2363        11.3876        13.1384        12.1812       -1472.75     /gpfs/hpu/EHT2/KORAL/SANE/SANE_a+0.88_300x192x192_KORAL/m_1_1_20/image_a+0.88_911_163_0_230.e9_6.2e9_1.28298e+28_20.dat
        12       0.454288         4.1784        169.907        6.03227        25.3458         16.646       -1941.91     /gpfs/hpu/EHT2/KORAL/SANE/SANE_a+0.88_300x192x192_KORAL/m_1_1_20/image_a+0.88_912_163_0_230.e9_6.2e9_1.28298e+28_20.dat
        13       0.451695        4.09514        78.7266        14.0534        18.0577        16.0549       -1858.78     /gpfs/hpu/EHT2/KORAL/SANE/SANE_a+0.88_300x192x192_KORAL/m_1_1_20/image_a+0.88_913_163_0_230.e9_6.2e9_1.28298e+28_20.dat
        14       0.455368        4.23514        66.3918        15.4373        18.7299        17.0228       -1934.52     /gpfs/hpu/EHT2/KORAL/SANE/SANE_a+0.88_300x192x192_KORAL/m_1_1_20/image_a+0.88_914_163_0_230.e9_6.2e9_1.28298e+28_20.dat
        15        0.42982        4.38487        47.0526         14.009        21.5999        17.9996       -2043.68     /gpfs/hpu/EHT2/KORAL/SANE/SANE_a+0.88_300x192x192_KORAL/m_1_1_20/image_a+0.88_915_163_0_230.e9_6.2e9_1.28298e+28_20.dat
        16       0.539715        4.56273        51.0322        15.2161        16.2791        15.5689       -1807.67     /gpfs/hpu/EHT2/KORAL/SANE/SANE_a+0.88_300x192x192_KORAL/m_1_1_20/image_a+0.88_916_163_0_230.e9_6.2e9_1.28298e+28_20.dat
        17       0.505885        4.33001        71.1793        17.6135         24.029        20.8965       -2326.77     /gpfs/hpu/EHT2/KORAL/SANE/SANE_a+0.88_300x192x192_KORAL/m_1_1_20/image_a+0.88_917_163_0_230.e9_6.2e9_1.28298e+28_20.dat
        18       0.617266        4.51466        51.1721        29.1232        17.7339        22.3562       -2468.32     /gpfs/hpu/EHT2/KORAL/SANE/SANE_a+0.88_300x192x192_KORAL/m_1_1_20/image_a+0.88_918_163_0_230.e9_6.2e9_1.28298e+28_20.dat
        19       0.594464        4.68485         27.189        8.81003        37.8252        24.7592       -2724.99     /gpfs/hpu/EHT2/KORAL/SANE/SANE_a+0.88_300x192x192_KORAL/m_1_1_20/image_a+0.88_919_163_0_230.e9_6.2e9_1.28298e+28_20.dat
        20       0.754194        4.08701        83.8111        19.0043        23.6073        21.2608       -2435.23     /gpfs/hpu/EHT2/KORAL/SANE/SANE_a+0.88_300x192x192_KORAL/m_1_1_20/image_a+0.88_920_163_0_230.e9_6.2e9_1.28298e+28_20.dat
        21       0.668824        4.22639        180.884        10.2408        31.2039        21.7037       -2438.51     /gpfs/hpu/EHT2/KORAL/SANE/SANE_a+0.88_300x192x192_KORAL/m_1_1_20/image_a+0.88_921_163_0_230.e9_6.2e9_1.28298e+28_20.dat
        22       0.495147        4.11168        185.329           13.3          32.67         23.832        -2648.8     /gpfs/hpu/EHT2/KORAL/SANE/SANE_a+0.88_300x192x192_KORAL/m_1_1_20/image_a+0.88_922_163_0_230.e9_6.2e9_1.28298e+28_20.dat
        23       0.435881        3.85163         58.686        23.0344        30.6318        26.8884       -2928.83     /gpfs/hpu/EHT2/KORAL/SANE/SANE_a+0.88_300x192x192_KORAL/m_1_1_20/image_a+0.88_923_163_0_230.e9_6.2e9_1.28298e+28_20.dat
        24       0.404506        3.87532        79.7178        8.73198        16.2137        12.7441       -1544.36     /gpfs/hpu/EHT2/KORAL/SANE/SANE_a+0.88_300x192x192_KORAL/m_1_1_20/image_a+0.88_924_163_0_230.e9_6.2e9_1.28298e+28_20.dat
        25       0.509002        4.38201        74.9052        15.4009        12.2389        13.4085       -1609.67     /gpfs/hpu/EHT2/KORAL/SANE/SANE_a+0.88_300x192x192_KORAL/m_1_1_20/image_a+0.88_925_163_0_230.e9_6.2e9_1.28298e+28_20.dat
        26       0.492753        4.03163        81.8027        15.7654        19.6526        17.6754       -2067.94     /gpfs/hpu/EHT2/KORAL/SANE/SANE_a+0.88_300x192x192_KORAL/m_1_1_20/image_a+0.88_926_163_0_230.e9_6.2e9_1.28298e+28_20.dat
        27       0.522792        4.28381        56.6624        11.2629        14.0282        12.6209       -1517.61     /gpfs/hpu/EHT2/KORAL/SANE/SANE_a+0.88_300x192x192_KORAL/m_1_1_20/image_a+0.88_927_163_0_230.e9_6.2e9_1.28298e+28_20.dat
        28       0.448235        4.43045         82.336        23.6215        25.7823        24.4523       -2670.44     /gpfs/hpu/EHT2/KORAL/SANE/SANE_a+0.88_300x192x192_KORAL/m_1_1_20/image_a+0.88_928_163_0_230.e9_6.2e9_1.28298e+28_20.dat
        29       0.402795        4.28141        65.8431        21.7939        25.7569        23.6522       -2578.19     /gpfs/hpu/EHT2/KORAL/SANE/SANE_a+0.88_300x192x192_KORAL/m_1_1_20/image_a+0.88_929_163_0_230.e9_6.2e9_1.28298e+28_20.dat
        30       0.470109         4.1414        54.9959        13.3085        20.9242        17.3238       -2001.49     /gpfs/hpu/EHT2/KORAL/SANE/SANE_a+0.88_300x192x192_KORAL/m_1_1_20/image_a+0.88_930_163_0_230.e9_6.2e9_1.28298e+28_20.dat
        31       0.424008        4.26853         70.048        23.9039         26.473        24.9566       -2700.98     /gpfs/hpu/EHT2/KORAL/SANE/SANE_a+0.88_300x192x192_KORAL/m_1_1_20/image_a+0.88_931_163_0_230.e9_6.2e9_1.28298e+28_20.dat
        32       0.466376        4.42641        60.8161        21.9895        26.3419        24.0607       -2648.31     /gpfs/hpu/EHT2/KORAL/SANE/SANE_a+0.88_300x192x192_KORAL/m_1_1_20/image_a+0.88_932_163_0_230.e9_6.2e9_1.28298e+28_20.dat
        33        0.56725        4.53801        43.8235        33.0742        41.8024        37.3991       -3939.33     /gpfs/hpu/EHT2/KORAL/SANE/SANE_a+0.88_300x192x192_KORAL/m_1_1_20/image_a+0.88_933_163_0_230.e9_6.2e9_1.28298e+28_20.dat
        34       0.420754        4.20354        56.4452        12.5213        39.1964        27.1155       -2935.19     /gpfs/hpu/EHT2/KORAL/SANE/SANE_a+0.88_300x192x192_KORAL/m_1_1_20/image_a+0.88_934_163_0_230.e9_6.2e9_1.28298e+28_20.dat
        35        0.54488        4.40923        187.638         13.408        25.8154        20.0783       -2279.25     /gpfs/hpu/EHT2/KORAL/SANE/SANE_a+0.88_300x192x192_KORAL/m_1_1_20/image_a+0.88_935_163_0_230.e9_6.2e9_1.28298e+28_20.dat
        36       0.391953        3.99231        53.9177        14.2947        27.8583        21.5922        -2392.1     /gpfs/hpu/EHT2/KORAL/SANE/SANE_a+0.88_300x192x192_KORAL/m_1_1_20/image_a+0.88_936_163_0_230.e9_6.2e9_1.28298e+28_20.dat
        37       0.409554        4.07713        79.1224        24.9867        21.4891        22.6592        -2492.7     /gpfs/hpu/EHT2/KORAL/SANE/SANE_a+0.88_300x192x192_KORAL/m_1_1_20/image_a+0.88_937_163_0_230.e9_6.2e9_1.28298e+28_20.dat
        38       0.402734        4.26232        60.6987        17.2807        28.5703        23.2711       -2542.87     /gpfs/hpu/EHT2/KORAL/SANE/SANE_a+0.88_300x192x192_KORAL/m_1_1_20/image_a+0.88_938_163_0_230.e9_6.2e9_1.28298e+28_20.dat
        39       0.475577        4.47558        51.9857        26.1218         14.813        19.4461       -2170.87     /gpfs/hpu/EHT2/KORAL/SANE/SANE_a+0.88_300x192x192_KORAL/m_1_1_20/image_a+0.88_939_163_0_230.e9_6.2e9_1.28298e+28_20.dat
        40       0.460781        4.48105        62.2657        16.7381         23.594        20.2789       -2254.88     /gpfs/hpu/EHT2/KORAL/SANE/SANE_a+0.88_300x192x192_KORAL/m_1_1_20/image_a+0.88_940_163_0_230.e9_6.2e9_1.28298e+28_20.dat
        41       0.494697        4.67874        195.912        17.2337        27.8784        22.8673       -2529.59     /gpfs/hpu/EHT2/KORAL/SANE/SANE_a+0.88_300x192x192_KORAL/m_1_1_20/image_a+0.88_941_163_0_230.e9_6.2e9_1.28298e+28_20.dat
        42       0.368957        3.82215        78.1816        20.2792        24.2258         22.152        -2451.3     /gpfs/hpu/EHT2/KORAL/SANE/SANE_a+0.88_300x192x192_KORAL/m_1_1_20/image_a+0.88_942_163_0_230.e9_6.2e9_1.28298e+28_20.dat
        43       0.642106        4.12564        98.7868        24.6484         32.752        28.7579       -3179.44     /gpfs/hpu/EHT2/KORAL/SANE/SANE_a+0.88_300x192x192_KORAL/m_1_1_20/image_a+0.88_943_163_0_230.e9_6.2e9_1.28298e+28_20.dat
        44        0.44722        4.11342        78.2794        18.2623        28.1285        23.4483       -2601.19     /gpfs/hpu/EHT2/KORAL/SANE/SANE_a+0.88_300x192x192_KORAL/m_1_1_20/image_a+0.88_944_163_0_230.e9_6.2e9_1.28298e+28_20.dat
        45       0.619108        4.63043        54.8923        14.1876        13.9159        13.8165       -1663.64     /gpfs/hpu/EHT2/KORAL/SANE/SANE_a+0.88_300x192x192_KORAL/m_1_1_20/image_a+0.88_945_163_0_230.e9_6.2e9_1.28298e+28_20.dat
        46       0.925469        4.66142         37.765        15.5388        37.8269        27.6539       -3064.12     /gpfs/hpu/EHT2/KORAL/SANE/SANE_a+0.88_300x192x192_KORAL/m_1_1_20/image_a+0.88_946_163_0_230.e9_6.2e9_1.28298e+28_20.dat
        47       0.451843        4.08764        85.3318        29.3436        37.9486        33.6581       -3570.32     /gpfs/hpu/EHT2/KORAL/SANE/SANE_a+0.88_300x192x192_KORAL/m_1_1_20/image_a+0.88_947_163_0_230.e9_6.2e9_1.28298e+28_20.dat
        48       0.481075        4.34909        47.0389        15.4375        31.6426        24.1817       -2650.53     /gpfs/hpu/EHT2/KORAL/SANE/SANE_a+0.88_300x192x192_KORAL/m_1_1_20/image_a+0.88_948_163_0_230.e9_6.2e9_1.28298e+28_20.dat
        49       0.455693        4.50282        55.7467        13.1025        29.0059        21.7157       -2428.88     /gpfs/hpu/EHT2/KORAL/SANE/SANE_a+0.88_300x192x192_KORAL/m_1_1_20/image_a+0.88_949_163_0_230.e9_6.2e9_1.28298e+28_20.dat
        50       0.581716        4.48513        47.5549        21.1053        35.7584         28.901       -3164.57     /gpfs/hpu/EHT2/KORAL/SANE/SANE_a+0.88_300x192x192_KORAL/m_1_1_20/image_a+0.88_950_163_0_230.e9_6.2e9_1.28298e+28_20.dat
        51       0.543762         4.5418        56.5721        21.1752        23.8283         22.317       -2521.62     /gpfs/hpu/EHT2/KORAL/SANE/SANE_a+0.88_300x192x192_KORAL/m_1_1_20/image_a+0.88_951_163_0_230.e9_6.2e9_1.28298e+28_20.dat
        52       0.566091        4.74957         44.267        18.6135        38.3741        29.2796       -3190.08     /gpfs/hpu/EHT2/KORAL/SANE/SANE_a+0.88_300x192x192_KORAL/m_1_1_20/image_a+0.88_952_163_0_230.e9_6.2e9_1.28298e+28_20.dat
        53       0.688601        4.94883        40.9518        37.2046        32.6891        34.1229       -3731.39     /gpfs/hpu/EHT2/KORAL/SANE/SANE_a+0.88_300x192x192_KORAL/m_1_1_20/image_a+0.88_953_163_0_230.e9_6.2e9_1.28298e+28_20.dat
        54       0.451203        4.52381        46.2121        26.8456        19.1683         22.172       -2429.41     /gpfs/hpu/EHT2/KORAL/SANE/SANE_a+0.88_300x192x192_KORAL/m_1_1_20/image_a+0.88_954_163_0_230.e9_6.2e9_1.28298e+28_20.dat
        55       0.484642        4.49253        52.9412        26.7806        25.7575        25.7971       -2781.66     /gpfs/hpu/EHT2/KORAL/SANE/SANE_a+0.88_300x192x192_KORAL/m_1_1_20/image_a+0.88_955_163_0_230.e9_6.2e9_1.28298e+28_20.dat
        56       0.313811        4.14791        75.6887        9.54948        25.4395        18.2105       -2090.45     /gpfs/hpu/EHT2/KORAL/SANE/SANE_a+0.88_300x192x192_KORAL/m_1_1_20/image_a+0.88_956_163_0_230.e9_6.2e9_1.28298e+28_20.dat
        57       0.382025         4.2512        85.5601        23.0739        28.5672        25.7608       -2809.91     /gpfs/hpu/EHT2/KORAL/SANE/SANE_a+0.88_300x192x192_KORAL/m_1_1_20/image_a+0.88_957_163_0_230.e9_6.2e9_1.28298e+28_20.dat
        58       0.462345        4.38822        50.5913        21.4321         27.909        24.6898       -2688.12     /gpfs/hpu/EHT2/KORAL/SANE/SANE_a+0.88_300x192x192_KORAL/m_1_1_20/image_a+0.88_958_163_0_230.e9_6.2e9_1.28298e+28_20.dat
        59       0.620768        4.44983        39.1426        23.2217        26.9682        24.9378       -2771.98     /gpfs/hpu/EHT2/KORAL/SANE/SANE_a+0.88_300x192x192_KORAL/m_1_1_20/image_a+0.88_959_163_0_230.e9_6.2e9_1.28298e+28_20.dat
        60       0.603953        4.39103        98.0726        29.4127        50.6794        40.7459       -4304.05     /gpfs/hpu/EHT2/KORAL/SANE/SANE_a+0.88_300x192x192_KORAL/m_1_1_20/image_a+0.88_960_163_0_230.e9_6.2e9_1.28298e+28_20.dat
        61       0.706491        4.48727        67.8698        17.1826        13.0403         14.619       -1743.24     /gpfs/hpu/EHT2/KORAL/SANE/SANE_a+0.88_300x192x192_KORAL/m_1_1_20/image_a+0.88_961_163_0_230.e9_6.2e9_1.28298e+28_20.dat
        62       0.542551        4.36296        186.512        7.69473        24.8865        17.1063       -2006.56     /gpfs/hpu/EHT2/KORAL/SANE/SANE_a+0.88_300x192x192_KORAL/m_1_1_20/image_a+0.88_962_163_0_230.e9_6.2e9_1.28298e+28_20.dat
        63       0.369661        3.89187         68.034        23.2007         35.715        29.7781       -3218.68     /gpfs/hpu/EHT2/KORAL/SANE/SANE_a+0.88_300x192x192_KORAL/m_1_1_20/image_a+0.88_963_163_0_230.e9_6.2e9_1.28298e+28_20.dat
        64       0.479172         4.1706        64.5562        7.21872        10.6018        8.98211       -1198.76     /gpfs/hpu/EHT2/KORAL/SANE/SANE_a+0.88_300x192x192_KORAL/m_1_1_20/image_a+0.88_964_163_0_230.e9_6.2e9_1.28298e+28_20.dat
        65       0.379278        4.01377         83.804        15.6274        24.7023        20.4157       -2273.01     /gpfs/hpu/EHT2/KORAL/SANE/SANE_a+0.88_300x192x192_KORAL/m_1_1_20/image_a+0.88_965_163_0_230.e9_6.2e9_1.28298e+28_20.dat
        66       0.415767        3.97568        64.9269        25.7059        29.9773        27.6744       -2962.17     /gpfs/hpu/EHT2/KORAL/SANE/SANE_a+0.88_300x192x192_KORAL/m_1_1_20/image_a+0.88_966_163_0_230.e9_6.2e9_1.28298e+28_20.dat
        67       0.450429        4.48942         76.845        1.82297         9.6331         6.1246       -890.449     /gpfs/hpu/EHT2/KORAL/SANE/SANE_a+0.88_300x192x192_KORAL/m_1_1_20/image_a+0.88_967_163_0_230.e9_6.2e9_1.28298e+28_20.dat
        68       0.494198        4.56108        74.5785        7.54381        19.0241        13.7913       -1661.84     /gpfs/hpu/EHT2/KORAL/SANE/SANE_a+0.88_300x192x192_KORAL/m_1_1_20/image_a+0.88_968_163_0_230.e9_6.2e9_1.28298e+28_20.dat
        69       0.431855        4.21286        48.3638        11.4613        51.0857         33.251       -3544.81     /gpfs/hpu/EHT2/KORAL/SANE/SANE_a+0.88_300x192x192_KORAL/m_1_1_20/image_a+0.88_969_163_0_230.e9_6.2e9_1.28298e+28_20.dat
        70       0.583313        4.31862        46.3758         19.055        36.3963        28.3729       -3100.28     /gpfs/hpu/EHT2/KORAL/SANE/SANE_a+0.88_300x192x192_KORAL/m_1_1_20/image_a+0.88_970_163_0_230.e9_6.2e9_1.28298e+28_20.dat
        71       0.492999         4.2167         41.853        16.2025        53.3754        36.5595       -3866.08     /gpfs/hpu/EHT2/KORAL/SANE/SANE_a+0.88_300x192x192_KORAL/m_1_1_20/image_a+0.88_971_163_0_230.e9_6.2e9_1.28298e+28_20.dat
        72       0.454169        4.23758         40.214        14.6373        43.7612        30.5562       -3275.04     /gpfs/hpu/EHT2/KORAL/SANE/SANE_a+0.88_300x192x192_KORAL/m_1_1_20/image_a+0.88_972_163_0_230.e9_6.2e9_1.28298e+28_20.dat
        73       0.493047        4.30158         59.209        18.4016        18.4959        18.1678       -2071.82     /gpfs/hpu/EHT2/KORAL/SANE/SANE_a+0.88_300x192x192_KORAL/m_1_1_20/image_a+0.88_973_163_0_230.e9_6.2e9_1.28298e+28_20.dat
        74        0.47443        4.43445        64.8453        12.8809        19.9357        16.5919       -1905.26     /gpfs/hpu/EHT2/KORAL/SANE/SANE_a+0.88_300x192x192_KORAL/m_1_1_20/image_a+0.88_974_163_0_230.e9_6.2e9_1.28298e+28_20.dat
        75       0.423787        4.19547        64.2058        10.4355         45.817         29.889       -3218.28     /gpfs/hpu/EHT2/KORAL/SANE/SANE_a+0.88_300x192x192_KORAL/m_1_1_20/image_a+0.88_975_163_0_230.e9_6.2e9_1.28298e+28_20.dat
        76       0.489952        4.38281        53.3403        16.1148        32.9018        25.1711       -2750.47     /gpfs/hpu/EHT2/KORAL/SANE/SANE_a+0.88_300x192x192_KORAL/m_1_1_20/image_a+0.88_976_163_0_230.e9_6.2e9_1.28298e+28_20.dat
        77       0.412053        4.33126        67.9219        14.5803        34.7688        25.5463        -2778.2     /gpfs/hpu/EHT2/KORAL/SANE/SANE_a+0.88_300x192x192_KORAL/m_1_1_20/image_a+0.88_977_163_0_230.e9_6.2e9_1.28298e+28_20.dat
        78       0.495158         4.4499        56.6338        27.1857        25.3018        25.7187       -2795.73     /gpfs/hpu/EHT2/KORAL/SANE/SANE_a+0.88_300x192x192_KORAL/m_1_1_20/image_a+0.88_978_163_0_230.e9_6.2e9_1.28298e+28_20.dat
        79       0.479812        4.57627          56.36        17.0451        27.0564        22.3304        -2466.7     /gpfs/hpu/EHT2/KORAL/SANE/SANE_a+0.88_300x192x192_KORAL/m_1_1_20/image_a+0.88_979_163_0_230.e9_6.2e9_1.28298e+28_20.dat
        80       0.616167        4.35387        66.0795        58.0236        27.3095        40.0936       -4242.86     /gpfs/hpu/EHT2/KORAL/SANE/SANE_a+0.88_300x192x192_KORAL/m_1_1_20/image_a+0.88_980_163_0_230.e9_6.2e9_1.28298e+28_20.dat
        81       0.634225        4.80417        53.0296        20.9137        51.8917        37.7629       -4050.92     /gpfs/hpu/EHT2/KORAL/SANE/SANE_a+0.88_300x192x192_KORAL/m_1_1_20/image_a+0.88_981_163_0_230.e9_6.2e9_1.28298e+28_20.dat
        82       0.410939        4.39073        204.776        16.1699        38.9515        28.5488       -3071.88     /gpfs/hpu/EHT2/KORAL/SANE/SANE_a+0.88_300x192x192_KORAL/m_1_1_20/image_a+0.88_982_163_0_230.e9_6.2e9_1.28298e+28_20.dat
        83       0.529586        4.23644        62.2154        27.8639        31.3157        29.3445       -3201.86     /gpfs/hpu/EHT2/KORAL/SANE/SANE_a+0.88_300x192x192_KORAL/m_1_1_20/image_a+0.88_983_163_0_230.e9_6.2e9_1.28298e+28_20.dat
        84       0.557354        4.92981        200.379        34.9956         55.021        45.5538        -4793.8     /gpfs/hpu/EHT2/KORAL/SANE/SANE_a+0.88_300x192x192_KORAL/m_1_1_20/image_a+0.88_984_163_0_230.e9_6.2e9_1.28298e+28_20.dat
        85       0.448746        4.84255        53.7518        50.3744        34.1306        40.5857       -4222.16     /gpfs/hpu/EHT2/KORAL/SANE/SANE_a+0.88_300x192x192_KORAL/m_1_1_20/image_a+0.88_985_163_0_230.e9_6.2e9_1.28298e+28_20.dat
        86       0.545372        4.65625        48.1748        43.3664        34.2323        37.6284       -3968.17     /gpfs/hpu/EHT2/KORAL/SANE/SANE_a+0.88_300x192x192_KORAL/m_1_1_20/image_a+0.88_986_163_0_230.e9_6.2e9_1.28298e+28_20.dat
        87       0.622039        5.10565        187.311        30.7046        50.2328        41.0538       -4340.23     /gpfs/hpu/EHT2/KORAL/SANE/SANE_a+0.88_300x192x192_KORAL/m_1_1_20/image_a+0.88_987_163_0_230.e9_6.2e9_1.28298e+28_20.dat
        88       0.506593        4.50214        45.3648        38.3273        29.3098        32.7322       -3518.97     /gpfs/hpu/EHT2/KORAL/SANE/SANE_a+0.88_300x192x192_KORAL/m_1_1_20/image_a+0.88_988_163_0_230.e9_6.2e9_1.28298e+28_20.dat
        89       0.422326        4.45817        188.468        16.0247        30.6334        23.8747       -2651.98     /gpfs/hpu/EHT2/KORAL/SANE/SANE_a+0.88_300x192x192_KORAL/m_1_1_20/image_a+0.88_989_163_0_230.e9_6.2e9_1.28298e+28_20.dat
        90       0.446881        4.58875        74.8438         16.122        13.8533        14.6136       -1709.84     /gpfs/hpu/EHT2/KORAL/SANE/SANE_a+0.88_300x192x192_KORAL/m_1_1_20/image_a+0.88_990_163_0_230.e9_6.2e9_1.28298e+28_20.dat
        91       0.547424        4.78353        48.3141        49.6313        29.8585        37.8977       -3974.59     /gpfs/hpu/EHT2/KORAL/SANE/SANE_a+0.88_300x192x192_KORAL/m_1_1_20/image_a+0.88_991_163_0_230.e9_6.2e9_1.28298e+28_20.dat
        92       0.509169        4.74833        186.605        35.7728         42.869        39.1509       -4142.01     /gpfs/hpu/EHT2/KORAL/SANE/SANE_a+0.88_300x192x192_KORAL/m_1_1_20/image_a+0.88_992_163_0_230.e9_6.2e9_1.28298e+28_20.dat
        93       0.457128        4.25434        84.4397        37.4214        49.4818        43.5261       -4586.64     /gpfs/hpu/EHT2/KORAL/SANE/SANE_a+0.88_300x192x192_KORAL/m_1_1_20/image_a+0.88_993_163_0_230.e9_6.2e9_1.28298e+28_20.dat
        94       0.387266        4.50684        105.102         6.9107         16.454        12.0941       -1490.76     /gpfs/hpu/EHT2/KORAL/SANE/SANE_a+0.88_300x192x192_KORAL/m_1_1_20/image_a+0.88_994_163_0_230.e9_6.2e9_1.28298e+28_20.dat
        95       0.763304        4.81707        106.329         33.057        55.3608        44.9085       -4813.41     /gpfs/hpu/EHT2/KORAL/SANE/SANE_a+0.88_300x192x192_KORAL/m_1_1_20/image_a+0.88_995_163_0_230.e9_6.2e9_1.28298e+28_20.dat
        96        0.44945        4.75986        80.1072        35.3442        22.1396        27.4741       -2972.58     /gpfs/hpu/EHT2/KORAL/SANE/SANE_a+0.88_300x192x192_KORAL/m_1_1_20/image_a+0.88_996_163_0_230.e9_6.2e9_1.28298e+28_20.dat
        97       0.698304         4.8411        33.1044        50.0607        32.4033        39.4932       -4196.85     /gpfs/hpu/EHT2/KORAL/SANE/SANE_a+0.88_300x192x192_KORAL/m_1_1_20/image_a+0.88_997_163_0_230.e9_6.2e9_1.28298e+28_20.dat
        98       0.389864        4.34578        42.3714        17.7328        37.5799        28.4604       -3047.35     /gpfs/hpu/EHT2/KORAL/SANE/SANE_a+0.88_300x192x192_KORAL/m_1_1_20/image_a+0.88_998_163_0_230.e9_6.2e9_1.28298e+28_20.dat
        99       0.439904        4.57441       -293.081        30.7582        21.9164        25.3781       -2746.54     /gpfs/hpu/EHT2/KORAL/SANE/SANE_a+0.88_300x192x192_KORAL/m_1_1_20/image_a+0.88_999_163_0_230.e9_6.2e9_1.28298e+28_20.dat
