   # Index         I (Jy)      M/D (uas)       PA (deg)  VA red. chisq  CP red. chisq     red. chisq     log-liklhd     FileName
         0        0.67245        4.08507        103.024        8.85175        28.0239        19.4131        -2833.8     /gpfs/hpu/EHT2/IHARM/MAD/MAD_a+0.94_384x192x192_IHARM/m_1_1_1/image_a+0.94_0000_163_0_230.e9_6.2e9_3.94933e+24_1.dat
         1         0.4999        3.96902        103.001        10.3508        83.8758        51.1387       -6763.75     /gpfs/hpu/EHT2/IHARM/MAD/MAD_a+0.94_384x192x192_IHARM/m_1_1_1/image_a+0.94_0001_163_0_230.e9_6.2e9_3.94933e+24_1.dat
         2         1.0039        3.35291        112.994        13.8457        66.1002        42.7553       -5891.47     /gpfs/hpu/EHT2/IHARM/MAD/MAD_a+0.94_384x192x192_IHARM/m_1_1_1/image_a+0.94_0002_163_0_230.e9_6.2e9_3.94933e+24_1.dat
         3        1.00314        3.19281         108.24        6.74867        12.6281        9.93864       -1819.69     /gpfs/hpu/EHT2/IHARM/MAD/MAD_a+0.94_384x192x192_IHARM/m_1_1_1/image_a+0.94_0003_163_0_230.e9_6.2e9_3.94933e+24_1.dat
         4       0.683165        3.37837        103.008        7.90418        49.9391         31.199        -4429.4     /gpfs/hpu/EHT2/IHARM/MAD/MAD_a+0.94_384x192x192_IHARM/m_1_1_1/image_a+0.94_0004_163_0_230.e9_6.2e9_3.94933e+24_1.dat
         5       0.643951        3.69951        112.907         11.536        14.8727        13.2531       -2086.36     /gpfs/hpu/EHT2/IHARM/MAD/MAD_a+0.94_384x192x192_IHARM/m_1_1_1/image_a+0.94_0005_163_0_230.e9_6.2e9_3.94933e+24_1.dat
         6       0.608712        3.87349        105.009        7.60027        9.13281        8.36112       -1463.39     /gpfs/hpu/EHT2/IHARM/MAD/MAD_a+0.94_384x192x192_IHARM/m_1_1_1/image_a+0.94_0006_163_0_230.e9_6.2e9_3.94933e+24_1.dat
         7       0.539221        3.55697        103.019        18.4232        37.6623        28.9059       -4099.85     /gpfs/hpu/EHT2/IHARM/MAD/MAD_a+0.94_384x192x192_IHARM/m_1_1_1/image_a+0.94_0007_163_0_230.e9_6.2e9_3.94933e+24_1.dat
         8       0.518216        3.74696        112.985         8.6935        33.2226        22.2376       -3185.27     /gpfs/hpu/EHT2/IHARM/MAD/MAD_a+0.94_384x192x192_IHARM/m_1_1_1/image_a+0.94_0008_163_0_230.e9_6.2e9_3.94933e+24_1.dat
         9       0.479296        4.12632        103.002        7.97185        14.5203        11.5193       -1812.84     /gpfs/hpu/EHT2/IHARM/MAD/MAD_a+0.94_384x192x192_IHARM/m_1_1_1/image_a+0.94_0009_163_0_230.e9_6.2e9_3.94933e+24_1.dat
        10       0.513916        3.93839        112.941        13.0665        22.1256        17.9494       -2699.77     /gpfs/hpu/EHT2/IHARM/MAD/MAD_a+0.94_384x192x192_IHARM/m_1_1_1/image_a+0.94_0010_163_0_230.e9_6.2e9_3.94933e+24_1.dat
        11       0.481739        3.92279         112.98        13.3945        13.1789        13.1125       -2049.33     /gpfs/hpu/EHT2/IHARM/MAD/MAD_a+0.94_384x192x192_IHARM/m_1_1_1/image_a+0.94_0011_163_0_230.e9_6.2e9_3.94933e+24_1.dat
        12       0.455763         3.9431        112.962        3.48477        15.5934        10.1805       -1703.99     /gpfs/hpu/EHT2/IHARM/MAD/MAD_a+0.94_384x192x192_IHARM/m_1_1_1/image_a+0.94_0012_163_0_230.e9_6.2e9_3.94933e+24_1.dat
        13       0.436174        3.82892        112.968        2.68414        5.25297         4.0811        -927.83     /gpfs/hpu/EHT2/IHARM/MAD/MAD_a+0.94_384x192x192_IHARM/m_1_1_1/image_a+0.94_0013_163_0_230.e9_6.2e9_3.94933e+24_1.dat
        14       0.413758        3.86258        103.008        9.82331         10.447        10.0515       -1621.07     /gpfs/hpu/EHT2/IHARM/MAD/MAD_a+0.94_384x192x192_IHARM/m_1_1_1/image_a+0.94_0014_163_0_230.e9_6.2e9_3.94933e+24_1.dat
        15       0.424298        3.88381        112.998        9.78042        13.1891        11.5589       -1845.29     /gpfs/hpu/EHT2/IHARM/MAD/MAD_a+0.94_384x192x192_IHARM/m_1_1_1/image_a+0.94_0015_163_0_230.e9_6.2e9_3.94933e+24_1.dat
        16       0.527838        3.63901        111.866        11.4376        13.3819        12.3812          -1978     /gpfs/hpu/EHT2/IHARM/MAD/MAD_a+0.94_384x192x192_IHARM/m_1_1_1/image_a+0.94_0016_163_0_230.e9_6.2e9_3.94933e+24_1.dat
        17       0.421911        3.80195         103.03        11.9606        15.7938        13.9489       -2146.01     /gpfs/hpu/EHT2/IHARM/MAD/MAD_a+0.94_384x192x192_IHARM/m_1_1_1/image_a+0.94_0017_163_0_230.e9_6.2e9_3.94933e+24_1.dat
        18       0.459724        3.68551        112.974        8.77415         23.288        16.7442       -2534.16     /gpfs/hpu/EHT2/IHARM/MAD/MAD_a+0.94_384x192x192_IHARM/m_1_1_1/image_a+0.94_0018_163_0_230.e9_6.2e9_3.94933e+24_1.dat
        19       0.400533        3.95529        112.984        3.60907        28.0014        17.1386       -2564.96     /gpfs/hpu/EHT2/IHARM/MAD/MAD_a+0.94_384x192x192_IHARM/m_1_1_1/image_a+0.94_0019_163_0_230.e9_6.2e9_3.94933e+24_1.dat
        20        0.55561        3.78977        112.981        12.2822        7.02444        9.20795       -1557.03     /gpfs/hpu/EHT2/IHARM/MAD/MAD_a+0.94_384x192x192_IHARM/m_1_1_1/image_a+0.94_0020_163_0_230.e9_6.2e9_3.94933e+24_1.dat
        21       0.668373        3.69693        112.766        11.4843        14.2361        12.8766       -2114.03     /gpfs/hpu/EHT2/IHARM/MAD/MAD_a+0.94_384x192x192_IHARM/m_1_1_1/image_a+0.94_0021_163_0_230.e9_6.2e9_3.94933e+24_1.dat
        22       0.483601        3.46386        103.018        25.6328        18.8065        21.5242       -3060.98     /gpfs/hpu/EHT2/IHARM/MAD/MAD_a+0.94_384x192x192_IHARM/m_1_1_1/image_a+0.94_0022_163_0_230.e9_6.2e9_3.94933e+24_1.dat
        23       0.515773        3.69714        103.096        1.76164        11.1065        6.94028       -1270.03     /gpfs/hpu/EHT2/IHARM/MAD/MAD_a+0.94_384x192x192_IHARM/m_1_1_1/image_a+0.94_0023_163_0_230.e9_6.2e9_3.94933e+24_1.dat
        24       0.941147        3.68928        112.996        28.3533        23.5229        25.3225       -3719.94     /gpfs/hpu/EHT2/IHARM/MAD/MAD_a+0.94_384x192x192_IHARM/m_1_1_1/image_a+0.94_0024_163_0_230.e9_6.2e9_3.94933e+24_1.dat
        25       0.725724         3.3109         111.88        5.94825        20.2067        13.8104        -2331.2     /gpfs/hpu/EHT2/IHARM/MAD/MAD_a+0.94_384x192x192_IHARM/m_1_1_1/image_a+0.94_0025_163_0_230.e9_6.2e9_3.94933e+24_1.dat
        26       0.508889        3.15852        112.956        14.7877        18.5518        16.7033       -2509.05     /gpfs/hpu/EHT2/IHARM/MAD/MAD_a+0.94_384x192x192_IHARM/m_1_1_1/image_a+0.94_0026_163_0_230.e9_6.2e9_3.94933e+24_1.dat
        27        0.54107        3.51237        104.454        18.7016        10.1461        13.7147       -2131.81     /gpfs/hpu/EHT2/IHARM/MAD/MAD_a+0.94_384x192x192_IHARM/m_1_1_1/image_a+0.94_0027_163_0_230.e9_6.2e9_3.94933e+24_1.dat
        28       0.800346        3.85915            103        17.7986        31.1103        24.9906       -3653.66     /gpfs/hpu/EHT2/IHARM/MAD/MAD_a+0.94_384x192x192_IHARM/m_1_1_1/image_a+0.94_0028_163_0_230.e9_6.2e9_3.94933e+24_1.dat
        29       0.440133        3.69412        112.846        10.8018         10.085        10.2722       -1660.74     /gpfs/hpu/EHT2/IHARM/MAD/MAD_a+0.94_384x192x192_IHARM/m_1_1_1/image_a+0.94_0029_163_0_230.e9_6.2e9_3.94933e+24_1.dat
        30       0.421442        3.40469        103.004        12.8841        56.6675        37.0916       -5002.75     /gpfs/hpu/EHT2/IHARM/MAD/MAD_a+0.94_384x192x192_IHARM/m_1_1_1/image_a+0.94_0030_163_0_230.e9_6.2e9_3.94933e+24_1.dat
        31       0.934862        3.70233        112.909        12.2336        9.66455        10.6561        -1954.5     /gpfs/hpu/EHT2/IHARM/MAD/MAD_a+0.94_384x192x192_IHARM/m_1_1_1/image_a+0.94_0031_163_0_230.e9_6.2e9_3.94933e+24_1.dat
        32       0.689524        3.65757        112.994        22.0465        39.9499        31.7422       -4523.58     /gpfs/hpu/EHT2/IHARM/MAD/MAD_a+0.94_384x192x192_IHARM/m_1_1_1/image_a+0.94_0032_163_0_230.e9_6.2e9_3.94933e+24_1.dat
        33        1.43039        3.40647        112.992        15.7857        43.8678        31.2211       -4680.19     /gpfs/hpu/EHT2/IHARM/MAD/MAD_a+0.94_384x192x192_IHARM/m_1_1_1/image_a+0.94_0033_163_0_230.e9_6.2e9_3.94933e+24_1.dat
        34       0.737947        3.72401        112.895        12.5036        34.7134        24.7111       -3587.28     /gpfs/hpu/EHT2/IHARM/MAD/MAD_a+0.94_384x192x192_IHARM/m_1_1_1/image_a+0.94_0034_163_0_230.e9_6.2e9_3.94933e+24_1.dat
        35       0.491446        3.86285        112.999        6.20352        9.58307        8.00903       -1397.47     /gpfs/hpu/EHT2/IHARM/MAD/MAD_a+0.94_384x192x192_IHARM/m_1_1_1/image_a+0.94_0035_163_0_230.e9_6.2e9_3.94933e+24_1.dat
        36       0.567949        3.46095        112.997        3.66126        15.0752        9.96826       -1691.07     /gpfs/hpu/EHT2/IHARM/MAD/MAD_a+0.94_384x192x192_IHARM/m_1_1_1/image_a+0.94_0036_163_0_230.e9_6.2e9_3.94933e+24_1.dat
        37       0.469954        3.78213        109.746        7.62001        7.55062        7.48922       -1312.72     /gpfs/hpu/EHT2/IHARM/MAD/MAD_a+0.94_384x192x192_IHARM/m_1_1_1/image_a+0.94_0037_163_0_230.e9_6.2e9_3.94933e+24_1.dat
        38       0.570771        4.18527        103.061         9.9532        25.0032        18.2074       -2736.82     /gpfs/hpu/EHT2/IHARM/MAD/MAD_a+0.94_384x192x192_IHARM/m_1_1_1/image_a+0.94_0038_163_0_230.e9_6.2e9_3.94933e+24_1.dat
        39       0.684893        4.10956            113        10.7917        4.78882        7.32084       -1370.77     /gpfs/hpu/EHT2/IHARM/MAD/MAD_a+0.94_384x192x192_IHARM/m_1_1_1/image_a+0.94_0039_163_0_230.e9_6.2e9_3.94933e+24_1.dat
        40       0.955013        3.73514        112.997        10.5685        91.1383        55.2738       -7695.17     /gpfs/hpu/EHT2/IHARM/MAD/MAD_a+0.94_384x192x192_IHARM/m_1_1_1/image_a+0.94_0040_163_0_230.e9_6.2e9_3.94933e+24_1.dat
        41       0.898982        3.16204        112.999        27.3779        32.0766        29.6613       -4535.65     /gpfs/hpu/EHT2/IHARM/MAD/MAD_a+0.94_384x192x192_IHARM/m_1_1_1/image_a+0.94_0041_163_0_230.e9_6.2e9_3.94933e+24_1.dat
        42       0.760664         4.3827        112.998        14.1661        88.6299        55.4302       -8656.06     /gpfs/hpu/EHT2/IHARM/MAD/MAD_a+0.94_384x192x192_IHARM/m_1_1_1/image_a+0.94_0042_163_0_230.e9_6.2e9_3.94933e+24_1.dat
        43       0.469775        4.05646        103.001        7.84353        58.6987        36.0471       -4898.71     /gpfs/hpu/EHT2/IHARM/MAD/MAD_a+0.94_384x192x192_IHARM/m_1_1_1/image_a+0.94_0043_163_0_230.e9_6.2e9_3.94933e+24_1.dat
        44       0.590577        3.95665        103.017        5.54371        7.72882        6.69256       -1301.99     /gpfs/hpu/EHT2/IHARM/MAD/MAD_a+0.94_384x192x192_IHARM/m_1_1_1/image_a+0.94_0044_163_0_230.e9_6.2e9_3.94933e+24_1.dat
        45        0.59955        3.73911        103.009        6.15175         31.707        20.2976       -2973.88     /gpfs/hpu/EHT2/IHARM/MAD/MAD_a+0.94_384x192x192_IHARM/m_1_1_1/image_a+0.94_0045_163_0_230.e9_6.2e9_3.94933e+24_1.dat
        46       0.811136        3.94956        112.975        14.0881        72.8367        46.6085       -6213.27     /gpfs/hpu/EHT2/IHARM/MAD/MAD_a+0.94_384x192x192_IHARM/m_1_1_1/image_a+0.94_0046_163_0_230.e9_6.2e9_3.94933e+24_1.dat
        47       0.579724        4.02463        112.984        31.1304        41.4116        36.4748        -5043.7     /gpfs/hpu/EHT2/IHARM/MAD/MAD_a+0.94_384x192x192_IHARM/m_1_1_1/image_a+0.94_0047_163_0_230.e9_6.2e9_3.94933e+24_1.dat
        48       0.897335        3.79835        103.012        13.2579         32.669        23.8989        -3850.8     /gpfs/hpu/EHT2/IHARM/MAD/MAD_a+0.94_384x192x192_IHARM/m_1_1_1/image_a+0.94_0048_163_0_230.e9_6.2e9_3.94933e+24_1.dat
        49        1.12812        4.19184        103.011        17.3784        26.5483        22.2708       -4031.66     /gpfs/hpu/EHT2/IHARM/MAD/MAD_a+0.94_384x192x192_IHARM/m_1_1_1/image_a+0.94_0049_163_0_230.e9_6.2e9_3.94933e+24_1.dat
        50        1.02953        4.01185        103.009        15.3886         30.219        23.4548        -3944.3     /gpfs/hpu/EHT2/IHARM/MAD/MAD_a+0.94_384x192x192_IHARM/m_1_1_1/image_a+0.94_0050_163_0_230.e9_6.2e9_3.94933e+24_1.dat
        51        1.70833        6.84028        109.766        23.0171         45.528        35.2649       -5686.55     /gpfs/hpu/EHT2/IHARM/MAD/MAD_a+0.94_384x192x192_IHARM/m_1_1_1/image_a+0.94_0051_163_0_230.e9_6.2e9_3.94933e+24_1.dat
        52        0.68393        4.05041        112.993        40.7388        56.3797        48.9494        -6557.5     /gpfs/hpu/EHT2/IHARM/MAD/MAD_a+0.94_384x192x192_IHARM/m_1_1_1/image_a+0.94_0052_163_0_230.e9_6.2e9_3.94933e+24_1.dat
        53       0.524677        4.42515        103.001        25.4283        29.6513        27.4706       -3827.61     /gpfs/hpu/EHT2/IHARM/MAD/MAD_a+0.94_384x192x192_IHARM/m_1_1_1/image_a+0.94_0053_163_0_230.e9_6.2e9_3.94933e+24_1.dat
        54       0.519665        4.63238         112.99        5.93319         6.2068        6.01367        -1156.5     /gpfs/hpu/EHT2/IHARM/MAD/MAD_a+0.94_384x192x192_IHARM/m_1_1_1/image_a+0.94_0054_163_0_230.e9_6.2e9_3.94933e+24_1.dat
        55       0.542471        4.50055        103.009        8.55737        19.0011        14.2653       -2191.71     /gpfs/hpu/EHT2/IHARM/MAD/MAD_a+0.94_384x192x192_IHARM/m_1_1_1/image_a+0.94_0055_163_0_230.e9_6.2e9_3.94933e+24_1.dat
        56       0.579051        4.43085        103.004        8.14078        79.5567        47.7818       -6458.87     /gpfs/hpu/EHT2/IHARM/MAD/MAD_a+0.94_384x192x192_IHARM/m_1_1_1/image_a+0.94_0056_163_0_230.e9_6.2e9_3.94933e+24_1.dat
        57        0.43785         4.1432        112.778        5.98817         8.6984        7.42385       -1306.96     /gpfs/hpu/EHT2/IHARM/MAD/MAD_a+0.94_384x192x192_IHARM/m_1_1_1/image_a+0.94_0057_163_0_230.e9_6.2e9_3.94933e+24_1.dat
        58       0.526848        4.03919        103.031        15.8588        24.6658        20.5676       -3056.94     /gpfs/hpu/EHT2/IHARM/MAD/MAD_a+0.94_384x192x192_IHARM/m_1_1_1/image_a+0.94_0058_163_0_230.e9_6.2e9_3.94933e+24_1.dat
        59       0.360654        4.00037        107.451        8.02555        8.79032        8.35403       -1419.32     /gpfs/hpu/EHT2/IHARM/MAD/MAD_a+0.94_384x192x192_IHARM/m_1_1_1/image_a+0.94_0059_163_0_230.e9_6.2e9_3.94933e+24_1.dat
        60       0.393731         4.0553        112.757        6.30899          8.306        7.34391       -1315.03     /gpfs/hpu/EHT2/IHARM/MAD/MAD_a+0.94_384x192x192_IHARM/m_1_1_1/image_a+0.94_0060_163_0_230.e9_6.2e9_3.94933e+24_1.dat
        61       0.362632        3.87608        103.044        11.4826        18.5726        15.2889       -2305.07     /gpfs/hpu/EHT2/IHARM/MAD/MAD_a+0.94_384x192x192_IHARM/m_1_1_1/image_a+0.94_0061_163_0_230.e9_6.2e9_3.94933e+24_1.dat
        62       0.396833        3.68752        103.001        6.99711         20.112        14.2103       -2175.07     /gpfs/hpu/EHT2/IHARM/MAD/MAD_a+0.94_384x192x192_IHARM/m_1_1_1/image_a+0.94_0062_163_0_230.e9_6.2e9_3.94933e+24_1.dat
        63       0.483213        3.69831         109.11        3.74403        11.7877        8.17464       -1518.02     /gpfs/hpu/EHT2/IHARM/MAD/MAD_a+0.94_384x192x192_IHARM/m_1_1_1/image_a+0.94_0063_163_0_230.e9_6.2e9_3.94933e+24_1.dat
        64       0.398187        3.77655        112.975        3.33204        4.21916        3.78537       -859.018     /gpfs/hpu/EHT2/IHARM/MAD/MAD_a+0.94_384x192x192_IHARM/m_1_1_1/image_a+0.94_0064_163_0_230.e9_6.2e9_3.94933e+24_1.dat
        65       0.579671        3.65074        112.983        5.52223        41.3771        25.4069        -3732.1     /gpfs/hpu/EHT2/IHARM/MAD/MAD_a+0.94_384x192x192_IHARM/m_1_1_1/image_a+0.94_0065_163_0_230.e9_6.2e9_3.94933e+24_1.dat
        66       0.561608        3.82659        112.998        5.32507         38.301        23.6102       -3443.96     /gpfs/hpu/EHT2/IHARM/MAD/MAD_a+0.94_384x192x192_IHARM/m_1_1_1/image_a+0.94_0066_163_0_230.e9_6.2e9_3.94933e+24_1.dat
        67       0.698898        4.15389        112.906         8.3193        39.6021         25.626       -3710.36     /gpfs/hpu/EHT2/IHARM/MAD/MAD_a+0.94_384x192x192_IHARM/m_1_1_1/image_a+0.94_0067_163_0_230.e9_6.2e9_3.94933e+24_1.dat
        68       0.769401       -3.65433        108.264        3.03964        59.1026        34.1992       -6376.27     /gpfs/hpu/EHT2/IHARM/MAD/MAD_a+0.94_384x192x192_IHARM/m_1_1_1/image_a+0.94_0068_163_0_230.e9_6.2e9_3.94933e+24_1.dat
        69        1.24741        3.15007        112.948        11.1751        8.97698        9.81679       -1856.77     /gpfs/hpu/EHT2/IHARM/MAD/MAD_a+0.94_384x192x192_IHARM/m_1_1_1/image_a+0.94_0069_163_0_230.e9_6.2e9_3.94933e+24_1.dat
        70       0.440065        3.42801        112.793        6.64546        8.71079        7.71433       -1348.54     /gpfs/hpu/EHT2/IHARM/MAD/MAD_a+0.94_384x192x192_IHARM/m_1_1_1/image_a+0.94_0070_163_0_230.e9_6.2e9_3.94933e+24_1.dat
        71       0.561604        3.64013        103.098         6.2687        11.6029        9.16107       -1527.12     /gpfs/hpu/EHT2/IHARM/MAD/MAD_a+0.94_384x192x192_IHARM/m_1_1_1/image_a+0.94_0071_163_0_230.e9_6.2e9_3.94933e+24_1.dat
        72       0.715437        3.76574         112.98         14.516        18.9821        16.8256       -2623.69     /gpfs/hpu/EHT2/IHARM/MAD/MAD_a+0.94_384x192x192_IHARM/m_1_1_1/image_a+0.94_0072_163_0_230.e9_6.2e9_3.94933e+24_1.dat
        73       0.563112        3.61747        103.211        12.4444        6.29693         8.8731       -1488.12     /gpfs/hpu/EHT2/IHARM/MAD/MAD_a+0.94_384x192x192_IHARM/m_1_1_1/image_a+0.94_0073_163_0_230.e9_6.2e9_3.94933e+24_1.dat
        74       0.501322        3.82048        112.174        8.81916        11.9251        10.4408       -1727.94     /gpfs/hpu/EHT2/IHARM/MAD/MAD_a+0.94_384x192x192_IHARM/m_1_1_1/image_a+0.94_0074_163_0_230.e9_6.2e9_3.94933e+24_1.dat
        75       0.629059        3.83737        103.012        17.0604        23.5996        20.4927       -3024.18     /gpfs/hpu/EHT2/IHARM/MAD/MAD_a+0.94_384x192x192_IHARM/m_1_1_1/image_a+0.94_0075_163_0_230.e9_6.2e9_3.94933e+24_1.dat
        76        1.82311        5.19221         108.16         64.499        138.168        104.712       -14533.1     /gpfs/hpu/EHT2/IHARM/MAD/MAD_a+0.94_384x192x192_IHARM/m_1_1_1/image_a+0.94_0076_163_0_230.e9_6.2e9_3.94933e+24_1.dat
        77        2.32962        5.41469        111.632        56.3353        54.8518        54.8283       -8700.74     /gpfs/hpu/EHT2/IHARM/MAD/MAD_a+0.94_384x192x192_IHARM/m_1_1_1/image_a+0.94_0077_163_0_230.e9_6.2e9_3.94933e+24_1.dat
        78       0.543502        4.02983         103.11        3.50911        8.55236        6.27299       -1196.33     /gpfs/hpu/EHT2/IHARM/MAD/MAD_a+0.94_384x192x192_IHARM/m_1_1_1/image_a+0.94_0078_163_0_230.e9_6.2e9_3.94933e+24_1.dat
        79         1.2278         4.1376        103.036        6.98044        43.2653        27.0868       -4583.06     /gpfs/hpu/EHT2/IHARM/MAD/MAD_a+0.94_384x192x192_IHARM/m_1_1_1/image_a+0.94_0079_163_0_230.e9_6.2e9_3.94933e+24_1.dat
        80        1.46813        3.62446        103.002        7.96079        69.0144        41.8379       -5978.07     /gpfs/hpu/EHT2/IHARM/MAD/MAD_a+0.94_384x192x192_IHARM/m_1_1_1/image_a+0.94_0080_163_0_230.e9_6.2e9_3.94933e+24_1.dat
        81        0.59365        4.40396        112.989        11.0173         15.656        13.4653       -2067.38     /gpfs/hpu/EHT2/IHARM/MAD/MAD_a+0.94_384x192x192_IHARM/m_1_1_1/image_a+0.94_0081_163_0_230.e9_6.2e9_3.94933e+24_1.dat
        82       0.455451        3.90945        112.776        16.4466        17.7987             17       -2506.37     /gpfs/hpu/EHT2/IHARM/MAD/MAD_a+0.94_384x192x192_IHARM/m_1_1_1/image_a+0.94_0082_163_0_230.e9_6.2e9_3.94933e+24_1.dat
        83       0.642614         3.5515        103.283        17.5417        25.2458        21.6164       -3207.08     /gpfs/hpu/EHT2/IHARM/MAD/MAD_a+0.94_384x192x192_IHARM/m_1_1_1/image_a+0.94_0083_163_0_230.e9_6.2e9_3.94933e+24_1.dat
        84       0.460736        3.98917        112.985        2.91371        6.97861        5.14038       -1033.34     /gpfs/hpu/EHT2/IHARM/MAD/MAD_a+0.94_384x192x192_IHARM/m_1_1_1/image_a+0.94_0084_163_0_230.e9_6.2e9_3.94933e+24_1.dat
        85       0.529215        3.53026        103.027        6.11728         6.9698        6.51767       -1255.59     /gpfs/hpu/EHT2/IHARM/MAD/MAD_a+0.94_384x192x192_IHARM/m_1_1_1/image_a+0.94_0085_163_0_230.e9_6.2e9_3.94933e+24_1.dat
        86        3.00013        5.44503        112.953        58.9572        146.218        106.801       -17726.3     /gpfs/hpu/EHT2/IHARM/MAD/MAD_a+0.94_384x192x192_IHARM/m_1_1_1/image_a+0.94_0086_163_0_230.e9_6.2e9_3.94933e+24_1.dat
        87       0.668821        3.95042        112.934        3.49565        4.54618        4.03793       -1007.03     /gpfs/hpu/EHT2/IHARM/MAD/MAD_a+0.94_384x192x192_IHARM/m_1_1_1/image_a+0.94_0087_163_0_230.e9_6.2e9_3.94933e+24_1.dat
        88       0.627295         3.7902        112.899        3.00659        3.88587         3.4595       -922.488     /gpfs/hpu/EHT2/IHARM/MAD/MAD_a+0.94_384x192x192_IHARM/m_1_1_1/image_a+0.94_0088_163_0_230.e9_6.2e9_3.94933e+24_1.dat
        89       0.702255        3.93298            103        2.31778        135.011         76.127       -10482.2     /gpfs/hpu/EHT2/IHARM/MAD/MAD_a+0.94_384x192x192_IHARM/m_1_1_1/image_a+0.94_0089_163_0_230.e9_6.2e9_3.94933e+24_1.dat
        90       0.753885        3.77117        112.999        8.85723             94        56.1279        -7510.8     /gpfs/hpu/EHT2/IHARM/MAD/MAD_a+0.94_384x192x192_IHARM/m_1_1_1/image_a+0.94_0090_163_0_230.e9_6.2e9_3.94933e+24_1.dat
        91        0.44075        3.70147        112.913        6.17261        69.9922        41.6105        -5556.5     /gpfs/hpu/EHT2/IHARM/MAD/MAD_a+0.94_384x192x192_IHARM/m_1_1_1/image_a+0.94_0091_163_0_230.e9_6.2e9_3.94933e+24_1.dat
        92       0.591854        3.77285            113        12.1808        27.3464        20.4724       -2942.62     /gpfs/hpu/EHT2/IHARM/MAD/MAD_a+0.94_384x192x192_IHARM/m_1_1_1/image_a+0.94_0092_163_0_230.e9_6.2e9_3.94933e+24_1.dat
        93       0.539149        3.55396        112.998        10.5162        38.4629          25.94       -3663.53     /gpfs/hpu/EHT2/IHARM/MAD/MAD_a+0.94_384x192x192_IHARM/m_1_1_1/image_a+0.94_0093_163_0_230.e9_6.2e9_3.94933e+24_1.dat
        94       0.511052        3.50892        112.863        9.64942        5.68444        7.32638       -1317.88     /gpfs/hpu/EHT2/IHARM/MAD/MAD_a+0.94_384x192x192_IHARM/m_1_1_1/image_a+0.94_0094_163_0_230.e9_6.2e9_3.94933e+24_1.dat
        95       0.482348        3.78004        112.999        2.99186        16.6166        10.5372       -1691.43     /gpfs/hpu/EHT2/IHARM/MAD/MAD_a+0.94_384x192x192_IHARM/m_1_1_1/image_a+0.94_0095_163_0_230.e9_6.2e9_3.94933e+24_1.dat
        96       0.452663        3.89647        103.121        2.61919        3.29148         2.9616       -748.137     /gpfs/hpu/EHT2/IHARM/MAD/MAD_a+0.94_384x192x192_IHARM/m_1_1_1/image_a+0.94_0096_163_0_230.e9_6.2e9_3.94933e+24_1.dat
        97       0.502607         3.6931        103.006        11.6679        32.0819        22.8862       -3341.11     /gpfs/hpu/EHT2/IHARM/MAD/MAD_a+0.94_384x192x192_IHARM/m_1_1_1/image_a+0.94_0097_163_0_230.e9_6.2e9_3.94933e+24_1.dat
        98        0.53693         3.6029        112.982         4.7429        10.8146        8.06413       -1476.51     /gpfs/hpu/EHT2/IHARM/MAD/MAD_a+0.94_384x192x192_IHARM/m_1_1_1/image_a+0.94_0098_163_0_230.e9_6.2e9_3.94933e+24_1.dat
        99       0.742783        3.90129        110.399        14.0189        27.6185        21.4168       -3237.32     /gpfs/hpu/EHT2/IHARM/MAD/MAD_a+0.94_384x192x192_IHARM/m_1_1_1/image_a+0.94_0099_163_0_230.e9_6.2e9_3.94933e+24_1.dat
