   # Index         I (Jy)      M/D (uas)       PA (deg)  VA red. chisq  CP red. chisq     red. chisq     log-liklhd     FileName
         0       0.458705        4.09801       -224.681         7.8435        9.87919        8.64886        -490.83     /gpfs/hpu/EHT2/IHARM_inc+5/MAD_a+0.5_384x192x192_IHARM/m_1_1_1/image_a+0.5_0000_158_0_230.e9_6.2e9_5.56977e+24_1.dat
         1       0.437383        4.14095       -179.746        7.10483        17.5792        12.4653       -650.964     /gpfs/hpu/EHT2/IHARM_inc+5/MAD_a+0.5_384x192x192_IHARM/m_1_1_1/image_a+0.5_0001_158_0_230.e9_6.2e9_5.56977e+24_1.dat
         2       0.444203        4.30977       -190.057          2.835        19.2902        11.5609       -603.364     /gpfs/hpu/EHT2/IHARM_inc+5/MAD_a+0.5_384x192x192_IHARM/m_1_1_1/image_a+0.5_0002_158_0_230.e9_6.2e9_5.56977e+24_1.dat
         3       0.461086        4.06545       -167.728        35.4072        13.2795        22.2384       -1064.92     /gpfs/hpu/EHT2/IHARM_inc+5/MAD_a+0.5_384x192x192_IHARM/m_1_1_1/image_a+0.5_0003_158_0_230.e9_6.2e9_5.56977e+24_1.dat
         4       0.553492         4.1282        -143.04        18.9757        22.1435        19.9812       -986.277     /gpfs/hpu/EHT2/IHARM_inc+5/MAD_a+0.5_384x192x192_IHARM/m_1_1_1/image_a+0.5_0004_158_0_230.e9_6.2e9_5.56977e+24_1.dat
         5         0.5433        4.23856       -160.659         11.264        12.1422        11.3231       -633.444     /gpfs/hpu/EHT2/IHARM_inc+5/MAD_a+0.5_384x192x192_IHARM/m_1_1_1/image_a+0.5_0005_158_0_230.e9_6.2e9_5.56977e+24_1.dat
         6       0.445747        4.00739       -168.904        32.6742         18.104        23.6606       -1144.31     /gpfs/hpu/EHT2/IHARM_inc+5/MAD_a+0.5_384x192x192_IHARM/m_1_1_1/image_a+0.5_0006_158_0_230.e9_6.2e9_5.56977e+24_1.dat
         7       0.444828        4.05529       -211.661        41.3344        12.5232        24.3625       -1141.91     /gpfs/hpu/EHT2/IHARM_inc+5/MAD_a+0.5_384x192x192_IHARM/m_1_1_1/image_a+0.5_0007_158_0_230.e9_6.2e9_5.56977e+24_1.dat
         8       0.377562        4.06612       -302.162        19.2322        27.2044        22.8064       -1065.55     /gpfs/hpu/EHT2/IHARM_inc+5/MAD_a+0.5_384x192x192_IHARM/m_1_1_1/image_a+0.5_0008_158_0_230.e9_6.2e9_5.56977e+24_1.dat
         9       0.414218        4.33373       -326.434        14.7559        36.5615        25.9166       -1208.79     /gpfs/hpu/EHT2/IHARM_inc+5/MAD_a+0.5_384x192x192_IHARM/m_1_1_1/image_a+0.5_0009_158_0_230.e9_6.2e9_5.56977e+24_1.dat
        10       0.840342        4.68007       -312.218        12.0909        33.3595        23.0609       -1110.79     /gpfs/hpu/EHT2/IHARM_inc+5/MAD_a+0.5_384x192x192_IHARM/m_1_1_1/image_a+0.5_0010_158_0_230.e9_6.2e9_5.56977e+24_1.dat
        11       0.381426        4.23761       -327.556        11.8683        29.4744        20.8813       -1004.77     /gpfs/hpu/EHT2/IHARM_inc+5/MAD_a+0.5_384x192x192_IHARM/m_1_1_1/image_a+0.5_0011_158_0_230.e9_6.2e9_5.56977e+24_1.dat
        12       0.352899        4.18147       -294.096        18.7402        12.9583        14.9521       -737.505     /gpfs/hpu/EHT2/IHARM_inc+5/MAD_a+0.5_384x192x192_IHARM/m_1_1_1/image_a+0.5_0012_158_0_230.e9_6.2e9_5.56977e+24_1.dat
        13       0.361546        3.66099       -216.328        21.1707        12.6535        15.8259       -793.996     /gpfs/hpu/EHT2/IHARM_inc+5/MAD_a+0.5_384x192x192_IHARM/m_1_1_1/image_a+0.5_0013_158_0_230.e9_6.2e9_5.56977e+24_1.dat
        14       0.739078        4.14132       -196.456        10.2816         10.726        10.1439        -634.07     /gpfs/hpu/EHT2/IHARM_inc+5/MAD_a+0.5_384x192x192_IHARM/m_1_1_1/image_a+0.5_0014_158_0_230.e9_6.2e9_5.56977e+24_1.dat
        15        0.41745        3.96496       -212.499         5.5381        10.8091        8.16385       -465.283     /gpfs/hpu/EHT2/IHARM_inc+5/MAD_a+0.5_384x192x192_IHARM/m_1_1_1/image_a+0.5_0015_158_0_230.e9_6.2e9_5.56977e+24_1.dat
        16       0.442917        3.94137       -268.523         7.3013        6.28455        6.48861       -411.622     /gpfs/hpu/EHT2/IHARM_inc+5/MAD_a+0.5_384x192x192_IHARM/m_1_1_1/image_a+0.5_0016_158_0_230.e9_6.2e9_5.56977e+24_1.dat
        17       0.500311        3.67546       -276.353        5.44718        4.13671        4.54472       -360.401     /gpfs/hpu/EHT2/IHARM_inc+5/MAD_a+0.5_384x192x192_IHARM/m_1_1_1/image_a+0.5_0017_158_0_230.e9_6.2e9_5.56977e+24_1.dat
        18       0.438842        3.55902       -160.537        10.1231        24.0388        17.2197       -852.757     /gpfs/hpu/EHT2/IHARM_inc+5/MAD_a+0.5_384x192x192_IHARM/m_1_1_1/image_a+0.5_0018_158_0_230.e9_6.2e9_5.56977e+24_1.dat
        19         0.4485        3.30038       -196.173        9.67675        32.9266        21.7982       -1042.24     /gpfs/hpu/EHT2/IHARM_inc+5/MAD_a+0.5_384x192x192_IHARM/m_1_1_1/image_a+0.5_0019_158_0_230.e9_6.2e9_5.56977e+24_1.dat
        20       0.749385        3.37325       -280.487        34.0551        26.9575        29.0007       -1365.34     /gpfs/hpu/EHT2/IHARM_inc+5/MAD_a+0.5_384x192x192_IHARM/m_1_1_1/image_a+0.5_0020_158_0_230.e9_6.2e9_5.56977e+24_1.dat
        21       0.684778        3.88776       -168.175        10.9121        34.4085        23.1207       -1126.47     /gpfs/hpu/EHT2/IHARM_inc+5/MAD_a+0.5_384x192x192_IHARM/m_1_1_1/image_a+0.5_0021_158_0_230.e9_6.2e9_5.56977e+24_1.dat
        22       0.571932        4.24175       -181.974        23.9206        15.5195        18.5376       -900.021     /gpfs/hpu/EHT2/IHARM_inc+5/MAD_a+0.5_384x192x192_IHARM/m_1_1_1/image_a+0.5_0022_158_0_230.e9_6.2e9_5.56977e+24_1.dat
        23       0.540914        3.67299       -293.137        20.3912        28.8609        24.1899       -1165.08     /gpfs/hpu/EHT2/IHARM_inc+5/MAD_a+0.5_384x192x192_IHARM/m_1_1_1/image_a+0.5_0023_158_0_230.e9_6.2e9_5.56977e+24_1.dat
        24       0.806393        3.34328       -228.607        17.0765        23.0245        19.6434       -977.347     /gpfs/hpu/EHT2/IHARM_inc+5/MAD_a+0.5_384x192x192_IHARM/m_1_1_1/image_a+0.5_0024_158_0_230.e9_6.2e9_5.56977e+24_1.dat
        25       0.656682        3.61966       -161.188        15.5043         19.343        16.9969        -854.84     /gpfs/hpu/EHT2/IHARM_inc+5/MAD_a+0.5_384x192x192_IHARM/m_1_1_1/image_a+0.5_0025_158_0_230.e9_6.2e9_5.56977e+24_1.dat
        26       0.484896        3.23183       -161.725        13.4781        12.2136        12.3065       -641.348     /gpfs/hpu/EHT2/IHARM_inc+5/MAD_a+0.5_384x192x192_IHARM/m_1_1_1/image_a+0.5_0026_158_0_230.e9_6.2e9_5.56977e+24_1.dat
        27       0.583176        3.83461       -246.859        2.51779        6.99612        4.82868       -345.192     /gpfs/hpu/EHT2/IHARM_inc+5/MAD_a+0.5_384x192x192_IHARM/m_1_1_1/image_a+0.5_0027_158_0_230.e9_6.2e9_5.56977e+24_1.dat
        28         1.0075        3.29913       -162.996        69.1785        59.4651        61.4355        -4010.9     /gpfs/hpu/EHT2/IHARM_inc+5/MAD_a+0.5_384x192x192_IHARM/m_1_1_1/image_a+0.5_0028_158_0_230.e9_6.2e9_5.56977e+24_1.dat
        29       0.905565        3.72157       -236.676         22.192        25.5776        23.1968       -1144.67     /gpfs/hpu/EHT2/IHARM_inc+5/MAD_a+0.5_384x192x192_IHARM/m_1_1_1/image_a+0.5_0029_158_0_230.e9_6.2e9_5.56977e+24_1.dat
        30       0.585444        3.66571       -263.151        11.1934        23.5232        17.3999       -871.322     /gpfs/hpu/EHT2/IHARM_inc+5/MAD_a+0.5_384x192x192_IHARM/m_1_1_1/image_a+0.5_0030_158_0_230.e9_6.2e9_5.56977e+24_1.dat
        31        0.45948        3.59919       -173.963        32.9635        10.7117        19.8175       -988.814     /gpfs/hpu/EHT2/IHARM_inc+5/MAD_a+0.5_384x192x192_IHARM/m_1_1_1/image_a+0.5_0031_158_0_230.e9_6.2e9_5.56977e+24_1.dat
        32       0.536541        4.04715       -150.956        21.2324        37.5089        29.1893       -1366.67     /gpfs/hpu/EHT2/IHARM_inc+5/MAD_a+0.5_384x192x192_IHARM/m_1_1_1/image_a+0.5_0032_158_0_230.e9_6.2e9_5.56977e+24_1.dat
        33        0.41139        3.83142       -170.457        24.6342        25.8942        24.4091       -1141.77     /gpfs/hpu/EHT2/IHARM_inc+5/MAD_a+0.5_384x192x192_IHARM/m_1_1_1/image_a+0.5_0033_158_0_230.e9_6.2e9_5.56977e+24_1.dat
        34       0.945876        4.29734       -252.217        20.4344        21.3485        20.1773       -1006.85     /gpfs/hpu/EHT2/IHARM_inc+5/MAD_a+0.5_384x192x192_IHARM/m_1_1_1/image_a+0.5_0034_158_0_230.e9_6.2e9_5.56977e+24_1.dat
        35       0.599963        4.09963       -327.967        13.6814        21.7978         17.536       -859.903     /gpfs/hpu/EHT2/IHARM_inc+5/MAD_a+0.5_384x192x192_IHARM/m_1_1_1/image_a+0.5_0035_158_0_230.e9_6.2e9_5.56977e+24_1.dat
        36       0.719058        4.17989       -324.481        11.9395        11.2917        11.1551       -590.845     /gpfs/hpu/EHT2/IHARM_inc+5/MAD_a+0.5_384x192x192_IHARM/m_1_1_1/image_a+0.5_0036_158_0_230.e9_6.2e9_5.56977e+24_1.dat
        37       0.494889        4.06492       -172.867        11.5282        11.4018        11.0386       -570.646     /gpfs/hpu/EHT2/IHARM_inc+5/MAD_a+0.5_384x192x192_IHARM/m_1_1_1/image_a+0.5_0037_158_0_230.e9_6.2e9_5.56977e+24_1.dat
        38       0.440856        3.85307        -265.88        11.0232        12.0845        11.1894        -586.21     /gpfs/hpu/EHT2/IHARM_inc+5/MAD_a+0.5_384x192x192_IHARM/m_1_1_1/image_a+0.5_0038_158_0_230.e9_6.2e9_5.56977e+24_1.dat
        39       0.537192        3.99421       -263.166        18.9659        14.7013        15.9837       -784.224     /gpfs/hpu/EHT2/IHARM_inc+5/MAD_a+0.5_384x192x192_IHARM/m_1_1_1/image_a+0.5_0039_158_0_230.e9_6.2e9_5.56977e+24_1.dat
        40       0.389633        3.84706       -181.169        18.7821        15.2036        16.1748       -805.231     /gpfs/hpu/EHT2/IHARM_inc+5/MAD_a+0.5_384x192x192_IHARM/m_1_1_1/image_a+0.5_0040_158_0_230.e9_6.2e9_5.56977e+24_1.dat
        41       0.701254         4.3081       -273.569        7.88991        15.7623        11.8255       -623.874     /gpfs/hpu/EHT2/IHARM_inc+5/MAD_a+0.5_384x192x192_IHARM/m_1_1_1/image_a+0.5_0041_158_0_230.e9_6.2e9_5.56977e+24_1.dat
        42       0.386772        4.11114       -257.099        19.8613        12.0729        14.9555       -747.813     /gpfs/hpu/EHT2/IHARM_inc+5/MAD_a+0.5_384x192x192_IHARM/m_1_1_1/image_a+0.5_0042_158_0_230.e9_6.2e9_5.56977e+24_1.dat
        43       0.515473        3.98914       -158.696         17.113        14.8575        15.2766       -787.327     /gpfs/hpu/EHT2/IHARM_inc+5/MAD_a+0.5_384x192x192_IHARM/m_1_1_1/image_a+0.5_0043_158_0_230.e9_6.2e9_5.56977e+24_1.dat
        44       0.423629        3.89152       -257.651        14.0279        12.9592        12.9413       -664.865     /gpfs/hpu/EHT2/IHARM_inc+5/MAD_a+0.5_384x192x192_IHARM/m_1_1_1/image_a+0.5_0044_158_0_230.e9_6.2e9_5.56977e+24_1.dat
        45       0.436675        3.71193       -264.461        15.6531        17.7884        16.2262       -805.752     /gpfs/hpu/EHT2/IHARM_inc+5/MAD_a+0.5_384x192x192_IHARM/m_1_1_1/image_a+0.5_0045_158_0_230.e9_6.2e9_5.56977e+24_1.dat
        46       0.484645        3.91766        -179.67        22.6733        12.6135        16.4459       -810.813     /gpfs/hpu/EHT2/IHARM_inc+5/MAD_a+0.5_384x192x192_IHARM/m_1_1_1/image_a+0.5_0046_158_0_230.e9_6.2e9_5.56977e+24_1.dat
        47       0.472647         3.7997       -175.704        16.6183        21.6223        18.6954       -913.407     /gpfs/hpu/EHT2/IHARM_inc+5/MAD_a+0.5_384x192x192_IHARM/m_1_1_1/image_a+0.5_0047_158_0_230.e9_6.2e9_5.56977e+24_1.dat
        48        0.39769        3.93945       -190.772        13.9349        11.6268        12.1866       -631.559     /gpfs/hpu/EHT2/IHARM_inc+5/MAD_a+0.5_384x192x192_IHARM/m_1_1_1/image_a+0.5_0048_158_0_230.e9_6.2e9_5.56977e+24_1.dat
        49       0.338326        3.74675       -246.564        16.0369        13.8951        14.3009       -714.522     /gpfs/hpu/EHT2/IHARM_inc+5/MAD_a+0.5_384x192x192_IHARM/m_1_1_1/image_a+0.5_0049_158_0_230.e9_6.2e9_5.56977e+24_1.dat
        50       0.470055         3.8062       -148.221         13.028         20.462        16.5404       -881.011     /gpfs/hpu/EHT2/IHARM_inc+5/MAD_a+0.5_384x192x192_IHARM/m_1_1_1/image_a+0.5_0050_158_0_230.e9_6.2e9_5.56977e+24_1.dat
        51       0.562178        3.67291       -268.611        18.1874        21.9287        19.5295       -972.847     /gpfs/hpu/EHT2/IHARM_inc+5/MAD_a+0.5_384x192x192_IHARM/m_1_1_1/image_a+0.5_0051_158_0_230.e9_6.2e9_5.56977e+24_1.dat
        52       0.410355        3.80887        -287.73        5.29605        27.1751        16.8423       -836.797     /gpfs/hpu/EHT2/IHARM_inc+5/MAD_a+0.5_384x192x192_IHARM/m_1_1_1/image_a+0.5_0052_158_0_230.e9_6.2e9_5.56977e+24_1.dat
        53       0.467474        4.13983       -299.455        22.8696        17.6077        19.2094       -913.681     /gpfs/hpu/EHT2/IHARM_inc+5/MAD_a+0.5_384x192x192_IHARM/m_1_1_1/image_a+0.5_0053_158_0_230.e9_6.2e9_5.56977e+24_1.dat
        54       0.438749        3.63271       -204.174        23.6931        15.3039        18.3247       -904.261     /gpfs/hpu/EHT2/IHARM_inc+5/MAD_a+0.5_384x192x192_IHARM/m_1_1_1/image_a+0.5_0054_158_0_230.e9_6.2e9_5.56977e+24_1.dat
        55       0.426792         3.7354       -209.982        12.6124        16.6396        14.3119        -721.64     /gpfs/hpu/EHT2/IHARM_inc+5/MAD_a+0.5_384x192x192_IHARM/m_1_1_1/image_a+0.5_0055_158_0_230.e9_6.2e9_5.56977e+24_1.dat
        56        0.46576        3.67318       -211.844        7.04815        14.5412         10.811       -579.685     /gpfs/hpu/EHT2/IHARM_inc+5/MAD_a+0.5_384x192x192_IHARM/m_1_1_1/image_a+0.5_0056_158_0_230.e9_6.2e9_5.56977e+24_1.dat
        57       0.369649        3.62666       -176.806        8.95513         9.0459        8.67621       -511.124     /gpfs/hpu/EHT2/IHARM_inc+5/MAD_a+0.5_384x192x192_IHARM/m_1_1_1/image_a+0.5_0057_158_0_230.e9_6.2e9_5.56977e+24_1.dat
        58       0.440569        3.70642       -216.716        19.6453        13.8484         15.816       -781.991     /gpfs/hpu/EHT2/IHARM_inc+5/MAD_a+0.5_384x192x192_IHARM/m_1_1_1/image_a+0.5_0058_158_0_230.e9_6.2e9_5.56977e+24_1.dat
        59       0.432546         3.9201        -204.71        11.9242        10.5204        10.7347       -568.283     /gpfs/hpu/EHT2/IHARM_inc+5/MAD_a+0.5_384x192x192_IHARM/m_1_1_1/image_a+0.5_0059_158_0_230.e9_6.2e9_5.56977e+24_1.dat
        60       0.540395         3.7546       -266.224        3.69089         5.6965        4.63204       -349.963     /gpfs/hpu/EHT2/IHARM_inc+5/MAD_a+0.5_384x192x192_IHARM/m_1_1_1/image_a+0.5_0060_158_0_230.e9_6.2e9_5.56977e+24_1.dat
        61       0.865004        3.28388       -272.728        16.0298        57.1638        37.5152        -2151.8     /gpfs/hpu/EHT2/IHARM_inc+5/MAD_a+0.5_384x192x192_IHARM/m_1_1_1/image_a+0.5_0061_158_0_230.e9_6.2e9_5.56977e+24_1.dat
        62         1.0588        3.43087       -237.967        32.5074         42.669        36.7707        -1707.5     /gpfs/hpu/EHT2/IHARM_inc+5/MAD_a+0.5_384x192x192_IHARM/m_1_1_1/image_a+0.5_0062_158_0_230.e9_6.2e9_5.56977e+24_1.dat
        63        1.77498        4.71876       -288.428        17.5821        38.6565        28.2471       -1353.34     /gpfs/hpu/EHT2/IHARM_inc+5/MAD_a+0.5_384x192x192_IHARM/m_1_1_1/image_a+0.5_0063_158_0_230.e9_6.2e9_5.56977e+24_1.dat
        64       0.767685        4.72281        -348.84        35.0815        46.9024         40.141       -1797.76     /gpfs/hpu/EHT2/IHARM_inc+5/MAD_a+0.5_384x192x192_IHARM/m_1_1_1/image_a+0.5_0064_158_0_230.e9_6.2e9_5.56977e+24_1.dat
        65       0.583571        3.85602       -238.235        27.5417        19.7297        22.3423       -1059.29     /gpfs/hpu/EHT2/IHARM_inc+5/MAD_a+0.5_384x192x192_IHARM/m_1_1_1/image_a+0.5_0065_158_0_230.e9_6.2e9_5.56977e+24_1.dat
        66       0.509092         3.6175       -209.032        6.57632         5.3278        5.66579       -372.211     /gpfs/hpu/EHT2/IHARM_inc+5/MAD_a+0.5_384x192x192_IHARM/m_1_1_1/image_a+0.5_0066_158_0_230.e9_6.2e9_5.56977e+24_1.dat
        67       0.430964        3.45617       -232.025        4.41603        8.57197        6.48448       -402.727     /gpfs/hpu/EHT2/IHARM_inc+5/MAD_a+0.5_384x192x192_IHARM/m_1_1_1/image_a+0.5_0067_158_0_230.e9_6.2e9_5.56977e+24_1.dat
        68       0.433761        3.58643        -243.18        7.95109        6.31722        6.78348       -423.697     /gpfs/hpu/EHT2/IHARM_inc+5/MAD_a+0.5_384x192x192_IHARM/m_1_1_1/image_a+0.5_0068_158_0_230.e9_6.2e9_5.56977e+24_1.dat
        69       0.570266        3.90524       -256.208        8.09455         10.046        8.84551       -547.217     /gpfs/hpu/EHT2/IHARM_inc+5/MAD_a+0.5_384x192x192_IHARM/m_1_1_1/image_a+0.5_0069_158_0_230.e9_6.2e9_5.56977e+24_1.dat
        70       0.398856        3.69724       -268.693        4.81834        16.8415        11.0935       -615.776     /gpfs/hpu/EHT2/IHARM_inc+5/MAD_a+0.5_384x192x192_IHARM/m_1_1_1/image_a+0.5_0070_158_0_230.e9_6.2e9_5.56977e+24_1.dat
        71       0.443211        3.51173       -193.829        10.2373        11.2424        10.4021       -576.224     /gpfs/hpu/EHT2/IHARM_inc+5/MAD_a+0.5_384x192x192_IHARM/m_1_1_1/image_a+0.5_0071_158_0_230.e9_6.2e9_5.56977e+24_1.dat
        72       0.522622        3.79192       -229.794        11.6872        12.0013        11.4282       -622.163     /gpfs/hpu/EHT2/IHARM_inc+5/MAD_a+0.5_384x192x192_IHARM/m_1_1_1/image_a+0.5_0072_158_0_230.e9_6.2e9_5.56977e+24_1.dat
        73       0.597997        3.97681       -193.467        2.25674        5.15517        3.72943       -344.632     /gpfs/hpu/EHT2/IHARM_inc+5/MAD_a+0.5_384x192x192_IHARM/m_1_1_1/image_a+0.5_0073_158_0_230.e9_6.2e9_5.56977e+24_1.dat
        74        0.35709        3.87999       -236.588        10.0009         14.569        12.0862       -622.222     /gpfs/hpu/EHT2/IHARM_inc+5/MAD_a+0.5_384x192x192_IHARM/m_1_1_1/image_a+0.5_0074_158_0_230.e9_6.2e9_5.56977e+24_1.dat
        75       0.454167        3.63017       -211.558        8.50847        10.1962        9.10278       -512.496     /gpfs/hpu/EHT2/IHARM_inc+5/MAD_a+0.5_384x192x192_IHARM/m_1_1_1/image_a+0.5_0075_158_0_230.e9_6.2e9_5.56977e+24_1.dat
        76       0.389525        3.63166       -181.425        14.2438        10.6037        11.7695       -620.735     /gpfs/hpu/EHT2/IHARM_inc+5/MAD_a+0.5_384x192x192_IHARM/m_1_1_1/image_a+0.5_0076_158_0_230.e9_6.2e9_5.56977e+24_1.dat
        77       0.476652        3.70568         -263.2        11.2705        8.24825        9.23645       -527.772     /gpfs/hpu/EHT2/IHARM_inc+5/MAD_a+0.5_384x192x192_IHARM/m_1_1_1/image_a+0.5_0077_158_0_230.e9_6.2e9_5.56977e+24_1.dat
        78       0.425145        3.91845       -293.976        6.69819         9.5409        7.97849       -484.711     /gpfs/hpu/EHT2/IHARM_inc+5/MAD_a+0.5_384x192x192_IHARM/m_1_1_1/image_a+0.5_0078_158_0_230.e9_6.2e9_5.56977e+24_1.dat
        79        0.40381        3.97132       -198.213        12.1759        11.7321        11.4923       -613.172     /gpfs/hpu/EHT2/IHARM_inc+5/MAD_a+0.5_384x192x192_IHARM/m_1_1_1/image_a+0.5_0079_158_0_230.e9_6.2e9_5.56977e+24_1.dat
        80       0.435903        3.81627       -288.983         7.0575         28.784        18.4574       -897.874     /gpfs/hpu/EHT2/IHARM_inc+5/MAD_a+0.5_384x192x192_IHARM/m_1_1_1/image_a+0.5_0080_158_0_230.e9_6.2e9_5.56977e+24_1.dat
        81       0.427587        4.01035       -174.216        14.3017        11.7318        12.3995       -656.573     /gpfs/hpu/EHT2/IHARM_inc+5/MAD_a+0.5_384x192x192_IHARM/m_1_1_1/image_a+0.5_0081_158_0_230.e9_6.2e9_5.56977e+24_1.dat
        82       0.403072        3.72103       -193.603        15.5924        12.1596        13.1799       -678.246     /gpfs/hpu/EHT2/IHARM_inc+5/MAD_a+0.5_384x192x192_IHARM/m_1_1_1/image_a+0.5_0082_158_0_230.e9_6.2e9_5.56977e+24_1.dat
        83        0.41661        3.72846       -206.328        9.12769         9.9729        9.24728       -534.104     /gpfs/hpu/EHT2/IHARM_inc+5/MAD_a+0.5_384x192x192_IHARM/m_1_1_1/image_a+0.5_0083_158_0_230.e9_6.2e9_5.56977e+24_1.dat
        84       0.502116         3.8531       -257.688        4.86329        15.0891        10.1724         -554.9     /gpfs/hpu/EHT2/IHARM_inc+5/MAD_a+0.5_384x192x192_IHARM/m_1_1_1/image_a+0.5_0084_158_0_230.e9_6.2e9_5.56977e+24_1.dat
        85       0.754579        3.59107       -212.145          6.034        23.3857        15.1239       -806.567     /gpfs/hpu/EHT2/IHARM_inc+5/MAD_a+0.5_384x192x192_IHARM/m_1_1_1/image_a+0.5_0085_158_0_230.e9_6.2e9_5.56977e+24_1.dat
        86       0.588133        3.83673       -248.445        2.04298        4.48124        3.27657       -266.461     /gpfs/hpu/EHT2/IHARM_inc+5/MAD_a+0.5_384x192x192_IHARM/m_1_1_1/image_a+0.5_0086_158_0_230.e9_6.2e9_5.56977e+24_1.dat
        87       0.582927        3.96747       -191.588         8.5627        8.74359        8.34649       -498.835     /gpfs/hpu/EHT2/IHARM_inc+5/MAD_a+0.5_384x192x192_IHARM/m_1_1_1/image_a+0.5_0087_158_0_230.e9_6.2e9_5.56977e+24_1.dat
        88       0.445169         3.4842       -148.497         7.7633        10.6063        9.00481        -523.91     /gpfs/hpu/EHT2/IHARM_inc+5/MAD_a+0.5_384x192x192_IHARM/m_1_1_1/image_a+0.5_0088_158_0_230.e9_6.2e9_5.56977e+24_1.dat
        89       0.677906        3.64957       -174.322        4.21372        21.2936        13.2243       -1001.61     /gpfs/hpu/EHT2/IHARM_inc+5/MAD_a+0.5_384x192x192_IHARM/m_1_1_1/image_a+0.5_0089_158_0_230.e9_6.2e9_5.56977e+24_1.dat
        90       0.545909        3.40632       -208.806        4.84393        26.3405        16.2015       -841.368     /gpfs/hpu/EHT2/IHARM_inc+5/MAD_a+0.5_384x192x192_IHARM/m_1_1_1/image_a+0.5_0090_158_0_230.e9_6.2e9_5.56977e+24_1.dat
        91       0.451344        3.38959       -277.521        9.33959        14.4041        11.7155       -637.426     /gpfs/hpu/EHT2/IHARM_inc+5/MAD_a+0.5_384x192x192_IHARM/m_1_1_1/image_a+0.5_0091_158_0_230.e9_6.2e9_5.56977e+24_1.dat
        92       0.341907        3.52831       -186.857        13.9478        19.8605        16.6102       -819.835     /gpfs/hpu/EHT2/IHARM_inc+5/MAD_a+0.5_384x192x192_IHARM/m_1_1_1/image_a+0.5_0092_158_0_230.e9_6.2e9_5.56977e+24_1.dat
        93        0.59434        3.97413       -251.109        24.7431          9.261        15.5304       -767.414     /gpfs/hpu/EHT2/IHARM_inc+5/MAD_a+0.5_384x192x192_IHARM/m_1_1_1/image_a+0.5_0093_158_0_230.e9_6.2e9_5.56977e+24_1.dat
        94       0.403967        3.46969       -276.609        4.79078         19.554        12.5372       -658.895     /gpfs/hpu/EHT2/IHARM_inc+5/MAD_a+0.5_384x192x192_IHARM/m_1_1_1/image_a+0.5_0094_158_0_230.e9_6.2e9_5.56977e+24_1.dat
        95       0.612276        3.67565        -247.15        19.9474        21.7172        20.1673       -1013.48     /gpfs/hpu/EHT2/IHARM_inc+5/MAD_a+0.5_384x192x192_IHARM/m_1_1_1/image_a+0.5_0095_158_0_230.e9_6.2e9_5.56977e+24_1.dat
        96       0.629972        4.42379       -291.358        22.1789        20.7702        20.6116       -978.775     /gpfs/hpu/EHT2/IHARM_inc+5/MAD_a+0.5_384x192x192_IHARM/m_1_1_1/image_a+0.5_0096_158_0_230.e9_6.2e9_5.56977e+24_1.dat
        97       0.607766        3.86582       -242.268        31.5715        14.1898        21.0897        -1016.6     /gpfs/hpu/EHT2/IHARM_inc+5/MAD_a+0.5_384x192x192_IHARM/m_1_1_1/image_a+0.5_0097_158_0_230.e9_6.2e9_5.56977e+24_1.dat
        98        0.43805        4.02514       -265.743        11.2557         13.032         11.797        -606.73     /gpfs/hpu/EHT2/IHARM_inc+5/MAD_a+0.5_384x192x192_IHARM/m_1_1_1/image_a+0.5_0098_158_0_230.e9_6.2e9_5.56977e+24_1.dat
        99         0.6109        3.72335       -262.279        6.92822        17.3608        12.2727       -646.608     /gpfs/hpu/EHT2/IHARM_inc+5/MAD_a+0.5_384x192x192_IHARM/m_1_1_1/image_a+0.5_0099_158_0_230.e9_6.2e9_5.56977e+24_1.dat
