   # Index         I (Jy)      M/D (uas)       PA (deg)  VA red. chisq  CP red. chisq     red. chisq     log-liklhd     FileName
         0       0.453997        3.59168        -205.48        24.5192         16.361        19.1816       -1556.65     /gpfs/hpu/EHT2/supplementary/Moscibrodzka+2016/a+0.94/m_1_1_1/image_a+0.94.1000.163_0_230.e9_6.2e9_6.91e+25_1.dat
         1       0.453912        3.51793       -238.084        20.7122        17.0308         18.086       -1489.87     /gpfs/hpu/EHT2/supplementary/Moscibrodzka+2016/a+0.94/m_1_1_1/image_a+0.94.1001.163_0_230.e9_6.2e9_6.91e+25_1.dat
         2       0.501546         3.6342       -179.833        23.3821        14.6739        17.7476        -1480.3     /gpfs/hpu/EHT2/supplementary/Moscibrodzka+2016/a+0.94/m_1_1_1/image_a+0.94.1002.163_0_230.e9_6.2e9_6.91e+25_1.dat
         3       0.457789        3.75518       -191.316        19.1805        14.6409        16.0855       -1367.14     /gpfs/hpu/EHT2/supplementary/Moscibrodzka+2016/a+0.94/m_1_1_1/image_a+0.94.1003.163_0_230.e9_6.2e9_6.91e+25_1.dat
         4       0.399647        3.61823       -218.921        17.8375         18.075        17.5744       -1442.34     /gpfs/hpu/EHT2/supplementary/Moscibrodzka+2016/a+0.94/m_1_1_1/image_a+0.94.1004.163_0_230.e9_6.2e9_6.91e+25_1.dat
         5       0.529348        3.71905       -177.817        25.9133        12.8044        17.6408       -1500.92     /gpfs/hpu/EHT2/supplementary/Moscibrodzka+2016/a+0.94/m_1_1_1/image_a+0.94.1005.163_0_230.e9_6.2e9_6.91e+25_1.dat
         6        0.55052        4.05703       -188.299        18.5313        12.9716        14.8527       -1299.59     /gpfs/hpu/EHT2/supplementary/Moscibrodzka+2016/a+0.94/m_1_1_1/image_a+0.94.1006.163_0_230.e9_6.2e9_6.91e+25_1.dat
         7       0.548335        3.85591       -180.173        34.0819         19.308        24.6488       -1966.21     /gpfs/hpu/EHT2/supplementary/Moscibrodzka+2016/a+0.94/m_1_1_1/image_a+0.94.1007.163_0_230.e9_6.2e9_6.91e+25_1.dat
         8       0.726791        3.61807       -169.292        30.3468        12.8057         19.375       -1660.44     /gpfs/hpu/EHT2/supplementary/Moscibrodzka+2016/a+0.94/m_1_1_1/image_a+0.94.1008.163_0_230.e9_6.2e9_6.91e+25_1.dat
         9       0.434012        3.43322       -178.029        48.5426        13.7232        27.0272       -2094.63     /gpfs/hpu/EHT2/supplementary/Moscibrodzka+2016/a+0.94/m_1_1_1/image_a+0.94.1009.163_0_230.e9_6.2e9_6.91e+25_1.dat
        10       0.566775        3.51894       -175.261        70.2493        24.3092        41.7224       -3087.36     /gpfs/hpu/EHT2/supplementary/Moscibrodzka+2016/a+0.94/m_1_1_1/image_a+0.94.1010.163_0_230.e9_6.2e9_6.91e+25_1.dat
        11       0.852932        4.11932        -177.86         59.382         18.846        34.2696        -2622.7     /gpfs/hpu/EHT2/supplementary/Moscibrodzka+2016/a+0.94/m_1_1_1/image_a+0.94.1011.163_0_230.e9_6.2e9_6.91e+25_1.dat
        12       0.546239        3.85451       -171.998        26.6976        13.3421        18.2628       -1522.28     /gpfs/hpu/EHT2/supplementary/Moscibrodzka+2016/a+0.94/m_1_1_1/image_a+0.94.1012.163_0_230.e9_6.2e9_6.91e+25_1.dat
        13        0.58057        3.52893       -175.233        35.0271        19.9943        25.4208       -2034.22     /gpfs/hpu/EHT2/supplementary/Moscibrodzka+2016/a+0.94/m_1_1_1/image_a+0.94.1013.163_0_230.e9_6.2e9_6.91e+25_1.dat
        14       0.684245        3.67369       -166.279        32.3686        17.5104        22.9246       -1909.74     /gpfs/hpu/EHT2/supplementary/Moscibrodzka+2016/a+0.94/m_1_1_1/image_a+0.94.1014.163_0_230.e9_6.2e9_6.91e+25_1.dat
        15       0.540012        3.62598       -185.475        41.7984        14.6917        24.9584       -1988.62     /gpfs/hpu/EHT2/supplementary/Moscibrodzka+2016/a+0.94/m_1_1_1/image_a+0.94.1015.163_0_230.e9_6.2e9_6.91e+25_1.dat
        16       0.508905        3.46713       -269.909        19.4947        19.0469        18.7924       -1562.75     /gpfs/hpu/EHT2/supplementary/Moscibrodzka+2016/a+0.94/m_1_1_1/image_a+0.94.1016.163_0_230.e9_6.2e9_6.91e+25_1.dat
        17       0.506306        3.43717        -184.72        23.4634        11.9743        16.1962       -1383.42     /gpfs/hpu/EHT2/supplementary/Moscibrodzka+2016/a+0.94/m_1_1_1/image_a+0.94.1017.163_0_230.e9_6.2e9_6.91e+25_1.dat
        18       0.671564         3.5332       -181.229        17.7128        12.2777        14.1258       -1309.64     /gpfs/hpu/EHT2/supplementary/Moscibrodzka+2016/a+0.94/m_1_1_1/image_a+0.94.1018.163_0_230.e9_6.2e9_6.91e+25_1.dat
        19       0.462332        3.62191       -189.026        17.0239        11.2206        13.2365       -1185.89     /gpfs/hpu/EHT2/supplementary/Moscibrodzka+2016/a+0.94/m_1_1_1/image_a+0.94.1019.163_0_230.e9_6.2e9_6.91e+25_1.dat
        20       0.430824        3.83338       -167.835        17.8542        11.3534         13.639       -1196.99     /gpfs/hpu/EHT2/supplementary/Moscibrodzka+2016/a+0.94/m_1_1_1/image_a+0.94.1020.163_0_230.e9_6.2e9_6.91e+25_1.dat
        21        0.60707        3.87641       -167.626        28.6592        13.9583        19.3911       -1619.51     /gpfs/hpu/EHT2/supplementary/Moscibrodzka+2016/a+0.94/m_1_1_1/image_a+0.94.1021.163_0_230.e9_6.2e9_6.91e+25_1.dat
        22       0.659629        3.93514       -175.705        37.3155        16.0731        24.0159       -1959.22     /gpfs/hpu/EHT2/supplementary/Moscibrodzka+2016/a+0.94/m_1_1_1/image_a+0.94.1022.163_0_230.e9_6.2e9_6.91e+25_1.dat
        23       0.583978        3.86991       -181.213        36.6131        12.8267        21.8373       -1796.58     /gpfs/hpu/EHT2/supplementary/Moscibrodzka+2016/a+0.94/m_1_1_1/image_a+0.94.1023.163_0_230.e9_6.2e9_6.91e+25_1.dat
        24       0.458426         3.7906        -189.45        30.2364        12.2302        18.9943       -1570.68     /gpfs/hpu/EHT2/supplementary/Moscibrodzka+2016/a+0.94/m_1_1_1/image_a+0.94.1024.163_0_230.e9_6.2e9_6.91e+25_1.dat
        25       0.442351        3.74934       -192.807        20.1023         10.545        14.0438        -1225.2     /gpfs/hpu/EHT2/supplementary/Moscibrodzka+2016/a+0.94/m_1_1_1/image_a+0.94.1025.163_0_230.e9_6.2e9_6.91e+25_1.dat
        26       0.405882        3.54998       -194.513        17.6724        11.5027        13.6554       -1203.29     /gpfs/hpu/EHT2/supplementary/Moscibrodzka+2016/a+0.94/m_1_1_1/image_a+0.94.1026.163_0_230.e9_6.2e9_6.91e+25_1.dat
        27       0.563261        3.57952        -167.27        20.3456        10.8283        14.3051       -1299.84     /gpfs/hpu/EHT2/supplementary/Moscibrodzka+2016/a+0.94/m_1_1_1/image_a+0.94.1027.163_0_230.e9_6.2e9_6.91e+25_1.dat
        28       0.501824        3.79846       -165.419        28.6564        15.3472        20.2046       -1662.26     /gpfs/hpu/EHT2/supplementary/Moscibrodzka+2016/a+0.94/m_1_1_1/image_a+0.94.1028.163_0_230.e9_6.2e9_6.91e+25_1.dat
        29       0.528842        3.90519       -173.117        37.0133        14.9944         23.265        -1859.6     /gpfs/hpu/EHT2/supplementary/Moscibrodzka+2016/a+0.94/m_1_1_1/image_a+0.94.1029.163_0_230.e9_6.2e9_6.91e+25_1.dat
        30       0.516575        3.89542       -178.837        22.7202        12.9943        16.5038       -1429.57     /gpfs/hpu/EHT2/supplementary/Moscibrodzka+2016/a+0.94/m_1_1_1/image_a+0.94.1030.163_0_230.e9_6.2e9_6.91e+25_1.dat
        31        0.40255        3.74098       -210.483        21.7062        15.1655        17.3807       -1445.56     /gpfs/hpu/EHT2/supplementary/Moscibrodzka+2016/a+0.94/m_1_1_1/image_a+0.94.1031.163_0_230.e9_6.2e9_6.91e+25_1.dat
        32       0.681876         3.7472       -160.126        20.3742        12.8271        15.4885       -1421.93     /gpfs/hpu/EHT2/supplementary/Moscibrodzka+2016/a+0.94/m_1_1_1/image_a+0.94.1032.163_0_230.e9_6.2e9_6.91e+25_1.dat
        33       0.594143        3.77602       -171.179         38.804        16.7297        24.9829       -2003.61     /gpfs/hpu/EHT2/supplementary/Moscibrodzka+2016/a+0.94/m_1_1_1/image_a+0.94.1033.163_0_230.e9_6.2e9_6.91e+25_1.dat
        34       0.514177        3.78417       -175.753        26.3535        19.7841        21.9063       -1777.67     /gpfs/hpu/EHT2/supplementary/Moscibrodzka+2016/a+0.94/m_1_1_1/image_a+0.94.1034.163_0_230.e9_6.2e9_6.91e+25_1.dat
        35       0.774056        3.72892        -154.36        40.9412        23.2612         29.649       -2433.67     /gpfs/hpu/EHT2/supplementary/Moscibrodzka+2016/a+0.94/m_1_1_1/image_a+0.94.1035.163_0_230.e9_6.2e9_6.91e+25_1.dat
        36       0.792118        3.80272       -155.764        33.7556        15.7285        22.4219       -1914.86     /gpfs/hpu/EHT2/supplementary/Moscibrodzka+2016/a+0.94/m_1_1_1/image_a+0.94.1036.163_0_230.e9_6.2e9_6.91e+25_1.dat
        37       0.781417        3.85744       -171.524        34.3396        15.6781        22.6207       -1907.55     /gpfs/hpu/EHT2/supplementary/Moscibrodzka+2016/a+0.94/m_1_1_1/image_a+0.94.1037.163_0_230.e9_6.2e9_6.91e+25_1.dat
        38       0.495739        3.64861       -187.657        21.7605        13.0034        16.1339       -1391.93     /gpfs/hpu/EHT2/supplementary/Moscibrodzka+2016/a+0.94/m_1_1_1/image_a+0.94.1038.163_0_230.e9_6.2e9_6.91e+25_1.dat
        39       0.404786        3.51749       -211.819        26.9586        17.2516        20.6577       -1659.63     /gpfs/hpu/EHT2/supplementary/Moscibrodzka+2016/a+0.94/m_1_1_1/image_a+0.94.1039.163_0_230.e9_6.2e9_6.91e+25_1.dat
        40       0.624921        3.62457       -179.385        24.8287        11.5657        16.4904       -1453.93     /gpfs/hpu/EHT2/supplementary/Moscibrodzka+2016/a+0.94/m_1_1_1/image_a+0.94.1040.163_0_230.e9_6.2e9_6.91e+25_1.dat
        41       0.478137        3.71966       -177.398        23.3139        12.6144        16.5131       -1408.79     /gpfs/hpu/EHT2/supplementary/Moscibrodzka+2016/a+0.94/m_1_1_1/image_a+0.94.1041.163_0_230.e9_6.2e9_6.91e+25_1.dat
        42       0.466965        3.79223        -174.25        26.0272        10.4567        16.3086       -1388.57     /gpfs/hpu/EHT2/supplementary/Moscibrodzka+2016/a+0.94/m_1_1_1/image_a+0.94.1042.163_0_230.e9_6.2e9_6.91e+25_1.dat
        43       0.404173         3.5939       -234.776        22.5316        21.5274        21.4345       -1726.92     /gpfs/hpu/EHT2/supplementary/Moscibrodzka+2016/a+0.94/m_1_1_1/image_a+0.94.1043.163_0_230.e9_6.2e9_6.91e+25_1.dat
        44       0.500363        3.65104       -165.981        32.6204        14.5612        21.2935       -1752.08     /gpfs/hpu/EHT2/supplementary/Moscibrodzka+2016/a+0.94/m_1_1_1/image_a+0.94.1044.163_0_230.e9_6.2e9_6.91e+25_1.dat
        45       0.701039        3.61827       -168.409        39.6045        14.3398        23.8943       -1984.87     /gpfs/hpu/EHT2/supplementary/Moscibrodzka+2016/a+0.94/m_1_1_1/image_a+0.94.1045.163_0_230.e9_6.2e9_6.91e+25_1.dat
        46        0.49677        3.64736        185.606          27.26        11.9369        17.6586       -1497.46     /gpfs/hpu/EHT2/supplementary/Moscibrodzka+2016/a+0.94/m_1_1_1/image_a+0.94.1046.163_0_230.e9_6.2e9_6.91e+25_1.dat
        47       0.386623        3.70643        105.052        12.8972        20.5204         17.077       -1414.84     /gpfs/hpu/EHT2/supplementary/Moscibrodzka+2016/a+0.94/m_1_1_1/image_a+0.94.1047.163_0_230.e9_6.2e9_6.91e+25_1.dat
        48       0.457307        3.63598        179.693         37.304        11.1823        21.1431       -1710.41     /gpfs/hpu/EHT2/supplementary/Moscibrodzka+2016/a+0.94/m_1_1_1/image_a+0.94.1048.163_0_230.e9_6.2e9_6.91e+25_1.dat
        49       0.422362        3.76023        187.057        34.7787        12.3661          20.85       -1686.06     /gpfs/hpu/EHT2/supplementary/Moscibrodzka+2016/a+0.94/m_1_1_1/image_a+0.94.1049.163_0_230.e9_6.2e9_6.91e+25_1.dat
        50       0.496821        3.80986         189.31         34.207        11.3126        20.0086        -1642.7     /gpfs/hpu/EHT2/supplementary/Moscibrodzka+2016/a+0.94/m_1_1_1/image_a+0.94.1050.163_0_230.e9_6.2e9_6.91e+25_1.dat
        51       0.420125        3.68234        191.229         40.231         13.348        23.5575       -1863.92     /gpfs/hpu/EHT2/supplementary/Moscibrodzka+2016/a+0.94/m_1_1_1/image_a+0.94.1051.163_0_230.e9_6.2e9_6.91e+25_1.dat
        52       0.494005        3.71059        191.558        48.6533        17.0775        29.0377       -2241.04     /gpfs/hpu/EHT2/supplementary/Moscibrodzka+2016/a+0.94/m_1_1_1/image_a+0.94.1052.163_0_230.e9_6.2e9_6.91e+25_1.dat
        53       0.638505        3.75548        192.363        36.9492        13.2509        22.2175       -1847.57     /gpfs/hpu/EHT2/supplementary/Moscibrodzka+2016/a+0.94/m_1_1_1/image_a+0.94.1053.163_0_230.e9_6.2e9_6.91e+25_1.dat
        54       0.622067        3.64737        189.796        31.3861        20.3715        24.2185       -1972.35     /gpfs/hpu/EHT2/supplementary/Moscibrodzka+2016/a+0.94/m_1_1_1/image_a+0.94.1054.163_0_230.e9_6.2e9_6.91e+25_1.dat
        55       0.551547        3.62303        185.174        37.8107        13.4317        22.6604       -1841.08     /gpfs/hpu/EHT2/supplementary/Moscibrodzka+2016/a+0.94/m_1_1_1/image_a+0.94.1055.163_0_230.e9_6.2e9_6.91e+25_1.dat
        56       0.723293        4.08163        191.134        37.1113        17.4953        24.7701       -2019.37     /gpfs/hpu/EHT2/supplementary/Moscibrodzka+2016/a+0.94/m_1_1_1/image_a+0.94.1056.163_0_230.e9_6.2e9_6.91e+25_1.dat
        57       0.596832        3.71367        185.718        41.6269        14.3816        24.7095       -1990.92     /gpfs/hpu/EHT2/supplementary/Moscibrodzka+2016/a+0.94/m_1_1_1/image_a+0.94.1057.163_0_230.e9_6.2e9_6.91e+25_1.dat
        58       0.706631         3.8575          194.4        37.0375        15.0851        23.3277       -1941.71     /gpfs/hpu/EHT2/supplementary/Moscibrodzka+2016/a+0.94/m_1_1_1/image_a+0.94.1058.163_0_230.e9_6.2e9_6.91e+25_1.dat
        59       0.589482        3.78891        190.219        28.0443        15.4312        20.0145       -1703.08     /gpfs/hpu/EHT2/supplementary/Moscibrodzka+2016/a+0.94/m_1_1_1/image_a+0.94.1059.163_0_230.e9_6.2e9_6.91e+25_1.dat
        60       0.545536         3.7578        184.208        50.2789        18.3711        30.4319       -2376.94     /gpfs/hpu/EHT2/supplementary/Moscibrodzka+2016/a+0.94/m_1_1_1/image_a+0.94.1060.163_0_230.e9_6.2e9_6.91e+25_1.dat
        61       0.641998        3.92167        188.619        52.8188        19.1444        31.8785       -2496.41     /gpfs/hpu/EHT2/supplementary/Moscibrodzka+2016/a+0.94/m_1_1_1/image_a+0.94.1061.163_0_230.e9_6.2e9_6.91e+25_1.dat
        62       0.527945        3.77816        181.193        33.3691        14.9277        21.8012       -1778.43     /gpfs/hpu/EHT2/supplementary/Moscibrodzka+2016/a+0.94/m_1_1_1/image_a+0.94.1062.163_0_230.e9_6.2e9_6.91e+25_1.dat
        63       0.448442        3.64437        182.233        26.3322        14.0113        18.5124       -1532.68     /gpfs/hpu/EHT2/supplementary/Moscibrodzka+2016/a+0.94/m_1_1_1/image_a+0.94.1063.163_0_230.e9_6.2e9_6.91e+25_1.dat
        64       0.553986         3.7623        192.547        29.8032        14.7631        20.3104       -1686.79     /gpfs/hpu/EHT2/supplementary/Moscibrodzka+2016/a+0.94/m_1_1_1/image_a+0.94.1064.163_0_230.e9_6.2e9_6.91e+25_1.dat
        65       0.613841        3.61876        188.607        42.4436        17.8104        27.0397       -2148.01     /gpfs/hpu/EHT2/supplementary/Moscibrodzka+2016/a+0.94/m_1_1_1/image_a+0.94.1065.163_0_230.e9_6.2e9_6.91e+25_1.dat
        66       0.539318        3.67218        183.616        45.6362        14.5668        26.3857       -2081.73     /gpfs/hpu/EHT2/supplementary/Moscibrodzka+2016/a+0.94/m_1_1_1/image_a+0.94.1066.163_0_230.e9_6.2e9_6.91e+25_1.dat
        67       0.613064        3.71992        175.526        34.9298        15.1893        22.5648        -1853.7     /gpfs/hpu/EHT2/supplementary/Moscibrodzka+2016/a+0.94/m_1_1_1/image_a+0.94.1067.163_0_230.e9_6.2e9_6.91e+25_1.dat
        68       0.499226        3.66965        169.032        29.2973        10.4021        17.5551       -1485.89     /gpfs/hpu/EHT2/supplementary/Moscibrodzka+2016/a+0.94/m_1_1_1/image_a+0.94.1068.163_0_230.e9_6.2e9_6.91e+25_1.dat
        69       0.544875         3.8701        194.795        36.2838           12.5         21.517       -1757.89     /gpfs/hpu/EHT2/supplementary/Moscibrodzka+2016/a+0.94/m_1_1_1/image_a+0.94.1069.163_0_230.e9_6.2e9_6.91e+25_1.dat
        70       0.435663         3.9014         191.87        36.7199        18.3696        25.1298       -1989.63     /gpfs/hpu/EHT2/supplementary/Moscibrodzka+2016/a+0.94/m_1_1_1/image_a+0.94.1070.163_0_230.e9_6.2e9_6.91e+25_1.dat
        71       0.660946        4.22629        190.137         59.472        21.0916        35.6217       -2739.83     /gpfs/hpu/EHT2/supplementary/Moscibrodzka+2016/a+0.94/m_1_1_1/image_a+0.94.1071.163_0_230.e9_6.2e9_6.91e+25_1.dat
        72       0.589519        3.87283        85.4953        18.4353        28.4166        23.8732       -1943.63     /gpfs/hpu/EHT2/supplementary/Moscibrodzka+2016/a+0.94/m_1_1_1/image_a+0.94.1072.163_0_230.e9_6.2e9_6.91e+25_1.dat
        73       0.530633        3.67768        182.227        50.8304        13.0209        27.5098       -2137.03     /gpfs/hpu/EHT2/supplementary/Moscibrodzka+2016/a+0.94/m_1_1_1/image_a+0.94.1073.163_0_230.e9_6.2e9_6.91e+25_1.dat
        74       0.654808        3.94211        183.618         56.982         25.125        37.0136       -2808.61     /gpfs/hpu/EHT2/supplementary/Moscibrodzka+2016/a+0.94/m_1_1_1/image_a+0.94.1074.163_0_230.e9_6.2e9_6.91e+25_1.dat
        75       0.584378        4.04202        182.607         46.032        14.5819        26.5493       -2100.03     /gpfs/hpu/EHT2/supplementary/Moscibrodzka+2016/a+0.94/m_1_1_1/image_a+0.94.1075.163_0_230.e9_6.2e9_6.91e+25_1.dat
        76       0.715167         4.1838         180.85        59.5841        21.6136        35.9717       -2733.56     /gpfs/hpu/EHT2/supplementary/Moscibrodzka+2016/a+0.94/m_1_1_1/image_a+0.94.1076.163_0_230.e9_6.2e9_6.91e+25_1.dat
        77       0.486095        3.94851        90.4439        11.0649        29.9287        21.8783       -1753.79     /gpfs/hpu/EHT2/supplementary/Moscibrodzka+2016/a+0.94/m_1_1_1/image_a+0.94.1077.163_0_230.e9_6.2e9_6.91e+25_1.dat
        78       0.583082        3.63976        189.726        65.4344        17.5911        35.8999       -2719.33     /gpfs/hpu/EHT2/supplementary/Moscibrodzka+2016/a+0.94/m_1_1_1/image_a+0.94.1078.163_0_230.e9_6.2e9_6.91e+25_1.dat
        79       0.575572        3.85096        191.723        61.4842         21.308        36.5353       -2758.38     /gpfs/hpu/EHT2/supplementary/Moscibrodzka+2016/a+0.94/m_1_1_1/image_a+0.94.1079.163_0_230.e9_6.2e9_6.91e+25_1.dat
        80       0.507694        3.76733         189.18        51.5977        21.5813        32.8302       -2515.08     /gpfs/hpu/EHT2/supplementary/Moscibrodzka+2016/a+0.94/m_1_1_1/image_a+0.94.1080.163_0_230.e9_6.2e9_6.91e+25_1.dat
        81       0.799393        4.20753        198.024         65.227        18.5777        36.3975       -2802.51     /gpfs/hpu/EHT2/supplementary/Moscibrodzka+2016/a+0.94/m_1_1_1/image_a+0.94.1081.163_0_230.e9_6.2e9_6.91e+25_1.dat
        82       0.605396         3.9752        191.248        50.3717        17.1323        29.7417       -2314.08     /gpfs/hpu/EHT2/supplementary/Moscibrodzka+2016/a+0.94/m_1_1_1/image_a+0.94.1082.163_0_230.e9_6.2e9_6.91e+25_1.dat
        83       0.616864        3.76876        184.725        40.6404        21.6613        28.5931       -2245.83     /gpfs/hpu/EHT2/supplementary/Moscibrodzka+2016/a+0.94/m_1_1_1/image_a+0.94.1083.163_0_230.e9_6.2e9_6.91e+25_1.dat
        84       0.576492        3.53731        184.837        32.4783         18.297        23.4288       -1896.04     /gpfs/hpu/EHT2/supplementary/Moscibrodzka+2016/a+0.94/m_1_1_1/image_a+0.94.1084.163_0_230.e9_6.2e9_6.91e+25_1.dat
        85       0.579721        3.41647        183.849        28.2064        17.2775        21.1607       -1762.04     /gpfs/hpu/EHT2/supplementary/Moscibrodzka+2016/a+0.94/m_1_1_1/image_a+0.94.1085.163_0_230.e9_6.2e9_6.91e+25_1.dat
        86       0.513896        3.65761        190.632        39.8284        22.0769        28.5194       -2241.04     /gpfs/hpu/EHT2/supplementary/Moscibrodzka+2016/a+0.94/m_1_1_1/image_a+0.94.1086.163_0_230.e9_6.2e9_6.91e+25_1.dat
        87       0.716658        4.24003        191.269        39.9103        18.0706        26.2018       -2113.34     /gpfs/hpu/EHT2/supplementary/Moscibrodzka+2016/a+0.94/m_1_1_1/image_a+0.94.1087.163_0_230.e9_6.2e9_6.91e+25_1.dat
        88       0.506705        3.62458        187.403         45.192        19.8683        29.3212        -2274.7     /gpfs/hpu/EHT2/supplementary/Moscibrodzka+2016/a+0.94/m_1_1_1/image_a+0.94.1088.163_0_230.e9_6.2e9_6.91e+25_1.dat
        89       0.525666         3.9833        194.389        33.0145        16.2827        22.4572       -1823.96     /gpfs/hpu/EHT2/supplementary/Moscibrodzka+2016/a+0.94/m_1_1_1/image_a+0.94.1089.163_0_230.e9_6.2e9_6.91e+25_1.dat
