   # Index         I (Jy)      M/D (uas)       PA (deg)  VA red. chisq  CP red. chisq     red. chisq     log-liklhd     FileName
         0       0.505878        2.55069        91.2194        7.25278        21.5022        14.6335       -747.407     /gpfs/hpu/EHT2/IHARM/SANE/SANE_a0_288x128x128_IHARM/m_1_1_10/image_a0_1000_163_0_230.e9_6.2e9_2.70363e+29_10.dat
         1       0.538088        2.76615        183.737        15.8853        8.27355        11.2198       -599.723     /gpfs/hpu/EHT2/IHARM/SANE/SANE_a0_288x128x128_IHARM/m_1_1_10/image_a0_1010_163_0_230.e9_6.2e9_2.70363e+29_10.dat
         2       0.676413        2.84874        108.177        5.93944        5.65866        5.57148       -366.958     /gpfs/hpu/EHT2/IHARM/SANE/SANE_a0_288x128x128_IHARM/m_1_1_10/image_a0_1020_163_0_230.e9_6.2e9_2.70363e+29_10.dat
         3       0.570316         2.3914        103.242        17.6565        18.3859        17.4019       -876.565     /gpfs/hpu/EHT2/IHARM/SANE/SANE_a0_288x128x128_IHARM/m_1_1_10/image_a0_1030_163_0_230.e9_6.2e9_2.70363e+29_10.dat
         4        0.65905        2.53905        209.497        9.69335        7.42615        8.12217       -485.132     /gpfs/hpu/EHT2/IHARM/SANE/SANE_a0_288x128x128_IHARM/m_1_1_10/image_a0_1040_163_0_230.e9_6.2e9_2.70363e+29_10.dat
         5       0.601216        2.70396        74.1893        18.0213        23.9613        20.5493       -972.829     /gpfs/hpu/EHT2/IHARM/SANE/SANE_a0_288x128x128_IHARM/m_1_1_10/image_a0_1050_163_0_230.e9_6.2e9_2.70363e+29_10.dat
         6       0.558021        2.50906        137.919        15.2612        15.9809         15.089       -760.388     /gpfs/hpu/EHT2/IHARM/SANE/SANE_a0_288x128x128_IHARM/m_1_1_10/image_a0_1060_163_0_230.e9_6.2e9_2.70363e+29_10.dat
         7       0.664816        2.65629        123.708        40.6161         10.467        22.9526       -1069.15     /gpfs/hpu/EHT2/IHARM/SANE/SANE_a0_288x128x128_IHARM/m_1_1_10/image_a0_1070_163_0_230.e9_6.2e9_2.70363e+29_10.dat
         8       0.609816        2.56207        60.1076        48.2856        22.7832        32.8348       -1488.14     /gpfs/hpu/EHT2/IHARM/SANE/SANE_a0_288x128x128_IHARM/m_1_1_10/image_a0_1080_163_0_230.e9_6.2e9_2.70363e+29_10.dat
         9        0.71021        2.38815        9.56443        11.4133        22.7832        17.0967       -873.281     /gpfs/hpu/EHT2/IHARM/SANE/SANE_a0_288x128x128_IHARM/m_1_1_10/image_a0_1090_163_0_230.e9_6.2e9_2.70363e+29_10.dat
        10        0.60669        2.48939        182.742        12.0353        7.24259        9.02331       -523.614     /gpfs/hpu/EHT2/IHARM/SANE/SANE_a0_288x128x128_IHARM/m_1_1_10/image_a0_1100_163_0_230.e9_6.2e9_2.70363e+29_10.dat
        11       0.654222        2.78632        86.8327        15.8707          22.04        18.6004       -899.518     /gpfs/hpu/EHT2/IHARM/SANE/SANE_a0_288x128x128_IHARM/m_1_1_10/image_a0_1110_163_0_230.e9_6.2e9_2.70363e+29_10.dat
        12       0.704405        2.53151       -155.959        21.7411        11.4817        15.4406       -786.996     /gpfs/hpu/EHT2/IHARM/SANE/SANE_a0_288x128x128_IHARM/m_1_1_10/image_a0_1120_163_0_230.e9_6.2e9_2.70363e+29_10.dat
        13       0.555202        2.38399        -164.94        20.7295        31.0426         25.505       -1187.81     /gpfs/hpu/EHT2/IHARM/SANE/SANE_a0_288x128x128_IHARM/m_1_1_10/image_a0_1130_163_0_230.e9_6.2e9_2.70363e+29_10.dat
        14        1.01313        2.86455       -230.153        18.1819        10.3944        13.3381       -711.392     /gpfs/hpu/EHT2/IHARM/SANE/SANE_a0_288x128x128_IHARM/m_1_1_10/image_a0_1140_163_0_230.e9_6.2e9_2.70363e+29_10.dat
        15       0.526486         2.4099       -219.454        51.0135        19.4324        32.2012       -1538.64     /gpfs/hpu/EHT2/IHARM/SANE/SANE_a0_288x128x128_IHARM/m_1_1_10/image_a0_1150_163_0_230.e9_6.2e9_2.70363e+29_10.dat
        16       0.684042         2.5968       -273.881        23.7194        17.4995        19.5141       -930.511     /gpfs/hpu/EHT2/IHARM/SANE/SANE_a0_288x128x128_IHARM/m_1_1_10/image_a0_1160_163_0_230.e9_6.2e9_2.70363e+29_10.dat
        17       0.666067        2.40026       -228.006        33.5675        18.5239        24.2673       -1164.62     /gpfs/hpu/EHT2/IHARM/SANE/SANE_a0_288x128x128_IHARM/m_1_1_10/image_a0_1170_163_0_230.e9_6.2e9_2.70363e+29_10.dat
        18       0.570808        2.24201       -190.434        9.66964        17.8486        13.7046       -732.805     /gpfs/hpu/EHT2/IHARM/SANE/SANE_a0_288x128x128_IHARM/m_1_1_10/image_a0_1180_163_0_230.e9_6.2e9_2.70363e+29_10.dat
        19        0.77112        2.32095       -230.315        31.9864        20.5246         24.666       -1144.01     /gpfs/hpu/EHT2/IHARM/SANE/SANE_a0_288x128x128_IHARM/m_1_1_10/image_a0_1190_163_0_230.e9_6.2e9_2.70363e+29_10.dat
        20        1.38379        2.60658       -264.353        8.02773        7.10499        7.23891       -513.993     /gpfs/hpu/EHT2/IHARM/SANE/SANE_a0_288x128x128_IHARM/m_1_1_10/image_a0_1200_163_0_230.e9_6.2e9_2.70363e+29_10.dat
        21       0.498977        2.38655       -183.844        8.00254        21.6719        15.0446       -758.545     /gpfs/hpu/EHT2/IHARM/SANE/SANE_a0_288x128x128_IHARM/m_1_1_10/image_a0_1210_163_0_230.e9_6.2e9_2.70363e+29_10.dat
        22       0.896268        2.61914       -238.647        14.7958        9.20701        11.2556       -618.731     /gpfs/hpu/EHT2/IHARM/SANE/SANE_a0_288x128x128_IHARM/m_1_1_10/image_a0_1220_163_0_230.e9_6.2e9_2.70363e+29_10.dat
        23       0.608073        2.72747       -163.645        18.8473        18.6664        18.0607       -903.759     /gpfs/hpu/EHT2/IHARM/SANE/SANE_a0_288x128x128_IHARM/m_1_1_10/image_a0_1230_163_0_230.e9_6.2e9_2.70363e+29_10.dat
        24          1.205        2.93346       -272.462        28.8262        6.94097        16.0283       -795.562     /gpfs/hpu/EHT2/IHARM/SANE/SANE_a0_288x128x128_IHARM/m_1_1_10/image_a0_1240_163_0_230.e9_6.2e9_2.70363e+29_10.dat
        25       0.557065        2.49626       -218.442        28.1761        11.7459        18.3291       -884.076     /gpfs/hpu/EHT2/IHARM/SANE/SANE_a0_288x128x128_IHARM/m_1_1_10/image_a0_1250_163_0_230.e9_6.2e9_2.70363e+29_10.dat
        26       0.765349        2.95412       -172.656        26.7656        22.0058        23.2323       -1104.84     /gpfs/hpu/EHT2/IHARM/SANE/SANE_a0_288x128x128_IHARM/m_1_1_10/image_a0_1260_163_0_230.e9_6.2e9_2.70363e+29_10.dat
        27        0.64211         2.6212       -308.646        18.8295        14.4429        15.7868       -795.423     /gpfs/hpu/EHT2/IHARM/SANE/SANE_a0_288x128x128_IHARM/m_1_1_10/image_a0_1270_163_0_230.e9_6.2e9_2.70363e+29_10.dat
        28        0.65648         2.6315       -165.278        13.1803        12.8469        12.5192       -659.723     /gpfs/hpu/EHT2/IHARM/SANE/SANE_a0_288x128x128_IHARM/m_1_1_10/image_a0_1280_163_0_230.e9_6.2e9_2.70363e+29_10.dat
        29       0.501793        2.71465       -181.265        27.5589        20.7372        22.8902       -1102.46     /gpfs/hpu/EHT2/IHARM/SANE/SANE_a0_288x128x128_IHARM/m_1_1_10/image_a0_1290_163_0_230.e9_6.2e9_2.70363e+29_10.dat
        30        0.56687        2.66582       -166.935        13.8058        15.0889        13.9892       -755.137     /gpfs/hpu/EHT2/IHARM/SANE/SANE_a0_288x128x128_IHARM/m_1_1_10/image_a0_1300_163_0_230.e9_6.2e9_2.70363e+29_10.dat
        31       0.568146        2.70945       -278.136         17.964        19.6758        18.2253       -893.919     /gpfs/hpu/EHT2/IHARM/SANE/SANE_a0_288x128x128_IHARM/m_1_1_10/image_a0_1310_163_0_230.e9_6.2e9_2.70363e+29_10.dat
        32       0.788455        2.96368       -249.841        28.9891        15.3632         20.617       -972.805     /gpfs/hpu/EHT2/IHARM/SANE/SANE_a0_288x128x128_IHARM/m_1_1_10/image_a0_1320_163_0_230.e9_6.2e9_2.70363e+29_10.dat
        33       0.661354        2.97726       -188.942        37.1599        22.9385        28.1694       -1298.33     /gpfs/hpu/EHT2/IHARM/SANE/SANE_a0_288x128x128_IHARM/m_1_1_10/image_a0_1330_163_0_230.e9_6.2e9_2.70363e+29_10.dat
        34        0.50391        2.84941       -209.409        22.7177        16.7245        18.6707       -910.591     /gpfs/hpu/EHT2/IHARM/SANE/SANE_a0_288x128x128_IHARM/m_1_1_10/image_a0_1340_163_0_230.e9_6.2e9_2.70363e+29_10.dat
        35       0.536932        3.25844       -224.496        15.3916        16.0211        15.1663       -744.283     /gpfs/hpu/EHT2/IHARM/SANE/SANE_a0_288x128x128_IHARM/m_1_1_10/image_a0_1350_163_0_230.e9_6.2e9_2.70363e+29_10.dat
        36       0.558924        2.99691       -299.301        15.0711         20.745        17.5642       -852.973     /gpfs/hpu/EHT2/IHARM/SANE/SANE_a0_288x128x128_IHARM/m_1_1_10/image_a0_1360_163_0_230.e9_6.2e9_2.70363e+29_10.dat
        37       0.584461        2.84994       -282.258        29.6825        24.2873        25.7015       -1183.41     /gpfs/hpu/EHT2/IHARM/SANE/SANE_a0_288x128x128_IHARM/m_1_1_10/image_a0_1370_163_0_230.e9_6.2e9_2.70363e+29_10.dat
        38       0.763097        2.95785       -176.963        12.2053        7.75709        9.37192       -551.702     /gpfs/hpu/EHT2/IHARM/SANE/SANE_a0_288x128x128_IHARM/m_1_1_10/image_a0_1380_163_0_230.e9_6.2e9_2.70363e+29_10.dat
        39       0.534421        2.74328       -302.941        9.47773         30.718        20.5282       -994.526     /gpfs/hpu/EHT2/IHARM/SANE/SANE_a0_288x128x128_IHARM/m_1_1_10/image_a0_1390_163_0_230.e9_6.2e9_2.70363e+29_10.dat
        40       0.495326        2.79068       -174.475        29.9579        17.1313        21.9793       -1031.78     /gpfs/hpu/EHT2/IHARM/SANE/SANE_a0_288x128x128_IHARM/m_1_1_10/image_a0_1400_163_0_230.e9_6.2e9_2.70363e+29_10.dat
        41        0.62958        2.60204       -161.615        5.09419        16.6684        11.1184       -639.051     /gpfs/hpu/EHT2/IHARM/SANE/SANE_a0_288x128x128_IHARM/m_1_1_10/image_a0_1410_163_0_230.e9_6.2e9_2.70363e+29_10.dat
        42       0.450283          2.774       -160.962        19.3402        11.0725        14.1963       -724.198     /gpfs/hpu/EHT2/IHARM/SANE/SANE_a0_288x128x128_IHARM/m_1_1_10/image_a0_1420_163_0_230.e9_6.2e9_2.70363e+29_10.dat
        43       0.502451        2.66018        -162.28        17.6686        9.28305        12.5226       -662.568     /gpfs/hpu/EHT2/IHARM/SANE/SANE_a0_288x128x128_IHARM/m_1_1_10/image_a0_1430_163_0_230.e9_6.2e9_2.70363e+29_10.dat
        44       0.514506        2.94655       -256.701        30.8712        16.9091        22.2499       -1036.04     /gpfs/hpu/EHT2/IHARM/SANE/SANE_a0_288x128x128_IHARM/m_1_1_10/image_a0_1440_163_0_230.e9_6.2e9_2.70363e+29_10.dat
        45       0.638403        2.98887       -240.757        25.9307        22.8112        23.3082        -1122.1     /gpfs/hpu/EHT2/IHARM/SANE/SANE_a0_288x128x128_IHARM/m_1_1_10/image_a0_1450_163_0_230.e9_6.2e9_2.70363e+29_10.dat
        46        1.16557        3.08289       -276.971        41.7909        31.2107        34.5848       -1606.37     /gpfs/hpu/EHT2/IHARM/SANE/SANE_a0_288x128x128_IHARM/m_1_1_10/image_a0_1460_163_0_230.e9_6.2e9_2.70363e+29_10.dat
        47       0.637084        2.87512       -243.288        64.0351        17.9723        36.9757       -1659.15     /gpfs/hpu/EHT2/IHARM/SANE/SANE_a0_288x128x128_IHARM/m_1_1_10/image_a0_1470_163_0_230.e9_6.2e9_2.70363e+29_10.dat
        48       0.489283        2.60163       -192.481        7.58646        8.43998        7.76689        -469.88     /gpfs/hpu/EHT2/IHARM/SANE/SANE_a0_288x128x128_IHARM/m_1_1_10/image_a0_1480_163_0_230.e9_6.2e9_2.70363e+29_10.dat
        49       0.438022        2.91109       -310.444        15.5955        30.4211        22.9802       -1086.66     /gpfs/hpu/EHT2/IHARM/SANE/SANE_a0_288x128x128_IHARM/m_1_1_10/image_a0_1490_163_0_230.e9_6.2e9_2.70363e+29_10.dat
        50        1.04635         2.8913        -228.97        47.9491        34.9826        39.2372       -1933.56     /gpfs/hpu/EHT2/IHARM/SANE/SANE_a0_288x128x128_IHARM/m_1_1_10/image_a0_1500_163_0_230.e9_6.2e9_2.70363e+29_10.dat
        51       0.566723        2.77652       -192.788        15.5165        19.7558        17.2236        -864.22     /gpfs/hpu/EHT2/IHARM/SANE/SANE_a0_288x128x128_IHARM/m_1_1_10/image_a0_1510_163_0_230.e9_6.2e9_2.70363e+29_10.dat
        52       0.475685        2.89559        -154.76        55.5867        16.7141        32.6946       -1588.85     /gpfs/hpu/EHT2/IHARM/SANE/SANE_a0_288x128x128_IHARM/m_1_1_10/image_a0_1520_163_0_230.e9_6.2e9_2.70363e+29_10.dat
        53        0.88561        3.18263       -300.441         36.808        28.4113        30.9558       -1439.36     /gpfs/hpu/EHT2/IHARM/SANE/SANE_a0_288x128x128_IHARM/m_1_1_10/image_a0_1530_163_0_230.e9_6.2e9_2.70363e+29_10.dat
        54       0.447366        2.86753       -136.511        15.1872        12.0308        12.9379       -683.006     /gpfs/hpu/EHT2/IHARM/SANE/SANE_a0_288x128x128_IHARM/m_1_1_10/image_a0_1540_163_0_230.e9_6.2e9_2.70363e+29_10.dat
        55       0.748157        3.26098       -334.374        26.3152        26.8237        25.6253       -1233.19     /gpfs/hpu/EHT2/IHARM/SANE/SANE_a0_288x128x128_IHARM/m_1_1_10/image_a0_1550_163_0_230.e9_6.2e9_2.70363e+29_10.dat
        56       0.514212        3.26284       -150.193          5.933        15.2947        10.7393       -609.428     /gpfs/hpu/EHT2/IHARM/SANE/SANE_a0_288x128x128_IHARM/m_1_1_10/image_a0_1560_163_0_230.e9_6.2e9_2.70363e+29_10.dat
        57       0.787922        3.15669        39.8875        14.6564        29.1074        21.8744       -1069.19     /gpfs/hpu/EHT2/IHARM/SANE/SANE_a0_288x128x128_IHARM/m_1_1_10/image_a0_1570_163_0_230.e9_6.2e9_2.70363e+29_10.dat
        58       0.596858        3.15062        105.387        14.3914        12.7898        13.0055         -669.3     /gpfs/hpu/EHT2/IHARM/SANE/SANE_a0_288x128x128_IHARM/m_1_1_10/image_a0_1580_163_0_230.e9_6.2e9_2.70363e+29_10.dat
        59       0.474084        3.46969        143.555        21.3024        20.0108          19.83       -947.737     /gpfs/hpu/EHT2/IHARM/SANE/SANE_a0_288x128x128_IHARM/m_1_1_10/image_a0_1590_163_0_230.e9_6.2e9_2.70363e+29_10.dat
        60         0.9295        3.19012        90.7077        11.9385        26.4415        19.2838       -963.338     /gpfs/hpu/EHT2/IHARM/SANE/SANE_a0_288x128x128_IHARM/m_1_1_10/image_a0_1600_163_0_230.e9_6.2e9_2.70363e+29_10.dat
        61       0.861031        2.72743       -222.036        62.7679        22.7297        38.9876       -1795.78     /gpfs/hpu/EHT2/IHARM/SANE/SANE_a0_288x128x128_IHARM/m_1_1_10/image_a0_1610_163_0_230.e9_6.2e9_2.70363e+29_10.dat
        62       0.692207         3.5708       -132.988         7.1904        11.8308        9.41731       -569.077     /gpfs/hpu/EHT2/IHARM/SANE/SANE_a0_288x128x128_IHARM/m_1_1_10/image_a0_1620_163_0_230.e9_6.2e9_2.70363e+29_10.dat
        63       0.459407        3.01523        96.9153        5.83364        19.4184        12.9096       -673.232     /gpfs/hpu/EHT2/IHARM/SANE/SANE_a0_288x128x128_IHARM/m_1_1_10/image_a0_1630_163_0_230.e9_6.2e9_2.70363e+29_10.dat
        64        0.52078        2.89274        163.733        25.5842        19.2645        21.2572       -1020.11     /gpfs/hpu/EHT2/IHARM/SANE/SANE_a0_288x128x128_IHARM/m_1_1_10/image_a0_1640_163_0_230.e9_6.2e9_2.70363e+29_10.dat
        65       0.654757        3.18348        203.647        11.4243        22.9145        17.1718       -860.531     /gpfs/hpu/EHT2/IHARM/SANE/SANE_a0_288x128x128_IHARM/m_1_1_10/image_a0_1650_163_0_230.e9_6.2e9_2.70363e+29_10.dat
        66       0.471082        3.34845        182.342        8.82823        11.5647        9.97362       -542.695     /gpfs/hpu/EHT2/IHARM/SANE/SANE_a0_288x128x128_IHARM/m_1_1_10/image_a0_1660_163_0_230.e9_6.2e9_2.70363e+29_10.dat
        67       0.649491        3.15797        188.254        28.9038        10.7435        18.1018       -888.687     /gpfs/hpu/EHT2/IHARM/SANE/SANE_a0_288x128x128_IHARM/m_1_1_10/image_a0_1670_163_0_230.e9_6.2e9_2.70363e+29_10.dat
        68       0.548235        3.03201        186.965          6.976        9.70498        8.18511       -485.761     /gpfs/hpu/EHT2/IHARM/SANE/SANE_a0_288x128x128_IHARM/m_1_1_10/image_a0_1680_163_0_230.e9_6.2e9_2.70363e+29_10.dat
        69       0.505578        3.34418        97.9536        4.43008         15.961        10.4553       -567.913     /gpfs/hpu/EHT2/IHARM/SANE/SANE_a0_288x128x128_IHARM/m_1_1_10/image_a0_1690_163_0_230.e9_6.2e9_2.70363e+29_10.dat
        70       0.359505        3.02521        200.213        11.7347        17.4624        14.3788       -734.011     /gpfs/hpu/EHT2/IHARM/SANE/SANE_a0_288x128x128_IHARM/m_1_1_10/image_a0_1700_163_0_230.e9_6.2e9_2.70363e+29_10.dat
        71       0.566891         3.7035        73.5971         7.8106        18.5636        13.2947       -668.318     /gpfs/hpu/EHT2/IHARM/SANE/SANE_a0_288x128x128_IHARM/m_1_1_10/image_a0_1710_163_0_230.e9_6.2e9_2.70363e+29_10.dat
        72       0.385381        3.19166        81.6806        17.3068        38.4818        28.0358       -1288.08     /gpfs/hpu/EHT2/IHARM/SANE/SANE_a0_288x128x128_IHARM/m_1_1_10/image_a0_1720_163_0_230.e9_6.2e9_2.70363e+29_10.dat
        73       0.419657        3.30772         219.01        4.73595        8.04499        6.33827       -404.654     /gpfs/hpu/EHT2/IHARM/SANE/SANE_a0_288x128x128_IHARM/m_1_1_10/image_a0_1730_163_0_230.e9_6.2e9_2.70363e+29_10.dat
        74       0.470484        2.99079        182.954        10.6549        22.3943        16.5643       -842.178     /gpfs/hpu/EHT2/IHARM/SANE/SANE_a0_288x128x128_IHARM/m_1_1_10/image_a0_1740_163_0_230.e9_6.2e9_2.70363e+29_10.dat
        75        0.41466        3.12605        113.146        6.90493        10.6461        8.65977       -477.856     /gpfs/hpu/EHT2/IHARM/SANE/SANE_a0_288x128x128_IHARM/m_1_1_10/image_a0_1750_163_0_230.e9_6.2e9_2.70363e+29_10.dat
        76       0.553715        3.04128         189.01        12.9369        9.78574        10.7728       -587.384     /gpfs/hpu/EHT2/IHARM/SANE/SANE_a0_288x128x128_IHARM/m_1_1_10/image_a0_1760_163_0_230.e9_6.2e9_2.70363e+29_10.dat
        77       0.409241        3.24911        116.682        9.63051        8.21163        8.51683        -480.43     /gpfs/hpu/EHT2/IHARM/SANE/SANE_a0_288x128x128_IHARM/m_1_1_10/image_a0_1770_163_0_230.e9_6.2e9_2.70363e+29_10.dat
        78       0.413086         3.2799        90.7369        9.23406        8.54821        8.52821        -476.08     /gpfs/hpu/EHT2/IHARM/SANE/SANE_a0_288x128x128_IHARM/m_1_1_10/image_a0_1780_163_0_230.e9_6.2e9_2.70363e+29_10.dat
        79       0.470405        3.08772        193.997        5.62243        16.9267        11.4824       -611.934     /gpfs/hpu/EHT2/IHARM/SANE/SANE_a0_288x128x128_IHARM/m_1_1_10/image_a0_1790_163_0_230.e9_6.2e9_2.70363e+29_10.dat
        80       0.475168        3.00877        150.245        5.82027        7.08833        6.28776       -419.062     /gpfs/hpu/EHT2/IHARM/SANE/SANE_a0_288x128x128_IHARM/m_1_1_10/image_a0_1800_163_0_230.e9_6.2e9_2.70363e+29_10.dat
        81       0.478508         3.1403        182.755        2.94843         9.4583        6.33366       -404.229     /gpfs/hpu/EHT2/IHARM/SANE/SANE_a0_288x128x128_IHARM/m_1_1_10/image_a0_1810_163_0_230.e9_6.2e9_2.70363e+29_10.dat
        82       0.486773        3.07686        220.344        3.33384        7.86892        5.64533       -387.206     /gpfs/hpu/EHT2/IHARM/SANE/SANE_a0_288x128x128_IHARM/m_1_1_10/image_a0_1820_163_0_230.e9_6.2e9_2.70363e+29_10.dat
        83       0.430303        3.35854        147.071        13.7055        10.8366        11.6646       -609.661     /gpfs/hpu/EHT2/IHARM/SANE/SANE_a0_288x128x128_IHARM/m_1_1_10/image_a0_1830_163_0_230.e9_6.2e9_2.70363e+29_10.dat
        84       0.439419        3.13902        157.603        5.20805        5.51428        5.18183       -337.672     /gpfs/hpu/EHT2/IHARM/SANE/SANE_a0_288x128x128_IHARM/m_1_1_10/image_a0_1840_163_0_230.e9_6.2e9_2.70363e+29_10.dat
        85       0.850912         3.5747        164.716        17.1194        20.1302        18.1086       -903.436     /gpfs/hpu/EHT2/IHARM/SANE/SANE_a0_288x128x128_IHARM/m_1_1_10/image_a0_1850_163_0_230.e9_6.2e9_2.70363e+29_10.dat
        86       0.620479        2.98945        188.511        6.53672        15.8758        11.3088       -669.472     /gpfs/hpu/EHT2/IHARM/SANE/SANE_a0_288x128x128_IHARM/m_1_1_10/image_a0_1860_163_0_230.e9_6.2e9_2.70363e+29_10.dat
        87       0.505971        2.97069        178.086        20.7738        13.5805         16.154       -815.214     /gpfs/hpu/EHT2/IHARM/SANE/SANE_a0_288x128x128_IHARM/m_1_1_10/image_a0_1870_163_0_230.e9_6.2e9_2.70363e+29_10.dat
        88       0.575458        2.90509        179.381        23.2576        10.3155        15.4622       -884.842     /gpfs/hpu/EHT2/IHARM/SANE/SANE_a0_288x128x128_IHARM/m_1_1_10/image_a0_1880_163_0_230.e9_6.2e9_2.70363e+29_10.dat
        89       0.502803        2.99343        49.4271        14.1722        10.6319        11.7541       -608.398     /gpfs/hpu/EHT2/IHARM/SANE/SANE_a0_288x128x128_IHARM/m_1_1_10/image_a0_1890_163_0_230.e9_6.2e9_2.70363e+29_10.dat
        90       0.635626        3.06763       -196.039        3.06902        9.31686        6.30923       -426.107     /gpfs/hpu/EHT2/IHARM/SANE/SANE_a0_288x128x128_IHARM/m_1_1_10/image_a0_1900_163_0_230.e9_6.2e9_2.70363e+29_10.dat
        91       0.412641        3.16407       -172.446        8.68794        9.67254        8.89841        -505.78     /gpfs/hpu/EHT2/IHARM/SANE/SANE_a0_288x128x128_IHARM/m_1_1_10/image_a0_1910_163_0_230.e9_6.2e9_2.70363e+29_10.dat
        92       0.832756        2.77964       -196.045        14.6621        12.0804        12.7404       -1115.31     /gpfs/hpu/EHT2/IHARM/SANE/SANE_a0_288x128x128_IHARM/m_1_1_10/image_a0_1920_163_0_230.e9_6.2e9_2.70363e+29_10.dat
        93       0.620527        3.09038       -162.893        9.96766        11.0383        10.1775       -606.167     /gpfs/hpu/EHT2/IHARM/SANE/SANE_a0_288x128x128_IHARM/m_1_1_10/image_a0_1930_163_0_230.e9_6.2e9_2.70363e+29_10.dat
        94       0.359866         2.9408       -201.218        11.8895        10.0268         10.455       -564.559     /gpfs/hpu/EHT2/IHARM/SANE/SANE_a0_288x128x128_IHARM/m_1_1_10/image_a0_1940_163_0_230.e9_6.2e9_2.70363e+29_10.dat
        95        0.50061        3.01087        -197.32        23.8444        15.5743        18.5344       -904.001     /gpfs/hpu/EHT2/IHARM/SANE/SANE_a0_288x128x128_IHARM/m_1_1_10/image_a0_1950_163_0_230.e9_6.2e9_2.70363e+29_10.dat
        96        0.50409        3.36689       -180.398        5.55217        27.6183        17.1894       -850.335     /gpfs/hpu/EHT2/IHARM/SANE/SANE_a0_288x128x128_IHARM/m_1_1_10/image_a0_1960_163_0_230.e9_6.2e9_2.70363e+29_10.dat
        97       0.540923        3.16468       -190.178        7.68114        20.9563        14.5234       -738.547     /gpfs/hpu/EHT2/IHARM/SANE/SANE_a0_288x128x128_IHARM/m_1_1_10/image_a0_1970_163_0_230.e9_6.2e9_2.70363e+29_10.dat
        98       0.664357        3.35332       -299.076        7.14941        21.0945        14.3706        -742.09     /gpfs/hpu/EHT2/IHARM/SANE/SANE_a0_288x128x128_IHARM/m_1_1_10/image_a0_1980_163_0_230.e9_6.2e9_2.70363e+29_10.dat
        99       0.479331        2.85605       -198.647        13.9873        14.7594        13.8899       -712.319     /gpfs/hpu/EHT2/IHARM/SANE/SANE_a0_288x128x128_IHARM/m_1_1_10/image_a0_1990_163_0_230.e9_6.2e9_2.70363e+29_10.dat
