   # Index         I (Jy)      M/D (uas)       PA (deg)  VA red. chisq  CP red. chisq     red. chisq     log-liklhd     FileName
         0       0.456722        4.31795        268.944        3.52417        14.4483         9.6412       -1205.09     /gpfs/hpu/EHT2/IHARM_inc-5/MAD_a+0.5_384x192x192_IHARM/m_1_1_1/image_a+0.5_0000_168_0_230.e9_6.2e9_5.68241e+24_1.dat
         1       0.486828        4.26987        183.788        5.20314        57.7974        34.8455       -3564.92     /gpfs/hpu/EHT2/IHARM_inc-5/MAD_a+0.5_384x192x192_IHARM/m_1_1_1/image_a+0.5_0001_168_0_230.e9_6.2e9_5.68241e+24_1.dat
         2       0.453521        4.32109        190.696        8.19694        25.9185        18.0798       -1992.67     /gpfs/hpu/EHT2/IHARM_inc-5/MAD_a+0.5_384x192x192_IHARM/m_1_1_1/image_a+0.5_0002_168_0_230.e9_6.2e9_5.68241e+24_1.dat
         3       0.496658        4.17047        192.807        13.2731        16.0623        14.6332       -1678.49     /gpfs/hpu/EHT2/IHARM_inc-5/MAD_a+0.5_384x192x192_IHARM/m_1_1_1/image_a+0.5_0003_168_0_230.e9_6.2e9_5.68241e+24_1.dat
         4        0.50266        4.11772        221.025        11.9281        30.4662        22.2116       -2383.35     /gpfs/hpu/EHT2/IHARM_inc-5/MAD_a+0.5_384x192x192_IHARM/m_1_1_1/image_a+0.5_0004_168_0_230.e9_6.2e9_5.68241e+24_1.dat
         5       0.510875        4.20157        199.283        2.79268        19.2575        12.0533       -1487.52     /gpfs/hpu/EHT2/IHARM_inc-5/MAD_a+0.5_384x192x192_IHARM/m_1_1_1/image_a+0.5_0005_168_0_230.e9_6.2e9_5.68241e+24_1.dat
         6       0.448148        4.06549        190.877        14.8716        25.1333        20.4292       -2222.45     /gpfs/hpu/EHT2/IHARM_inc-5/MAD_a+0.5_384x192x192_IHARM/m_1_1_1/image_a+0.5_0006_168_0_230.e9_6.2e9_5.68241e+24_1.dat
         7       0.442374         4.1652        147.034         14.592        13.7981        13.9054       -1581.29     /gpfs/hpu/EHT2/IHARM_inc-5/MAD_a+0.5_384x192x192_IHARM/m_1_1_1/image_a+0.5_0007_168_0_230.e9_6.2e9_5.68241e+24_1.dat
         8       0.407463         3.9177        61.9707        11.5887        32.4458        23.1885        -2444.8     /gpfs/hpu/EHT2/IHARM_inc-5/MAD_a+0.5_384x192x192_IHARM/m_1_1_1/image_a+0.5_0008_168_0_230.e9_6.2e9_5.68241e+24_1.dat
         9       0.402299        4.28821        36.1933        7.70487        30.8735        20.6746       -2214.43     /gpfs/hpu/EHT2/IHARM_inc-5/MAD_a+0.5_384x192x192_IHARM/m_1_1_1/image_a+0.5_0009_168_0_230.e9_6.2e9_5.68241e+24_1.dat
        10       0.597528        4.47474        5.83823        21.5164        38.6882        30.8714       -3194.27     /gpfs/hpu/EHT2/IHARM_inc-5/MAD_a+0.5_384x192x192_IHARM/m_1_1_1/image_a+0.5_0010_168_0_230.e9_6.2e9_5.68241e+24_1.dat
        11       0.403164        4.06565        36.5836        14.6741        34.7614        25.7886       -2718.75     /gpfs/hpu/EHT2/IHARM_inc-5/MAD_a+0.5_384x192x192_IHARM/m_1_1_1/image_a+0.5_0011_168_0_230.e9_6.2e9_5.68241e+24_1.dat
        12       0.403536        4.07686        64.3714        10.6258        8.90158        9.47799       -1165.42     /gpfs/hpu/EHT2/IHARM_inc-5/MAD_a+0.5_384x192x192_IHARM/m_1_1_1/image_a+0.5_0012_168_0_230.e9_6.2e9_5.68241e+24_1.dat
        13       0.377355        3.86288        133.412        16.7256         21.239        19.0039       -2063.87     /gpfs/hpu/EHT2/IHARM_inc-5/MAD_a+0.5_384x192x192_IHARM/m_1_1_1/image_a+0.5_0013_168_0_230.e9_6.2e9_5.68241e+24_1.dat
        14       0.738413        4.30228        44.7929        26.1508        83.5534        58.1694        -5858.4     /gpfs/hpu/EHT2/IHARM_inc-5/MAD_a+0.5_384x192x192_IHARM/m_1_1_1/image_a+0.5_0014_168_0_230.e9_6.2e9_5.68241e+24_1.dat
        15       0.396796         3.7564       -103.347        9.47419        25.6692        18.4734       -2081.29     /gpfs/hpu/EHT2/IHARM_inc-5/MAD_a+0.5_384x192x192_IHARM/m_1_1_1/image_a+0.5_0015_168_0_230.e9_6.2e9_5.68241e+24_1.dat
        16       0.511973        3.58025        14.8853        12.4347        17.7389          15.23        -1719.2     /gpfs/hpu/EHT2/IHARM_inc-5/MAD_a+0.5_384x192x192_IHARM/m_1_1_1/image_a+0.5_0016_168_0_230.e9_6.2e9_5.68241e+24_1.dat
        17       0.571435        3.70098         102.26         4.9676        24.7081        16.0443       -1850.13     /gpfs/hpu/EHT2/IHARM_inc-5/MAD_a+0.5_384x192x192_IHARM/m_1_1_1/image_a+0.5_0017_168_0_230.e9_6.2e9_5.68241e+24_1.dat
        18       0.546786        3.57436        205.487        5.87214        23.1048        15.5166       -1780.56     /gpfs/hpu/EHT2/IHARM_inc-5/MAD_a+0.5_384x192x192_IHARM/m_1_1_1/image_a+0.5_0018_168_0_230.e9_6.2e9_5.68241e+24_1.dat
        19       0.511644        3.57753        170.197        6.75109        23.6963        16.2187       -1815.55     /gpfs/hpu/EHT2/IHARM_inc-5/MAD_a+0.5_384x192x192_IHARM/m_1_1_1/image_a+0.5_0019_168_0_230.e9_6.2e9_5.68241e+24_1.dat
        20        0.70557        3.49479        83.1381        31.6796        18.6804        23.8157       -2571.54     /gpfs/hpu/EHT2/IHARM_inc-5/MAD_a+0.5_384x192x192_IHARM/m_1_1_1/image_a+0.5_0020_168_0_230.e9_6.2e9_5.68241e+24_1.dat
        21       0.870901        3.79822        191.458        5.90379        63.2249        38.2064       -4200.18     /gpfs/hpu/EHT2/IHARM_inc-5/MAD_a+0.5_384x192x192_IHARM/m_1_1_1/image_a+0.5_0021_168_0_230.e9_6.2e9_5.68241e+24_1.dat
        22       0.589179        4.23339        172.481         9.3201        35.9624        24.2268       -2529.18     /gpfs/hpu/EHT2/IHARM_inc-5/MAD_a+0.5_384x192x192_IHARM/m_1_1_1/image_a+0.5_0022_168_0_230.e9_6.2e9_5.68241e+24_1.dat
        23       0.751303        3.21689        113.096        26.4743        32.9704        29.7143       -4353.37     /gpfs/hpu/EHT2/IHARM_inc-5/MAD_a+0.5_384x192x192_IHARM/m_1_1_1/image_a+0.5_0023_168_0_230.e9_6.2e9_5.68241e+24_1.dat
        24        1.02274        3.29905         126.55        10.2022        26.5026        19.2491       -2320.95     /gpfs/hpu/EHT2/IHARM_inc-5/MAD_a+0.5_384x192x192_IHARM/m_1_1_1/image_a+0.5_0024_168_0_230.e9_6.2e9_5.68241e+24_1.dat
        25       0.699303        3.55856        133.607        24.0504        29.9866        27.0135       -2853.16     /gpfs/hpu/EHT2/IHARM_inc-5/MAD_a+0.5_384x192x192_IHARM/m_1_1_1/image_a+0.5_0025_168_0_230.e9_6.2e9_5.68241e+24_1.dat
        26       0.719813        3.59564        156.858        12.5061        24.6078        19.1423       -2115.71     /gpfs/hpu/EHT2/IHARM_inc-5/MAD_a+0.5_384x192x192_IHARM/m_1_1_1/image_a+0.5_0026_168_0_230.e9_6.2e9_5.68241e+24_1.dat
        27       0.506712        3.34869        226.422        17.3892        35.7075        27.4595       -3019.66     /gpfs/hpu/EHT2/IHARM_inc-5/MAD_a+0.5_384x192x192_IHARM/m_1_1_1/image_a+0.5_0027_168_0_230.e9_6.2e9_5.68241e+24_1.dat
        28       0.855975        3.34559        211.159        130.237        126.431        125.963       -16785.2     /gpfs/hpu/EHT2/IHARM_inc-5/MAD_a+0.5_384x192x192_IHARM/m_1_1_1/image_a+0.5_0028_168_0_230.e9_6.2e9_5.68241e+24_1.dat
        29        1.06655        4.37586        250.207        25.3483        25.1701        24.8343       -2657.26     /gpfs/hpu/EHT2/IHARM_inc-5/MAD_a+0.5_384x192x192_IHARM/m_1_1_1/image_a+0.5_0029_168_0_230.e9_6.2e9_5.68241e+24_1.dat
        30       0.560918        3.34437         186.96         6.6662          52.43         32.424       -3309.62     /gpfs/hpu/EHT2/IHARM_inc-5/MAD_a+0.5_384x192x192_IHARM/m_1_1_1/image_a+0.5_0030_168_0_230.e9_6.2e9_5.68241e+24_1.dat
        31       0.477783        3.94143         168.71        15.4535        24.1621        20.1238       -2181.75     /gpfs/hpu/EHT2/IHARM_inc-5/MAD_a+0.5_384x192x192_IHARM/m_1_1_1/image_a+0.5_0031_168_0_230.e9_6.2e9_5.68241e+24_1.dat
        32       0.726698        4.12624        133.413        11.2837        32.6229         23.161       -2558.59     /gpfs/hpu/EHT2/IHARM_inc-5/MAD_a+0.5_384x192x192_IHARM/m_1_1_1/image_a+0.5_0032_168_0_230.e9_6.2e9_5.68241e+24_1.dat
        33       0.499301         3.3693        113.083        5.00354        24.4978        15.9404       -1807.44     /gpfs/hpu/EHT2/IHARM_inc-5/MAD_a+0.5_384x192x192_IHARM/m_1_1_1/image_a+0.5_0033_168_0_230.e9_6.2e9_5.68241e+24_1.dat
        34       0.761576        4.18055        91.6118        34.9776        9.02892        19.7407       -2204.84     /gpfs/hpu/EHT2/IHARM_inc-5/MAD_a+0.5_384x192x192_IHARM/m_1_1_1/image_a+0.5_0034_168_0_230.e9_6.2e9_5.68241e+24_1.dat
        35       0.504635         3.9276        37.9394        7.18762        17.0093        12.6218       -1467.87     /gpfs/hpu/EHT2/IHARM_inc-5/MAD_a+0.5_384x192x192_IHARM/m_1_1_1/image_a+0.5_0035_168_0_230.e9_6.2e9_5.68241e+24_1.dat
        36       0.510836        3.83789       -12.3716        1.64565        9.18914        5.88253       -892.323     /gpfs/hpu/EHT2/IHARM_inc-5/MAD_a+0.5_384x192x192_IHARM/m_1_1_1/image_a+0.5_0036_168_0_230.e9_6.2e9_5.68241e+24_1.dat
        37       0.665723        3.91269       -177.686        14.1644        26.4599        20.8831       -2266.01     /gpfs/hpu/EHT2/IHARM_inc-5/MAD_a+0.5_384x192x192_IHARM/m_1_1_1/image_a+0.5_0037_168_0_230.e9_6.2e9_5.68241e+24_1.dat
        38       0.452413        3.70384        -214.67        15.9714        48.2378        33.9486       -3476.66     /gpfs/hpu/EHT2/IHARM_inc-5/MAD_a+0.5_384x192x192_IHARM/m_1_1_1/image_a+0.5_0038_168_0_230.e9_6.2e9_5.68241e+24_1.dat
        39       0.456393        3.90828        -239.91        13.8622        12.1244         12.654       -1456.34     /gpfs/hpu/EHT2/IHARM_inc-5/MAD_a+0.5_384x192x192_IHARM/m_1_1_1/image_a+0.5_0039_168_0_230.e9_6.2e9_5.68241e+24_1.dat
        40       0.396758        4.08148        -230.11        6.84508        17.2217        12.5985       -1458.09     /gpfs/hpu/EHT2/IHARM_inc-5/MAD_a+0.5_384x192x192_IHARM/m_1_1_1/image_a+0.5_0040_168_0_230.e9_6.2e9_5.68241e+24_1.dat
        41        0.43972        4.32553       -248.732        4.91409        9.35972        7.34672       -971.287     /gpfs/hpu/EHT2/IHARM_inc-5/MAD_a+0.5_384x192x192_IHARM/m_1_1_1/image_a+0.5_0041_168_0_230.e9_6.2e9_5.68241e+24_1.dat
        42       0.401849        4.01589       -238.702         8.4074         10.837        9.64357       -1191.65     /gpfs/hpu/EHT2/IHARM_inc-5/MAD_a+0.5_384x192x192_IHARM/m_1_1_1/image_a+0.5_0042_168_0_230.e9_6.2e9_5.68241e+24_1.dat
        43       0.459249        4.21671        -275.39        10.6817        16.2145        13.6348       -1541.46     /gpfs/hpu/EHT2/IHARM_inc-5/MAD_a+0.5_384x192x192_IHARM/m_1_1_1/image_a+0.5_0043_168_0_230.e9_6.2e9_5.68241e+24_1.dat
        44       0.379012        3.93298       -269.042        6.72856        11.9401        9.56449       -1182.72     /gpfs/hpu/EHT2/IHARM_inc-5/MAD_a+0.5_384x192x192_IHARM/m_1_1_1/image_a+0.5_0044_168_0_230.e9_6.2e9_5.68241e+24_1.dat
        45       0.417576        3.71822       -254.952        13.6792        13.3315        13.2596       -1538.46     /gpfs/hpu/EHT2/IHARM_inc-5/MAD_a+0.5_384x192x192_IHARM/m_1_1_1/image_a+0.5_0045_168_0_230.e9_6.2e9_5.68241e+24_1.dat
        46       0.450071         3.8692       -189.244        7.87721        16.3551        12.5406       -1454.87     /gpfs/hpu/EHT2/IHARM_inc-5/MAD_a+0.5_384x192x192_IHARM/m_1_1_1/image_a+0.5_0046_168_0_230.e9_6.2e9_5.68241e+24_1.dat
        47        0.43089        3.71188       -271.328        13.0105        9.82384        10.9972       -1333.65     /gpfs/hpu/EHT2/IHARM_inc-5/MAD_a+0.5_384x192x192_IHARM/m_1_1_1/image_a+0.5_0047_168_0_230.e9_6.2e9_5.68241e+24_1.dat
        48       0.405441        3.89331       -198.861        3.17776        10.6797        7.36617       -963.514     /gpfs/hpu/EHT2/IHARM_inc-5/MAD_a+0.5_384x192x192_IHARM/m_1_1_1/image_a+0.5_0048_168_0_230.e9_6.2e9_5.68241e+24_1.dat
        49       0.393957        3.87567       -240.587         10.094        20.7968        15.9788       -1788.66     /gpfs/hpu/EHT2/IHARM_inc-5/MAD_a+0.5_384x192x192_IHARM/m_1_1_1/image_a+0.5_0049_168_0_230.e9_6.2e9_5.68241e+24_1.dat
        50        0.46725        3.81904       -263.823        13.6689         9.4014         11.034       -1300.02     /gpfs/hpu/EHT2/IHARM_inc-5/MAD_a+0.5_384x192x192_IHARM/m_1_1_1/image_a+0.5_0050_168_0_230.e9_6.2e9_5.68241e+24_1.dat
        51        0.42885        3.63347       -262.992        12.5716        12.3616        12.2479       -1477.69     /gpfs/hpu/EHT2/IHARM_inc-5/MAD_a+0.5_384x192x192_IHARM/m_1_1_1/image_a+0.5_0051_168_0_230.e9_6.2e9_5.68241e+24_1.dat
        52       0.428851        3.80563       -224.489        8.36849        17.6019        13.4509       -1533.45     /gpfs/hpu/EHT2/IHARM_inc-5/MAD_a+0.5_384x192x192_IHARM/m_1_1_1/image_a+0.5_0052_168_0_230.e9_6.2e9_5.68241e+24_1.dat
        53       0.457904        4.06822       -290.591        10.0789         13.901        12.0749       -1393.69     /gpfs/hpu/EHT2/IHARM_inc-5/MAD_a+0.5_384x192x192_IHARM/m_1_1_1/image_a+0.5_0053_168_0_230.e9_6.2e9_5.68241e+24_1.dat
        54       0.467338         3.6356       -211.538        8.04684        18.6496        13.9085       -1626.91     /gpfs/hpu/EHT2/IHARM_inc-5/MAD_a+0.5_384x192x192_IHARM/m_1_1_1/image_a+0.5_0054_168_0_230.e9_6.2e9_5.68241e+24_1.dat
        55       0.431433        3.50304       -297.138        18.4219        19.3519        18.6472       -2062.51     /gpfs/hpu/EHT2/IHARM_inc-5/MAD_a+0.5_384x192x192_IHARM/m_1_1_1/image_a+0.5_0055_168_0_230.e9_6.2e9_5.68241e+24_1.dat
        56       0.582817        3.70092       -215.336        6.92684        55.6709        34.3649        -3589.7     /gpfs/hpu/EHT2/IHARM_inc-5/MAD_a+0.5_384x192x192_IHARM/m_1_1_1/image_a+0.5_0056_168_0_230.e9_6.2e9_5.68241e+24_1.dat
        57       0.596538        3.95023       -294.105         6.8677        42.6673        26.9903       -2890.95     /gpfs/hpu/EHT2/IHARM_inc-5/MAD_a+0.5_384x192x192_IHARM/m_1_1_1/image_a+0.5_0057_168_0_230.e9_6.2e9_5.68241e+24_1.dat
        58       0.457668        3.76342       -218.658        5.48117        13.1398        9.72058       -1201.84     /gpfs/hpu/EHT2/IHARM_inc-5/MAD_a+0.5_384x192x192_IHARM/m_1_1_1/image_a+0.5_0058_168_0_230.e9_6.2e9_5.68241e+24_1.dat
        59       0.488462        3.82314       -218.502        2.58164         15.904        10.0696       -1261.29     /gpfs/hpu/EHT2/IHARM_inc-5/MAD_a+0.5_384x192x192_IHARM/m_1_1_1/image_a+0.5_0059_168_0_230.e9_6.2e9_5.68241e+24_1.dat
        60       0.549243        3.74214       -270.555        4.43744        18.3233        12.2136        -1582.9     /gpfs/hpu/EHT2/IHARM_inc-5/MAD_a+0.5_384x192x192_IHARM/m_1_1_1/image_a+0.5_0060_168_0_230.e9_6.2e9_5.68241e+24_1.dat
        61       0.714718        3.26447       -70.6202        41.3918        104.091        76.1556       -8612.76     /gpfs/hpu/EHT2/IHARM_inc-5/MAD_a+0.5_384x192x192_IHARM/m_1_1_1/image_a+0.5_0061_168_0_230.e9_6.2e9_5.68241e+24_1.dat
        62        1.40128        3.25153        -225.86        32.5552        64.8304        50.2669       -5319.82     /gpfs/hpu/EHT2/IHARM_inc-5/MAD_a+0.5_384x192x192_IHARM/m_1_1_1/image_a+0.5_0062_168_0_230.e9_6.2e9_5.68241e+24_1.dat
        63        1.07011        4.52583       -289.144         18.987        16.2525        17.1318       -1989.63     /gpfs/hpu/EHT2/IHARM_inc-5/MAD_a+0.5_384x192x192_IHARM/m_1_1_1/image_a+0.5_0063_168_0_230.e9_6.2e9_5.68241e+24_1.dat
        64       0.769947        4.14664       -218.302        39.4741        92.8383        68.9929       -6735.81     /gpfs/hpu/EHT2/IHARM_inc-5/MAD_a+0.5_384x192x192_IHARM/m_1_1_1/image_a+0.5_0064_168_0_230.e9_6.2e9_5.68241e+24_1.dat
        65       0.641763        4.22576       -12.4389         11.146         25.629        19.1503       -2101.45     /gpfs/hpu/EHT2/IHARM_inc-5/MAD_a+0.5_384x192x192_IHARM/m_1_1_1/image_a+0.5_0065_168_0_230.e9_6.2e9_5.68241e+24_1.dat
        66        0.53364        3.28341        54.1773        8.33187        32.5049         21.859       -2364.91     /gpfs/hpu/EHT2/IHARM_inc-5/MAD_a+0.5_384x192x192_IHARM/m_1_1_1/image_a+0.5_0066_168_0_230.e9_6.2e9_5.68241e+24_1.dat
        67       0.575886        3.65493        132.777        8.26817        72.6687        44.5337       -4542.94     /gpfs/hpu/EHT2/IHARM_inc-5/MAD_a+0.5_384x192x192_IHARM/m_1_1_1/image_a+0.5_0067_168_0_230.e9_6.2e9_5.68241e+24_1.dat
        68       0.484914        3.92565       -5.00412        7.59346        26.3836        18.0902       -1975.77     /gpfs/hpu/EHT2/IHARM_inc-5/MAD_a+0.5_384x192x192_IHARM/m_1_1_1/image_a+0.5_0068_168_0_230.e9_6.2e9_5.68241e+24_1.dat
        69       0.544075        3.96626       -19.2735        16.8064         49.424        34.9684       -3552.65     /gpfs/hpu/EHT2/IHARM_inc-5/MAD_a+0.5_384x192x192_IHARM/m_1_1_1/image_a+0.5_0069_168_0_230.e9_6.2e9_5.68241e+24_1.dat
        70       0.689477        4.16487        98.4067        28.6382        79.2045        56.7523       -6170.91     /gpfs/hpu/EHT2/IHARM_inc-5/MAD_a+0.5_384x192x192_IHARM/m_1_1_1/image_a+0.5_0070_168_0_230.e9_6.2e9_5.68241e+24_1.dat
        71        0.55451        3.66732         32.496        7.77188        14.0707        11.2054       -1324.92     /gpfs/hpu/EHT2/IHARM_inc-5/MAD_a+0.5_384x192x192_IHARM/m_1_1_1/image_a+0.5_0071_168_0_230.e9_6.2e9_5.68241e+24_1.dat
        72        0.41914        3.87167        9.73054        10.5173        10.3513         10.252       -1243.83     /gpfs/hpu/EHT2/IHARM_inc-5/MAD_a+0.5_384x192x192_IHARM/m_1_1_1/image_a+0.5_0072_168_0_230.e9_6.2e9_5.68241e+24_1.dat
        73        1.08294        4.17045        184.599        12.3084        56.5505        37.1141       -4113.51     /gpfs/hpu/EHT2/IHARM_inc-5/MAD_a+0.5_384x192x192_IHARM/m_1_1_1/image_a+0.5_0073_168_0_230.e9_6.2e9_5.68241e+24_1.dat
        74       0.384033        3.88125        156.864        8.15238        7.10026        7.42478       -968.148     /gpfs/hpu/EHT2/IHARM_inc-5/MAD_a+0.5_384x192x192_IHARM/m_1_1_1/image_a+0.5_0074_168_0_230.e9_6.2e9_5.68241e+24_1.dat
        75       0.454169        3.64073         146.47        6.54073        23.0882         15.787       -1821.75     /gpfs/hpu/EHT2/IHARM_inc-5/MAD_a+0.5_384x192x192_IHARM/m_1_1_1/image_a+0.5_0075_168_0_230.e9_6.2e9_5.68241e+24_1.dat
        76       0.462137        3.64773          174.8         21.205        16.6024        18.2578       -2018.95     /gpfs/hpu/EHT2/IHARM_inc-5/MAD_a+0.5_384x192x192_IHARM/m_1_1_1/image_a+0.5_0076_168_0_230.e9_6.2e9_5.68241e+24_1.dat
        77       0.455512        3.61516        88.5902        7.42427        12.7313        10.3029       -1330.37     /gpfs/hpu/EHT2/IHARM_inc-5/MAD_a+0.5_384x192x192_IHARM/m_1_1_1/image_a+0.5_0077_168_0_230.e9_6.2e9_5.68241e+24_1.dat
        78       0.428079        3.94691        51.4198        5.85655        31.4349        20.2184       -2251.95     /gpfs/hpu/EHT2/IHARM_inc-5/MAD_a+0.5_384x192x192_IHARM/m_1_1_1/image_a+0.5_0078_168_0_230.e9_6.2e9_5.68241e+24_1.dat
        79       0.438983        4.02244        158.729        4.71621        11.4688          8.456       -1103.62     /gpfs/hpu/EHT2/IHARM_inc-5/MAD_a+0.5_384x192x192_IHARM/m_1_1_1/image_a+0.5_0079_168_0_230.e9_6.2e9_5.68241e+24_1.dat
        80       0.447782        3.75949        88.2714        12.5609        13.5283        12.9029       -1511.53     /gpfs/hpu/EHT2/IHARM_inc-5/MAD_a+0.5_384x192x192_IHARM/m_1_1_1/image_a+0.5_0080_168_0_230.e9_6.2e9_5.68241e+24_1.dat
        81       0.440345        3.83273        56.4512        14.3387        14.0227        13.9263       -1570.08     /gpfs/hpu/EHT2/IHARM_inc-5/MAD_a+0.5_384x192x192_IHARM/m_1_1_1/image_a+0.5_0081_168_0_230.e9_6.2e9_5.68241e+24_1.dat
        82       0.397304        3.66046        83.1415         14.662        23.8803        19.6333        -2121.1     /gpfs/hpu/EHT2/IHARM_inc-5/MAD_a+0.5_384x192x192_IHARM/m_1_1_1/image_a+0.5_0082_168_0_230.e9_6.2e9_5.68241e+24_1.dat
        83       0.465449        3.75238        162.267        12.1019        25.9357        19.7237       -2175.72     /gpfs/hpu/EHT2/IHARM_inc-5/MAD_a+0.5_384x192x192_IHARM/m_1_1_1/image_a+0.5_0083_168_0_230.e9_6.2e9_5.68241e+24_1.dat
        84        0.45377        3.65376        234.312        5.36706        34.6939        21.8556       -2392.35     /gpfs/hpu/EHT2/IHARM_inc-5/MAD_a+0.5_384x192x192_IHARM/m_1_1_1/image_a+0.5_0084_168_0_230.e9_6.2e9_5.68241e+24_1.dat
        85       0.549774        3.80681        239.361        36.1789         53.036         45.117       -4462.76     /gpfs/hpu/EHT2/IHARM_inc-5/MAD_a+0.5_384x192x192_IHARM/m_1_1_1/image_a+0.5_0085_168_0_230.e9_6.2e9_5.68241e+24_1.dat
        86       0.686087        3.81839        101.154        2.59415        27.5146        16.6373       -1938.33     /gpfs/hpu/EHT2/IHARM_inc-5/MAD_a+0.5_384x192x192_IHARM/m_1_1_1/image_a+0.5_0086_168_0_230.e9_6.2e9_5.68241e+24_1.dat
        87       0.544121         3.7667        85.6639        14.5721        54.6828        37.0058       -3761.38     /gpfs/hpu/EHT2/IHARM_inc-5/MAD_a+0.5_384x192x192_IHARM/m_1_1_1/image_a+0.5_0087_168_0_230.e9_6.2e9_5.68241e+24_1.dat
        88       0.417483         3.4524        212.604        7.65897        23.0631        16.2408       -1842.31     /gpfs/hpu/EHT2/IHARM_inc-5/MAD_a+0.5_384x192x192_IHARM/m_1_1_1/image_a+0.5_0088_168_0_230.e9_6.2e9_5.68241e+24_1.dat
        89       0.948727        4.01276         201.42        16.1901        116.945        72.8744       -8714.32     /gpfs/hpu/EHT2/IHARM_inc-5/MAD_a+0.5_384x192x192_IHARM/m_1_1_1/image_a+0.5_0089_168_0_230.e9_6.2e9_5.68241e+24_1.dat
        90       0.439727        3.61442           79.9        14.3089        82.4783        52.6061       -5302.74     /gpfs/hpu/EHT2/IHARM_inc-5/MAD_a+0.5_384x192x192_IHARM/m_1_1_1/image_a+0.5_0090_168_0_230.e9_6.2e9_5.68241e+24_1.dat
        91       0.436254        3.53398       -39.2207        7.43118        29.9827        20.0565       -2173.86     /gpfs/hpu/EHT2/IHARM_inc-5/MAD_a+0.5_384x192x192_IHARM/m_1_1_1/image_a+0.5_0091_168_0_230.e9_6.2e9_5.68241e+24_1.dat
        92       0.483032        3.63267       -174.926        11.9541        72.1697        45.7941       -4620.27     /gpfs/hpu/EHT2/IHARM_inc-5/MAD_a+0.5_384x192x192_IHARM/m_1_1_1/image_a+0.5_0092_168_0_230.e9_6.2e9_5.68241e+24_1.dat
        93       0.655143        3.95285       -253.837         11.458        19.9955        16.0967       -1798.66     /gpfs/hpu/EHT2/IHARM_inc-5/MAD_a+0.5_384x192x192_IHARM/m_1_1_1/image_a+0.5_0093_168_0_230.e9_6.2e9_5.68241e+24_1.dat
        94       0.605715        3.42887       -168.809         20.001        28.1273        24.2681       -2609.95     /gpfs/hpu/EHT2/IHARM_inc-5/MAD_a+0.5_384x192x192_IHARM/m_1_1_1/image_a+0.5_0094_168_0_230.e9_6.2e9_5.68241e+24_1.dat
        95       0.580454        3.85566       -276.437         7.4978        8.13698        7.73683       -1006.42     /gpfs/hpu/EHT2/IHARM_inc-5/MAD_a+0.5_384x192x192_IHARM/m_1_1_1/image_a+0.5_0095_168_0_230.e9_6.2e9_5.68241e+24_1.dat
        96       0.612869        4.28862       -282.481        13.0279        7.52301        9.70401       -1198.95     /gpfs/hpu/EHT2/IHARM_inc-5/MAD_a+0.5_384x192x192_IHARM/m_1_1_1/image_a+0.5_0096_168_0_230.e9_6.2e9_5.68241e+24_1.dat
        97       0.505988        3.96669       -252.059        12.6098        22.5994        18.0505       -1991.26     /gpfs/hpu/EHT2/IHARM_inc-5/MAD_a+0.5_384x192x192_IHARM/m_1_1_1/image_a+0.5_0097_168_0_230.e9_6.2e9_5.68241e+24_1.dat
        98       0.629357         3.7402       -314.105        4.12962        42.6977        25.8616       -2872.61     /gpfs/hpu/EHT2/IHARM_inc-5/MAD_a+0.5_384x192x192_IHARM/m_1_1_1/image_a+0.5_0098_168_0_230.e9_6.2e9_5.68241e+24_1.dat
        99       0.705619        3.64027       -155.981        3.36008        78.3545        45.6935       -4590.18     /gpfs/hpu/EHT2/IHARM_inc-5/MAD_a+0.5_384x192x192_IHARM/m_1_1_1/image_a+0.5_0099_168_0_230.e9_6.2e9_5.68241e+24_1.dat
