   # Index         I (Jy)      M/D (uas)       PA (deg)  VA red. chisq  CP red. chisq     red. chisq     log-liklhd     FileName
         0       0.699823        3.24319        314.836        8.07774         12.036        10.2169       -1029.59     /gpfs/hpu/EHT2/IHARM_inc+5/SANE_a-0.94_288x128x128_IHARM/m_1_1_40/image_a-0.94_1200_22_0_230.e9_6.2e9_9.61255e+28_40.dat
         1       0.420587        3.24096        308.971        14.8552        18.6308        16.7344       -1392.09     /gpfs/hpu/EHT2/IHARM_inc+5/SANE_a-0.94_288x128x128_IHARM/m_1_1_40/image_a-0.94_1206_22_0_230.e9_6.2e9_9.61255e+28_40.dat
         2       0.374341        3.17843        327.956        14.4364        17.9066        16.1459       -1352.59     /gpfs/hpu/EHT2/IHARM_inc+5/SANE_a-0.94_288x128x128_IHARM/m_1_1_40/image_a-0.94_1212_22_0_230.e9_6.2e9_9.61255e+28_40.dat
         3       0.731748        3.14159        299.118        15.8508        7.10945        10.3668       -1041.55     /gpfs/hpu/EHT2/IHARM_inc+5/SANE_a-0.94_288x128x128_IHARM/m_1_1_40/image_a-0.94_1218_22_0_230.e9_6.2e9_9.61255e+28_40.dat
         4       0.782902        3.24267        324.461         6.8558         13.575        10.6417       -1092.73     /gpfs/hpu/EHT2/IHARM_inc+5/SANE_a-0.94_288x128x128_IHARM/m_1_1_40/image_a-0.94_1224_22_0_230.e9_6.2e9_9.61255e+28_40.dat
         5       0.524144        3.44165         235.59        14.0453        53.0041        36.5765          -2759     /gpfs/hpu/EHT2/IHARM_inc+5/SANE_a-0.94_288x128x128_IHARM/m_1_1_40/image_a-0.94_1230_22_0_230.e9_6.2e9_9.61255e+28_40.dat
         6       0.735368        3.37326        328.285        20.2605        89.0763        60.1616       -5194.82     /gpfs/hpu/EHT2/IHARM_inc+5/SANE_a-0.94_288x128x128_IHARM/m_1_1_40/image_a-0.94_1236_22_0_230.e9_6.2e9_9.61255e+28_40.dat
         7       0.726557        3.29458        307.757        7.98181        21.8854        15.9557       -1446.26     /gpfs/hpu/EHT2/IHARM_inc+5/SANE_a-0.94_288x128x128_IHARM/m_1_1_40/image_a-0.94_1242_22_0_230.e9_6.2e9_9.61255e+28_40.dat
         8       0.716432        3.77683        290.549        4.05114        28.1192        18.0748       -1566.14     /gpfs/hpu/EHT2/IHARM_inc+5/SANE_a-0.94_288x128x128_IHARM/m_1_1_40/image_a-0.94_1248_22_0_230.e9_6.2e9_9.61255e+28_40.dat
         9       0.826785        3.28359        308.503        8.87008        15.0152        12.2739       -1203.83     /gpfs/hpu/EHT2/IHARM_inc+5/SANE_a-0.94_288x128x128_IHARM/m_1_1_40/image_a-0.94_1254_22_0_230.e9_6.2e9_9.61255e+28_40.dat
        10       0.532951        3.36588        309.955        13.2553        54.6765        37.2484       -2784.44     /gpfs/hpu/EHT2/IHARM_inc+5/SANE_a-0.94_288x128x128_IHARM/m_1_1_40/image_a-0.94_1260_22_0_230.e9_6.2e9_9.61255e+28_40.dat
        11       0.589354        3.32405        305.938        17.0999         14.209        15.0188       -1331.91     /gpfs/hpu/EHT2/IHARM_inc+5/SANE_a-0.94_288x128x128_IHARM/m_1_1_40/image_a-0.94_1266_22_0_230.e9_6.2e9_9.61255e+28_40.dat
        12       0.447154        3.54276        341.281         8.5627        12.5658        10.7173       -1000.04     /gpfs/hpu/EHT2/IHARM_inc+5/SANE_a-0.94_288x128x128_IHARM/m_1_1_40/image_a-0.94_1272_22_0_230.e9_6.2e9_9.61255e+28_40.dat
        13       0.508379        3.20452        324.905        8.66872        16.2912        12.9435       -1184.53     /gpfs/hpu/EHT2/IHARM_inc+5/SANE_a-0.94_288x128x128_IHARM/m_1_1_40/image_a-0.94_1278_22_0_230.e9_6.2e9_9.61255e+28_40.dat
        14       0.497139        3.23293        300.832        12.8981        19.4943        16.4756       -1446.39     /gpfs/hpu/EHT2/IHARM_inc+5/SANE_a-0.94_288x128x128_IHARM/m_1_1_40/image_a-0.94_1284_22_0_230.e9_6.2e9_9.61255e+28_40.dat
        15       0.578699        3.37711        354.222        17.5839        10.5124        13.0401       -1172.84     /gpfs/hpu/EHT2/IHARM_inc+5/SANE_a-0.94_288x128x128_IHARM/m_1_1_40/image_a-0.94_1290_22_0_230.e9_6.2e9_9.61255e+28_40.dat
        16       0.499316        3.38977        288.689        16.4515        12.6801        13.8686       -1230.26     /gpfs/hpu/EHT2/IHARM_inc+5/SANE_a-0.94_288x128x128_IHARM/m_1_1_40/image_a-0.94_1296_22_0_230.e9_6.2e9_9.61255e+28_40.dat
        17       0.547141        3.33418        340.522        25.5108        9.05934        15.2872       -1298.98     /gpfs/hpu/EHT2/IHARM_inc+5/SANE_a-0.94_288x128x128_IHARM/m_1_1_40/image_a-0.94_1302_22_0_230.e9_6.2e9_9.61255e+28_40.dat
        18       0.557002        3.53276        305.365         20.128        16.4979         17.545       -1487.99     /gpfs/hpu/EHT2/IHARM_inc+5/SANE_a-0.94_288x128x128_IHARM/m_1_1_40/image_a-0.94_1308_22_0_230.e9_6.2e9_9.61255e+28_40.dat
        19       0.566319        3.77417        300.375        4.44288        7.22219        5.97264       -704.135     /gpfs/hpu/EHT2/IHARM_inc+5/SANE_a-0.94_288x128x128_IHARM/m_1_1_40/image_a-0.94_1314_22_0_230.e9_6.2e9_9.61255e+28_40.dat
        20       0.603541        3.84347        328.052        9.59678        13.2171        11.5035       -1078.68     /gpfs/hpu/EHT2/IHARM_inc+5/SANE_a-0.94_288x128x128_IHARM/m_1_1_40/image_a-0.94_1320_22_0_230.e9_6.2e9_9.61255e+28_40.dat
        21       0.822467        3.20127        270.872        8.17046        29.6278        20.5702       -1767.64     /gpfs/hpu/EHT2/IHARM_inc+5/SANE_a-0.94_288x128x128_IHARM/m_1_1_40/image_a-0.94_1326_22_0_230.e9_6.2e9_9.61255e+28_40.dat
        22       0.440615        3.25942        301.424        17.0127        25.9533        21.8723        -1755.2     /gpfs/hpu/EHT2/IHARM_inc+5/SANE_a-0.94_288x128x128_IHARM/m_1_1_40/image_a-0.94_1332_22_0_230.e9_6.2e9_9.61255e+28_40.dat
        23       0.518974         3.3884        297.871        13.8401        29.5274         22.728        -1794.1     /gpfs/hpu/EHT2/IHARM_inc+5/SANE_a-0.94_288x128x128_IHARM/m_1_1_40/image_a-0.94_1338_22_0_230.e9_6.2e9_9.61255e+28_40.dat
        24       0.592602        3.49313        324.219        16.2095        15.1047        15.1959       -1360.58     /gpfs/hpu/EHT2/IHARM_inc+5/SANE_a-0.94_288x128x128_IHARM/m_1_1_40/image_a-0.94_1344_22_0_230.e9_6.2e9_9.61255e+28_40.dat
        25       0.890955         3.1452        306.081        19.4474        29.6439        24.9886       -2123.49     /gpfs/hpu/EHT2/IHARM_inc+5/SANE_a-0.94_288x128x128_IHARM/m_1_1_40/image_a-0.94_1350_22_0_230.e9_6.2e9_9.61255e+28_40.dat
        26       0.535787        3.18596        343.735        15.2605         26.443        21.4744       -1785.09     /gpfs/hpu/EHT2/IHARM_inc+5/SANE_a-0.94_288x128x128_IHARM/m_1_1_40/image_a-0.94_1356_22_0_230.e9_6.2e9_9.61255e+28_40.dat
        27        0.48808        3.47224        327.982        10.7525        13.4442        12.0886       -1122.36     /gpfs/hpu/EHT2/IHARM_inc+5/SANE_a-0.94_288x128x128_IHARM/m_1_1_40/image_a-0.94_1362_22_0_230.e9_6.2e9_9.61255e+28_40.dat
        28       0.676689        3.25386        330.885        22.1066        21.2065        21.0801       -1765.59     /gpfs/hpu/EHT2/IHARM_inc+5/SANE_a-0.94_288x128x128_IHARM/m_1_1_40/image_a-0.94_1368_22_0_230.e9_6.2e9_9.61255e+28_40.dat
        29       0.472301        3.53246        285.861        17.0645        15.7563        15.9123       -1361.08     /gpfs/hpu/EHT2/IHARM_inc+5/SANE_a-0.94_288x128x128_IHARM/m_1_1_40/image_a-0.94_1374_22_0_230.e9_6.2e9_9.61255e+28_40.dat
        30       0.658983        3.26002        330.944        12.6882        16.1836        14.4519       -1296.39     /gpfs/hpu/EHT2/IHARM_inc+5/SANE_a-0.94_288x128x128_IHARM/m_1_1_40/image_a-0.94_1380_22_0_230.e9_6.2e9_9.61255e+28_40.dat
        31       0.688513        3.16981        326.319        26.0791        12.4702        17.5097       -1506.26     /gpfs/hpu/EHT2/IHARM_inc+5/SANE_a-0.94_288x128x128_IHARM/m_1_1_40/image_a-0.94_1386_22_0_230.e9_6.2e9_9.61255e+28_40.dat
        32       0.756644         3.6504        297.622        27.2197         21.068        22.9979       -2267.16     /gpfs/hpu/EHT2/IHARM_inc+5/SANE_a-0.94_288x128x128_IHARM/m_1_1_40/image_a-0.94_1392_22_0_230.e9_6.2e9_9.61255e+28_40.dat
        33       0.653777        3.29103         300.55        9.70942        16.8794        13.6953       -1255.48     /gpfs/hpu/EHT2/IHARM_inc+5/SANE_a-0.94_288x128x128_IHARM/m_1_1_40/image_a-0.94_1398_22_0_230.e9_6.2e9_9.61255e+28_40.dat
        34       0.543223        3.32489        317.352        14.3086        12.2308        12.7673       -1148.15     /gpfs/hpu/EHT2/IHARM_inc+5/SANE_a-0.94_288x128x128_IHARM/m_1_1_40/image_a-0.94_1404_22_0_230.e9_6.2e9_9.61255e+28_40.dat
        35        0.59757         3.5385        270.446        7.82619        44.1375         28.945       -2267.57     /gpfs/hpu/EHT2/IHARM_inc+5/SANE_a-0.94_288x128x128_IHARM/m_1_1_40/image_a-0.94_1410_22_0_230.e9_6.2e9_9.61255e+28_40.dat
        36       0.419539        3.70175        242.368        6.76528        17.3521        12.8215        -1136.2     /gpfs/hpu/EHT2/IHARM_inc+5/SANE_a-0.94_288x128x128_IHARM/m_1_1_40/image_a-0.94_1416_22_0_230.e9_6.2e9_9.61255e+28_40.dat
        37       0.651612        3.83862        258.621        20.8746        29.4267        25.4193       -2040.88     /gpfs/hpu/EHT2/IHARM_inc+5/SANE_a-0.94_288x128x128_IHARM/m_1_1_40/image_a-0.94_1422_22_0_230.e9_6.2e9_9.61255e+28_40.dat
        38       0.949565        3.82174        282.626         49.699        21.6891        32.1512       -2495.08     /gpfs/hpu/EHT2/IHARM_inc+5/SANE_a-0.94_288x128x128_IHARM/m_1_1_40/image_a-0.94_1428_22_0_230.e9_6.2e9_9.61255e+28_40.dat
        39        0.64112        3.71289        315.698        30.1901         35.534        32.6432       -2606.58     /gpfs/hpu/EHT2/IHARM_inc+5/SANE_a-0.94_288x128x128_IHARM/m_1_1_40/image_a-0.94_1434_22_0_230.e9_6.2e9_9.61255e+28_40.dat
        40       0.410725        3.44554        306.601        11.1231         10.225        10.3455        -965.26     /gpfs/hpu/EHT2/IHARM_inc+5/SANE_a-0.94_288x128x128_IHARM/m_1_1_40/image_a-0.94_1440_22_0_230.e9_6.2e9_9.61255e+28_40.dat
        41       0.505017        3.18157        344.068        42.0145        33.5543        36.1052       -2741.74     /gpfs/hpu/EHT2/IHARM_inc+5/SANE_a-0.94_288x128x128_IHARM/m_1_1_40/image_a-0.94_1446_22_0_230.e9_6.2e9_9.61255e+28_40.dat
        42       0.456047        3.38484         339.48        23.0017        9.74148        14.7062       -1265.52     /gpfs/hpu/EHT2/IHARM_inc+5/SANE_a-0.94_288x128x128_IHARM/m_1_1_40/image_a-0.94_1452_22_0_230.e9_6.2e9_9.61255e+28_40.dat
        43       0.718767        3.55616        318.458        14.0758        10.3497        11.5731       -1100.28     /gpfs/hpu/EHT2/IHARM_inc+5/SANE_a-0.94_288x128x128_IHARM/m_1_1_40/image_a-0.94_1458_22_0_230.e9_6.2e9_9.61255e+28_40.dat
        44       0.813754        3.54558        323.753        14.9474         38.446        28.3914        -2323.1     /gpfs/hpu/EHT2/IHARM_inc+5/SANE_a-0.94_288x128x128_IHARM/m_1_1_40/image_a-0.94_1464_22_0_230.e9_6.2e9_9.61255e+28_40.dat
        45       0.386099        3.57467        309.292        8.02649        9.72584        8.84205         -859.2     /gpfs/hpu/EHT2/IHARM_inc+5/SANE_a-0.94_288x128x128_IHARM/m_1_1_40/image_a-0.94_1470_22_0_230.e9_6.2e9_9.61255e+28_40.dat
        46       0.352931        3.37412        331.612        15.4976        13.3816        13.9071        -1228.6     /gpfs/hpu/EHT2/IHARM_inc+5/SANE_a-0.94_288x128x128_IHARM/m_1_1_40/image_a-0.94_1476_22_0_230.e9_6.2e9_9.61255e+28_40.dat
        47         0.7219        3.09187        334.919        22.6501         17.976         19.398       -1662.42     /gpfs/hpu/EHT2/IHARM_inc+5/SANE_a-0.94_288x128x128_IHARM/m_1_1_40/image_a-0.94_1482_22_0_230.e9_6.2e9_9.61255e+28_40.dat
        48       0.573698        3.15163        329.399        20.0897        19.3622        19.2099       -1624.79     /gpfs/hpu/EHT2/IHARM_inc+5/SANE_a-0.94_288x128x128_IHARM/m_1_1_40/image_a-0.94_1488_22_0_230.e9_6.2e9_9.61255e+28_40.dat
        49        0.46735        3.44304        315.301        14.5784        13.9479        13.8798       -1203.45     /gpfs/hpu/EHT2/IHARM_inc+5/SANE_a-0.94_288x128x128_IHARM/m_1_1_40/image_a-0.94_1494_22_0_230.e9_6.2e9_9.61255e+28_40.dat
        50       0.584533         3.4818        335.027        8.68554         20.897        15.6512       -1360.68     /gpfs/hpu/EHT2/IHARM_inc+5/SANE_a-0.94_288x128x128_IHARM/m_1_1_40/image_a-0.94_1500_22_0_230.e9_6.2e9_9.61255e+28_40.dat
        51        0.45716        3.35522        333.961        27.8019        25.0389        25.5544       -2003.37     /gpfs/hpu/EHT2/IHARM_inc+5/SANE_a-0.94_288x128x128_IHARM/m_1_1_40/image_a-0.94_1506_22_0_230.e9_6.2e9_9.61255e+28_40.dat
        52       0.505986        3.39872        302.004        25.7231        56.9903          43.48       -3244.56     /gpfs/hpu/EHT2/IHARM_inc+5/SANE_a-0.94_288x128x128_IHARM/m_1_1_40/image_a-0.94_1512_22_0_230.e9_6.2e9_9.61255e+28_40.dat
        53        0.61079        3.32498        359.942        21.6571         27.185        24.4105       -2002.87     /gpfs/hpu/EHT2/IHARM_inc+5/SANE_a-0.94_288x128x128_IHARM/m_1_1_40/image_a-0.94_1518_22_0_230.e9_6.2e9_9.61255e+28_40.dat
        54        0.68867         3.4422        308.862        29.2096         51.571         41.665       -3172.88     /gpfs/hpu/EHT2/IHARM_inc+5/SANE_a-0.94_288x128x128_IHARM/m_1_1_40/image_a-0.94_1524_22_0_230.e9_6.2e9_9.61255e+28_40.dat
        55       0.657507        3.73963        306.207         6.4002         16.008        11.8905       -1094.62     /gpfs/hpu/EHT2/IHARM_inc+5/SANE_a-0.94_288x128x128_IHARM/m_1_1_40/image_a-0.94_1530_22_0_230.e9_6.2e9_9.61255e+28_40.dat
        56       0.492462        3.46556        213.311        17.1861         29.026        23.7422       -1883.25     /gpfs/hpu/EHT2/IHARM_inc+5/SANE_a-0.94_288x128x128_IHARM/m_1_1_40/image_a-0.94_1536_22_0_230.e9_6.2e9_9.61255e+28_40.dat
        57        0.87366        3.69219        209.704        15.4221         40.886         30.008       -2383.64     /gpfs/hpu/EHT2/IHARM_inc+5/SANE_a-0.94_288x128x128_IHARM/m_1_1_40/image_a-0.94_1542_22_0_230.e9_6.2e9_9.61255e+28_40.dat
        58       0.718381        3.32737        289.141        25.0211        48.1895        38.0442       -2914.15     /gpfs/hpu/EHT2/IHARM_inc+5/SANE_a-0.94_288x128x128_IHARM/m_1_1_40/image_a-0.94_1548_22_0_230.e9_6.2e9_9.61255e+28_40.dat
        59       0.556571         3.3047         312.03        16.1196        28.6429        23.1005        -1863.3     /gpfs/hpu/EHT2/IHARM_inc+5/SANE_a-0.94_288x128x128_IHARM/m_1_1_40/image_a-0.94_1554_22_0_230.e9_6.2e9_9.61255e+28_40.dat
        60       0.668126        3.47329        335.781          28.46         24.533         25.515       -2031.05     /gpfs/hpu/EHT2/IHARM_inc+5/SANE_a-0.94_288x128x128_IHARM/m_1_1_40/image_a-0.94_1560_22_0_230.e9_6.2e9_9.61255e+28_40.dat
        61       0.554512         3.3597        352.958        21.5017        59.3237         43.198       -3220.39     /gpfs/hpu/EHT2/IHARM_inc+5/SANE_a-0.94_288x128x128_IHARM/m_1_1_40/image_a-0.94_1566_22_0_230.e9_6.2e9_9.61255e+28_40.dat
        62       0.656218        3.57918        294.272        6.93552        8.34477        7.60556       -863.041     /gpfs/hpu/EHT2/IHARM_inc+5/SANE_a-0.94_288x128x128_IHARM/m_1_1_40/image_a-0.94_1572_22_0_230.e9_6.2e9_9.61255e+28_40.dat
        63       0.501986        3.44526         278.94        4.26978        9.65974        7.33449       -788.277     /gpfs/hpu/EHT2/IHARM_inc+5/SANE_a-0.94_288x128x128_IHARM/m_1_1_40/image_a-0.94_1578_22_0_230.e9_6.2e9_9.61255e+28_40.dat
        64       0.484223        3.75227        240.177        14.9922        12.5984        13.2502       -1184.14     /gpfs/hpu/EHT2/IHARM_inc+5/SANE_a-0.94_288x128x128_IHARM/m_1_1_40/image_a-0.94_1584_22_0_230.e9_6.2e9_9.61255e+28_40.dat
        65       0.561155        3.58273        269.884        16.0221        20.5074        18.2912       -1567.69     /gpfs/hpu/EHT2/IHARM_inc+5/SANE_a-0.94_288x128x128_IHARM/m_1_1_40/image_a-0.94_1590_22_0_230.e9_6.2e9_9.61255e+28_40.dat
        66       0.436571        3.67427        273.508        15.6747        26.3084        21.5575       -1761.63     /gpfs/hpu/EHT2/IHARM_inc+5/SANE_a-0.94_288x128x128_IHARM/m_1_1_40/image_a-0.94_1596_22_0_230.e9_6.2e9_9.61255e+28_40.dat
        67       0.482226        3.26756        295.341        14.8047        26.6131         21.396       -1749.69     /gpfs/hpu/EHT2/IHARM_inc+5/SANE_a-0.94_288x128x128_IHARM/m_1_1_40/image_a-0.94_1602_22_0_230.e9_6.2e9_9.61255e+28_40.dat
        68       0.529205        3.48884        281.451        45.6473        29.2065        34.9757       -2659.92     /gpfs/hpu/EHT2/IHARM_inc+5/SANE_a-0.94_288x128x128_IHARM/m_1_1_40/image_a-0.94_1608_22_0_230.e9_6.2e9_9.61255e+28_40.dat
        69       0.651926        3.78392        247.558        4.57769        17.4545        12.0263       -1098.58     /gpfs/hpu/EHT2/IHARM_inc+5/SANE_a-0.94_288x128x128_IHARM/m_1_1_40/image_a-0.94_1614_22_0_230.e9_6.2e9_9.61255e+28_40.dat
        70       0.717124          3.598        310.053        7.14295        8.15488         7.5753       -829.112     /gpfs/hpu/EHT2/IHARM_inc+5/SANE_a-0.94_288x128x128_IHARM/m_1_1_40/image_a-0.94_1620_22_0_230.e9_6.2e9_9.61255e+28_40.dat
        71       0.454537        3.67267        285.545        7.71435        8.41556        7.95158       -807.756     /gpfs/hpu/EHT2/IHARM_inc+5/SANE_a-0.94_288x128x128_IHARM/m_1_1_40/image_a-0.94_1626_22_0_230.e9_6.2e9_9.61255e+28_40.dat
        72          0.615        3.15946        260.481        18.1936        16.2869         16.665       -1448.41     /gpfs/hpu/EHT2/IHARM_inc+5/SANE_a-0.94_288x128x128_IHARM/m_1_1_40/image_a-0.94_1632_22_0_230.e9_6.2e9_9.61255e+28_40.dat
        73       0.637214        3.28345        316.347         5.1279        22.6618        15.2953        -1341.5     /gpfs/hpu/EHT2/IHARM_inc+5/SANE_a-0.94_288x128x128_IHARM/m_1_1_40/image_a-0.94_1638_22_0_230.e9_6.2e9_9.61255e+28_40.dat
        74       0.621734        3.83895        288.707        10.0457        23.2135        17.5416        -1474.8     /gpfs/hpu/EHT2/IHARM_inc+5/SANE_a-0.94_288x128x128_IHARM/m_1_1_40/image_a-0.94_1644_22_0_230.e9_6.2e9_9.61255e+28_40.dat
        75       0.405894        3.63217        270.754        12.6998        18.2083        15.6439       -1344.16     /gpfs/hpu/EHT2/IHARM_inc+5/SANE_a-0.94_288x128x128_IHARM/m_1_1_40/image_a-0.94_1650_22_0_230.e9_6.2e9_9.61255e+28_40.dat
        76       0.653314        3.79891        295.814        7.90947        14.6505        11.6845       -1099.84     /gpfs/hpu/EHT2/IHARM_inc+5/SANE_a-0.94_288x128x128_IHARM/m_1_1_40/image_a-0.94_1656_22_0_230.e9_6.2e9_9.61255e+28_40.dat
        77       0.598917        3.71047        337.361         8.2496        7.44057        7.58905       -816.787     /gpfs/hpu/EHT2/IHARM_inc+5/SANE_a-0.94_288x128x128_IHARM/m_1_1_40/image_a-0.94_1662_22_0_230.e9_6.2e9_9.61255e+28_40.dat
        78       0.698262        3.60987        304.541        17.3044        21.9477        19.6372       -1711.31     /gpfs/hpu/EHT2/IHARM_inc+5/SANE_a-0.94_288x128x128_IHARM/m_1_1_40/image_a-0.94_1668_22_0_230.e9_6.2e9_9.61255e+28_40.dat
        79        1.17025        4.05141         287.91        7.27257        98.2877        60.4858       -4587.63     /gpfs/hpu/EHT2/IHARM_inc+5/SANE_a-0.94_288x128x128_IHARM/m_1_1_40/image_a-0.94_1674_22_0_230.e9_6.2e9_9.61255e+28_40.dat
        80       0.650493        3.67196        309.504        11.6529        22.7109        17.8752       -1566.01     /gpfs/hpu/EHT2/IHARM_inc+5/SANE_a-0.94_288x128x128_IHARM/m_1_1_40/image_a-0.94_1680_22_0_230.e9_6.2e9_9.61255e+28_40.dat
        81       0.704594        4.03355        346.019        12.8421        16.9735        14.9754       -1311.25     /gpfs/hpu/EHT2/IHARM_inc+5/SANE_a-0.94_288x128x128_IHARM/m_1_1_40/image_a-0.94_1686_22_0_230.e9_6.2e9_9.61255e+28_40.dat
        82       0.698083        3.08821        302.423        24.3598         15.287        18.4895       -1595.78     /gpfs/hpu/EHT2/IHARM_inc+5/SANE_a-0.94_288x128x128_IHARM/m_1_1_40/image_a-0.94_1692_22_0_230.e9_6.2e9_9.61255e+28_40.dat
        83       0.893867        3.48228        77.0366        33.7489        76.5405        58.0835       -4281.75     /gpfs/hpu/EHT2/IHARM_inc+5/SANE_a-0.94_288x128x128_IHARM/m_1_1_40/image_a-0.94_1698_22_0_230.e9_6.2e9_9.61255e+28_40.dat
        84       0.873856        3.86859        246.841         17.815        61.1257        42.8134       -3257.79     /gpfs/hpu/EHT2/IHARM_inc+5/SANE_a-0.94_288x128x128_IHARM/m_1_1_40/image_a-0.94_1704_22_0_230.e9_6.2e9_9.61255e+28_40.dat
        85       0.714475         3.0919        340.092        17.1077        40.4494         30.411       -2447.17     /gpfs/hpu/EHT2/IHARM_inc+5/SANE_a-0.94_288x128x128_IHARM/m_1_1_40/image_a-0.94_1710_22_0_230.e9_6.2e9_9.61255e+28_40.dat
        86       0.506359        3.66367        302.421        14.0312        38.2722        27.9313       -2138.36     /gpfs/hpu/EHT2/IHARM_inc+5/SANE_a-0.94_288x128x128_IHARM/m_1_1_40/image_a-0.94_1716_22_0_230.e9_6.2e9_9.61255e+28_40.dat
        87       0.894225        3.42402        317.133        11.1411         45.613        31.1064       -2482.21     /gpfs/hpu/EHT2/IHARM_inc+5/SANE_a-0.94_288x128x128_IHARM/m_1_1_40/image_a-0.94_1722_22_0_230.e9_6.2e9_9.61255e+28_40.dat
        88        1.07586        4.06921        309.198        16.3328        36.0719        27.5407       -2625.33     /gpfs/hpu/EHT2/IHARM_inc+5/SANE_a-0.94_288x128x128_IHARM/m_1_1_40/image_a-0.94_1728_22_0_230.e9_6.2e9_9.61255e+28_40.dat
        89       0.613008        3.84746        343.454        15.1581        30.7529         23.962       -1942.31     /gpfs/hpu/EHT2/IHARM_inc+5/SANE_a-0.94_288x128x128_IHARM/m_1_1_40/image_a-0.94_1734_22_0_230.e9_6.2e9_9.61255e+28_40.dat
        90       0.491794        3.47381         279.69        13.2651        25.5525         20.172        -1661.6     /gpfs/hpu/EHT2/IHARM_inc+5/SANE_a-0.94_288x128x128_IHARM/m_1_1_40/image_a-0.94_1740_22_0_230.e9_6.2e9_9.61255e+28_40.dat
        91        0.54191        3.54771        330.838        8.46937        22.0267        16.2292       -1404.03     /gpfs/hpu/EHT2/IHARM_inc+5/SANE_a-0.94_288x128x128_IHARM/m_1_1_40/image_a-0.94_1746_22_0_230.e9_6.2e9_9.61255e+28_40.dat
        92        0.87975        3.43918        299.969        10.2322        44.9011        30.3335       -2477.42     /gpfs/hpu/EHT2/IHARM_inc+5/SANE_a-0.94_288x128x128_IHARM/m_1_1_40/image_a-0.94_1752_22_0_230.e9_6.2e9_9.61255e+28_40.dat
        93       0.613499        3.37269        293.098        18.4589        49.6845        36.3553       -2786.43     /gpfs/hpu/EHT2/IHARM_inc+5/SANE_a-0.94_288x128x128_IHARM/m_1_1_40/image_a-0.94_1758_22_0_230.e9_6.2e9_9.61255e+28_40.dat
        94       0.556547        3.31731        292.486        20.2236        26.0396        23.1784       -2047.56     /gpfs/hpu/EHT2/IHARM_inc+5/SANE_a-0.94_288x128x128_IHARM/m_1_1_40/image_a-0.94_1764_22_0_230.e9_6.2e9_9.61255e+28_40.dat
        95       0.759992        3.30393        316.323        17.2445        28.7942         23.629       -1973.75     /gpfs/hpu/EHT2/IHARM_inc+5/SANE_a-0.94_288x128x128_IHARM/m_1_1_40/image_a-0.94_1770_22_0_230.e9_6.2e9_9.61255e+28_40.dat
        96       0.691001        3.95719        230.499        9.46949        25.7644        18.8123       -1571.37     /gpfs/hpu/EHT2/IHARM_inc+5/SANE_a-0.94_288x128x128_IHARM/m_1_1_40/image_a-0.94_1776_22_0_230.e9_6.2e9_9.61255e+28_40.dat
        97       0.491359        3.58392        293.319        22.7779        12.4245        16.1922       -1384.85     /gpfs/hpu/EHT2/IHARM_inc+5/SANE_a-0.94_288x128x128_IHARM/m_1_1_40/image_a-0.94_1782_22_0_230.e9_6.2e9_9.61255e+28_40.dat
        98       0.644005        3.40992        254.532        12.5485        10.2279        10.9045       -1063.04     /gpfs/hpu/EHT2/IHARM_inc+5/SANE_a-0.94_288x128x128_IHARM/m_1_1_40/image_a-0.94_1788_22_0_230.e9_6.2e9_9.61255e+28_40.dat
        99       0.781682        3.43334        269.523        15.0869        24.3485        20.1782        -1719.5     /gpfs/hpu/EHT2/IHARM_inc+5/SANE_a-0.94_288x128x128_IHARM/m_1_1_40/image_a-0.94_1794_22_0_230.e9_6.2e9_9.61255e+28_40.dat
