   # Index         I (Jy)      M/D (uas)       PA (deg)  VA red. chisq  CP red. chisq     red. chisq     log-liklhd     FileName
         0        1.07201        4.20195        16.2144        6.55354        35.3736        22.4296        -2942.9     /gpfs/hpu/EHT2/IHARM_inc-5/MAD_a+0.94_384x192x192_IHARM/m_1_1_40/image_a+0.94_0000_168_0_230.e9_6.2e9_9.60142e+24_40.dat
         1       0.552009        4.09306        79.8335        17.9298        35.3444        27.3058       -2959.65     /gpfs/hpu/EHT2/IHARM_inc-5/MAD_a+0.94_384x192x192_IHARM/m_1_1_40/image_a+0.94_0001_168_0_230.e9_6.2e9_9.60142e+24_40.dat
         2       0.676198        3.93441        168.572        9.10431        27.9944        19.4355       -2255.26     /gpfs/hpu/EHT2/IHARM_inc-5/MAD_a+0.94_384x192x192_IHARM/m_1_1_40/image_a+0.94_0002_168_0_230.e9_6.2e9_9.60142e+24_40.dat
         3       0.683471        4.10933        169.012        6.86873        14.5192        11.0034       -1408.81     /gpfs/hpu/EHT2/IHARM_inc-5/MAD_a+0.94_384x192x192_IHARM/m_1_1_40/image_a+0.94_0003_168_0_230.e9_6.2e9_9.60142e+24_40.dat
         4         0.4718        4.02116         167.21        5.14355        16.7184        11.4807       -1417.72     /gpfs/hpu/EHT2/IHARM_inc-5/MAD_a+0.94_384x192x192_IHARM/m_1_1_40/image_a+0.94_0004_168_0_230.e9_6.2e9_9.60142e+24_40.dat
         5       0.515248         3.7953        88.3798        13.0243        15.3004        14.0837       -1668.74     /gpfs/hpu/EHT2/IHARM_inc-5/MAD_a+0.94_384x192x192_IHARM/m_1_1_40/image_a+0.94_0005_168_0_230.e9_6.2e9_9.60142e+24_40.dat
         6       0.598656        4.26276        60.6345        5.30447        13.9798        10.0317       -1302.74     /gpfs/hpu/EHT2/IHARM_inc-5/MAD_a+0.94_384x192x192_IHARM/m_1_1_40/image_a+0.94_0006_168_0_230.e9_6.2e9_9.60142e+24_40.dat
         7        0.56387        3.95988        43.8414         11.416        32.7254        23.0526          -2563     /gpfs/hpu/EHT2/IHARM_inc-5/MAD_a+0.94_384x192x192_IHARM/m_1_1_40/image_a+0.94_0007_168_0_230.e9_6.2e9_9.60142e+24_40.dat
         8       0.459161        4.07532        74.2185        5.92057           24.4        16.0736       -1870.25     /gpfs/hpu/EHT2/IHARM_inc-5/MAD_a+0.94_384x192x192_IHARM/m_1_1_40/image_a+0.94_0008_168_0_230.e9_6.2e9_9.60142e+24_40.dat
         9       0.503759         3.9718        82.0304        10.6338        11.6902        11.0542        -1388.1     /gpfs/hpu/EHT2/IHARM_inc-5/MAD_a+0.94_384x192x192_IHARM/m_1_1_40/image_a+0.94_0009_168_0_230.e9_6.2e9_9.60142e+24_40.dat
        10       0.403807        4.12815        65.5084         8.4845        19.4737        14.4451       -1749.81     /gpfs/hpu/EHT2/IHARM_inc-5/MAD_a+0.94_384x192x192_IHARM/m_1_1_40/image_a+0.94_0010_168_0_230.e9_6.2e9_9.60142e+24_40.dat
        11        0.53646        3.90639        49.4563         7.4667        12.0019        9.86495       -1313.49     /gpfs/hpu/EHT2/IHARM_inc-5/MAD_a+0.94_384x192x192_IHARM/m_1_1_40/image_a+0.94_0011_168_0_230.e9_6.2e9_9.60142e+24_40.dat
        12       0.548993        4.10266        138.278        7.76135        21.8314        15.4412       -1826.56     /gpfs/hpu/EHT2/IHARM_inc-5/MAD_a+0.94_384x192x192_IHARM/m_1_1_40/image_a+0.94_0012_168_0_230.e9_6.2e9_9.60142e+24_40.dat
        13       0.643705        4.06461        50.6639        16.0167        11.8086        13.4347       -1615.26     /gpfs/hpu/EHT2/IHARM_inc-5/MAD_a+0.94_384x192x192_IHARM/m_1_1_40/image_a+0.94_0013_168_0_230.e9_6.2e9_9.60142e+24_40.dat
        14       0.599391        3.98173        99.0729        15.2039        15.0065        14.8581       -1757.93     /gpfs/hpu/EHT2/IHARM_inc-5/MAD_a+0.94_384x192x192_IHARM/m_1_1_40/image_a+0.94_0014_168_0_230.e9_6.2e9_9.60142e+24_40.dat
        15       0.559025        3.92436        70.6794        17.5378        17.4354        17.2084       -1991.68     /gpfs/hpu/EHT2/IHARM_inc-5/MAD_a+0.94_384x192x192_IHARM/m_1_1_40/image_a+0.94_0015_168_0_230.e9_6.2e9_9.60142e+24_40.dat
        16       0.636996        4.32151          179.7        6.18325        19.7173        13.5905       -1642.08     /gpfs/hpu/EHT2/IHARM_inc-5/MAD_a+0.94_384x192x192_IHARM/m_1_1_40/image_a+0.94_0016_168_0_230.e9_6.2e9_9.60142e+24_40.dat
        17       0.559616        3.88745        139.445        7.90012        21.3598        15.2394       -1792.61     /gpfs/hpu/EHT2/IHARM_inc-5/MAD_a+0.94_384x192x192_IHARM/m_1_1_40/image_a+0.94_0017_168_0_230.e9_6.2e9_9.60142e+24_40.dat
        18       0.738289        4.37482        58.8927         9.1848        49.4117         31.344       -3456.67     /gpfs/hpu/EHT2/IHARM_inc-5/MAD_a+0.94_384x192x192_IHARM/m_1_1_40/image_a+0.94_0018_168_0_230.e9_6.2e9_9.60142e+24_40.dat
        19       0.572078        4.31097        161.358        3.06632        12.3126        8.14482        -1089.9     /gpfs/hpu/EHT2/IHARM_inc-5/MAD_a+0.94_384x192x192_IHARM/m_1_1_40/image_a+0.94_0019_168_0_230.e9_6.2e9_9.60142e+24_40.dat
        20       0.578426        4.08639        114.872        3.74439        11.8123        8.15909       -1080.46     /gpfs/hpu/EHT2/IHARM_inc-5/MAD_a+0.94_384x192x192_IHARM/m_1_1_40/image_a+0.94_0020_168_0_230.e9_6.2e9_9.60142e+24_40.dat
        21       0.571784        4.31171        152.234        4.75496        19.3351        12.7643        -1547.6     /gpfs/hpu/EHT2/IHARM_inc-5/MAD_a+0.94_384x192x192_IHARM/m_1_1_40/image_a+0.94_0021_168_0_230.e9_6.2e9_9.60142e+24_40.dat
        22       0.563475        3.95265        130.026        3.97955        17.6063        11.4724       -1425.97     /gpfs/hpu/EHT2/IHARM_inc-5/MAD_a+0.94_384x192x192_IHARM/m_1_1_40/image_a+0.94_0022_168_0_230.e9_6.2e9_9.60142e+24_40.dat
        23       0.693931         4.0808        22.3187         8.8352        19.1782        14.4321       -1741.37     /gpfs/hpu/EHT2/IHARM_inc-5/MAD_a+0.94_384x192x192_IHARM/m_1_1_40/image_a+0.94_0023_168_0_230.e9_6.2e9_9.60142e+24_40.dat
        24       0.889126        4.08605        136.934        5.30439        22.8176        14.9313       -1865.59     /gpfs/hpu/EHT2/IHARM_inc-5/MAD_a+0.94_384x192x192_IHARM/m_1_1_40/image_a+0.94_0024_168_0_230.e9_6.2e9_9.60142e+24_40.dat
        25       0.675509        4.28901        359.301        3.35449        9.52062        6.72088       -983.276     /gpfs/hpu/EHT2/IHARM_inc-5/MAD_a+0.94_384x192x192_IHARM/m_1_1_40/image_a+0.94_0025_168_0_230.e9_6.2e9_9.60142e+24_40.dat
        26        1.52338        2.30551        327.151        130.042        337.885         243.25       -24776.7     /gpfs/hpu/EHT2/IHARM_inc-5/MAD_a+0.94_384x192x192_IHARM/m_1_1_40/image_a+0.94_0026_168_0_230.e9_6.2e9_9.60142e+24_40.dat
        27        0.71548        4.15916        349.011        2.62912        16.5395        10.3002        -1290.7     /gpfs/hpu/EHT2/IHARM_inc-5/MAD_a+0.94_384x192x192_IHARM/m_1_1_40/image_a+0.94_0027_168_0_230.e9_6.2e9_9.60142e+24_40.dat
        28       0.734796        4.10788        78.8995        13.5189        24.3681        19.3236       -2167.39     /gpfs/hpu/EHT2/IHARM_inc-5/MAD_a+0.94_384x192x192_IHARM/m_1_1_40/image_a+0.94_0028_168_0_230.e9_6.2e9_9.60142e+24_40.dat
        29       0.547551        3.99557        76.5399         1.9198        7.60581        5.04231       -815.739     /gpfs/hpu/EHT2/IHARM_inc-5/MAD_a+0.94_384x192x192_IHARM/m_1_1_40/image_a+0.94_0029_168_0_230.e9_6.2e9_9.60142e+24_40.dat
        30       0.578475        3.65499        170.644         6.6454        20.5214         14.235       -1736.62     /gpfs/hpu/EHT2/IHARM_inc-5/MAD_a+0.94_384x192x192_IHARM/m_1_1_40/image_a+0.94_0030_168_0_230.e9_6.2e9_9.60142e+24_40.dat
        31       0.647441         4.1514        164.492        3.61557        14.7405        9.72709       -1288.42     /gpfs/hpu/EHT2/IHARM_inc-5/MAD_a+0.94_384x192x192_IHARM/m_1_1_40/image_a+0.94_0031_168_0_230.e9_6.2e9_9.60142e+24_40.dat
        32        0.66967        4.35711        75.0343        14.6097        10.7275        12.2303       -1500.22     /gpfs/hpu/EHT2/IHARM_inc-5/MAD_a+0.94_384x192x192_IHARM/m_1_1_40/image_a+0.94_0032_168_0_230.e9_6.2e9_9.60142e+24_40.dat
        33        0.75695        4.24889        35.5889        34.2637        13.4944        22.2166       -2516.97     /gpfs/hpu/EHT2/IHARM_inc-5/MAD_a+0.94_384x192x192_IHARM/m_1_1_40/image_a+0.94_0033_168_0_230.e9_6.2e9_9.60142e+24_40.dat
        34       0.649739        3.83933        139.581        3.05929        21.4076        13.1841       -1650.01     /gpfs/hpu/EHT2/IHARM_inc-5/MAD_a+0.94_384x192x192_IHARM/m_1_1_40/image_a+0.94_0034_168_0_230.e9_6.2e9_9.60142e+24_40.dat
        35       0.578157        4.31388        152.081        4.73382        17.6027        11.7948       -1448.33     /gpfs/hpu/EHT2/IHARM_inc-5/MAD_a+0.94_384x192x192_IHARM/m_1_1_40/image_a+0.94_0035_168_0_230.e9_6.2e9_9.60142e+24_40.dat
        36       0.575142        4.29038        162.461        6.06543        20.9157        14.2042       -1673.51     /gpfs/hpu/EHT2/IHARM_inc-5/MAD_a+0.94_384x192x192_IHARM/m_1_1_40/image_a+0.94_0036_168_0_230.e9_6.2e9_9.60142e+24_40.dat
        37       0.536654        3.81345          123.1        8.00571        15.5114        12.0425       -1490.66     /gpfs/hpu/EHT2/IHARM_inc-5/MAD_a+0.94_384x192x192_IHARM/m_1_1_40/image_a+0.94_0037_168_0_230.e9_6.2e9_9.60142e+24_40.dat
        38       0.619446        4.41604        39.5943        8.26937        31.6462        21.1011       -2355.08     /gpfs/hpu/EHT2/IHARM_inc-5/MAD_a+0.94_384x192x192_IHARM/m_1_1_40/image_a+0.94_0038_168_0_230.e9_6.2e9_9.60142e+24_40.dat
        39       0.829337        4.25297        121.992          1.601         7.2394        4.70207       -905.547     /gpfs/hpu/EHT2/IHARM_inc-5/MAD_a+0.94_384x192x192_IHARM/m_1_1_40/image_a+0.94_0039_168_0_230.e9_6.2e9_9.60142e+24_40.dat
        40       0.757118        4.39964        141.818        8.88775        10.6431        9.72279       -1293.24     /gpfs/hpu/EHT2/IHARM_inc-5/MAD_a+0.94_384x192x192_IHARM/m_1_1_40/image_a+0.94_0040_168_0_230.e9_6.2e9_9.60142e+24_40.dat
        41        1.22934        4.60471         158.21        13.5176        22.6114        18.3491       -2159.93     /gpfs/hpu/EHT2/IHARM_inc-5/MAD_a+0.94_384x192x192_IHARM/m_1_1_40/image_a+0.94_0041_168_0_230.e9_6.2e9_9.60142e+24_40.dat
        42       0.829643          4.146        6.74653        19.5395        30.6906         25.418       -2852.66     /gpfs/hpu/EHT2/IHARM_inc-5/MAD_a+0.94_384x192x192_IHARM/m_1_1_40/image_a+0.94_0042_168_0_230.e9_6.2e9_9.60142e+24_40.dat
        43       0.460186        3.68005        122.499        11.7749        14.9941        13.3766       -1630.31     /gpfs/hpu/EHT2/IHARM_inc-5/MAD_a+0.94_384x192x192_IHARM/m_1_1_40/image_a+0.94_0043_168_0_230.e9_6.2e9_9.60142e+24_40.dat
        44       0.526743        4.34229        89.6682        7.39314        5.35184        6.14651       -910.836     /gpfs/hpu/EHT2/IHARM_inc-5/MAD_a+0.94_384x192x192_IHARM/m_1_1_40/image_a+0.94_0044_168_0_230.e9_6.2e9_9.60142e+24_40.dat
        45       0.603659         3.8221        71.9781        2.37368        19.4258        11.7906       -1455.63     /gpfs/hpu/EHT2/IHARM_inc-5/MAD_a+0.94_384x192x192_IHARM/m_1_1_40/image_a+0.94_0045_168_0_230.e9_6.2e9_9.60142e+24_40.dat
        46        0.90527        3.95217       -141.596        4.02877        29.7697         18.237       -3559.07     /gpfs/hpu/EHT2/IHARM_inc-5/MAD_a+0.94_384x192x192_IHARM/m_1_1_40/image_a+0.94_0046_168_0_230.e9_6.2e9_9.60142e+24_40.dat
        47       0.723499        4.47954       -284.884        23.4542        17.2551        19.6528       -2208.75     /gpfs/hpu/EHT2/IHARM_inc-5/MAD_a+0.94_384x192x192_IHARM/m_1_1_40/image_a+0.94_0047_168_0_230.e9_6.2e9_9.60142e+24_40.dat
        48       0.666625        4.41447        -177.79        18.2641        21.6087        19.8344       -2258.09     /gpfs/hpu/EHT2/IHARM_inc-5/MAD_a+0.94_384x192x192_IHARM/m_1_1_40/image_a+0.94_0048_168_0_230.e9_6.2e9_9.60142e+24_40.dat
        49       0.909126        4.64035       -277.923        8.94679        20.6791        15.3121       -1838.34     /gpfs/hpu/EHT2/IHARM_inc-5/MAD_a+0.94_384x192x192_IHARM/m_1_1_40/image_a+0.94_0049_168_0_230.e9_6.2e9_9.60142e+24_40.dat
        50       0.680298        4.58096       -321.017        10.5596        12.3983        11.4149        -1409.2     /gpfs/hpu/EHT2/IHARM_inc-5/MAD_a+0.94_384x192x192_IHARM/m_1_1_40/image_a+0.94_0050_168_0_230.e9_6.2e9_9.60142e+24_40.dat
        51       0.917975        4.67771       -203.193         11.393        23.7978        18.0932       -2199.79     /gpfs/hpu/EHT2/IHARM_inc-5/MAD_a+0.94_384x192x192_IHARM/m_1_1_40/image_a+0.94_0051_168_0_230.e9_6.2e9_9.60142e+24_40.dat
        52       0.752076        5.01056       -209.624        30.0068        17.2993        22.4953       -2540.52     /gpfs/hpu/EHT2/IHARM_inc-5/MAD_a+0.94_384x192x192_IHARM/m_1_1_40/image_a+0.94_0052_168_0_230.e9_6.2e9_9.60142e+24_40.dat
        53       0.707317        5.09136       -227.491        19.8001        17.0291        17.9561       -2113.49     /gpfs/hpu/EHT2/IHARM_inc-5/MAD_a+0.94_384x192x192_IHARM/m_1_1_40/image_a+0.94_0053_168_0_230.e9_6.2e9_9.60142e+24_40.dat
        54        0.71541        4.81988       -233.311        6.30747        15.6302         11.378        -1431.9     /gpfs/hpu/EHT2/IHARM_inc-5/MAD_a+0.94_384x192x192_IHARM/m_1_1_40/image_a+0.94_0054_168_0_230.e9_6.2e9_9.60142e+24_40.dat
        55       0.597743        4.01852       -306.172         10.601         12.229        11.3388       -1404.75     /gpfs/hpu/EHT2/IHARM_inc-5/MAD_a+0.94_384x192x192_IHARM/m_1_1_40/image_a+0.94_0055_168_0_230.e9_6.2e9_9.60142e+24_40.dat
        56       0.692627        4.50165       -303.443        3.71812        4.88906         4.3095       -800.615     /gpfs/hpu/EHT2/IHARM_inc-5/MAD_a+0.94_384x192x192_IHARM/m_1_1_40/image_a+0.94_0056_168_0_230.e9_6.2e9_9.60142e+24_40.dat
        57       0.614127        4.62145       -260.114        5.57331        9.51204        7.67033       -1071.83     /gpfs/hpu/EHT2/IHARM_inc-5/MAD_a+0.94_384x192x192_IHARM/m_1_1_40/image_a+0.94_0057_168_0_230.e9_6.2e9_9.60142e+24_40.dat
        58       0.496378        4.60701       -286.636        9.67327        21.2421        15.9367       -1829.23     /gpfs/hpu/EHT2/IHARM_inc-5/MAD_a+0.94_384x192x192_IHARM/m_1_1_40/image_a+0.94_0058_168_0_230.e9_6.2e9_9.60142e+24_40.dat
        59       0.438217        4.26177       -260.705        12.0333         21.486        17.0869       -1957.27     /gpfs/hpu/EHT2/IHARM_inc-5/MAD_a+0.94_384x192x192_IHARM/m_1_1_40/image_a+0.94_0059_168_0_230.e9_6.2e9_9.60142e+24_40.dat
        60       0.804043        4.34132       -249.966        7.61333        13.6242        10.8274       -1454.41     /gpfs/hpu/EHT2/IHARM_inc-5/MAD_a+0.94_384x192x192_IHARM/m_1_1_40/image_a+0.94_0060_168_0_230.e9_6.2e9_9.60142e+24_40.dat
        61       0.459447        4.26679       -191.881        9.96777        21.5107        16.2123        -1890.5     /gpfs/hpu/EHT2/IHARM_inc-5/MAD_a+0.94_384x192x192_IHARM/m_1_1_40/image_a+0.94_0061_168_0_230.e9_6.2e9_9.60142e+24_40.dat
        62       0.553914        4.38874       -301.542        5.46704        14.7935        10.5527       -1333.44     /gpfs/hpu/EHT2/IHARM_inc-5/MAD_a+0.94_384x192x192_IHARM/m_1_1_40/image_a+0.94_0062_168_0_230.e9_6.2e9_9.60142e+24_40.dat
        63       0.589677        4.07698       -225.111        3.03263        33.4776        19.8643       -2283.07     /gpfs/hpu/EHT2/IHARM_inc-5/MAD_a+0.94_384x192x192_IHARM/m_1_1_40/image_a+0.94_0063_168_0_230.e9_6.2e9_9.60142e+24_40.dat
        64       0.656574        4.43646        -196.07        5.09751        22.6424        14.7452       -1788.17     /gpfs/hpu/EHT2/IHARM_inc-5/MAD_a+0.94_384x192x192_IHARM/m_1_1_40/image_a+0.94_0064_168_0_230.e9_6.2e9_9.60142e+24_40.dat
        65       0.552898        4.24817       -226.859         2.3238        10.8943        7.03919       -982.826     /gpfs/hpu/EHT2/IHARM_inc-5/MAD_a+0.94_384x192x192_IHARM/m_1_1_40/image_a+0.94_0065_168_0_230.e9_6.2e9_9.60142e+24_40.dat
        66       0.770853        4.07527       -281.666        4.36968        11.6573        8.34202       -1184.54     /gpfs/hpu/EHT2/IHARM_inc-5/MAD_a+0.94_384x192x192_IHARM/m_1_1_40/image_a+0.94_0066_168_0_230.e9_6.2e9_9.60142e+24_40.dat
        67       0.598384        4.22415       -276.676        3.71918        10.6127        7.48314       -1024.46     /gpfs/hpu/EHT2/IHARM_inc-5/MAD_a+0.94_384x192x192_IHARM/m_1_1_40/image_a+0.94_0067_168_0_230.e9_6.2e9_9.60142e+24_40.dat
        68       0.552856        4.08154        -232.83        17.8104        9.42894        12.8868       -1591.14     /gpfs/hpu/EHT2/IHARM_inc-5/MAD_a+0.94_384x192x192_IHARM/m_1_1_40/image_a+0.94_0068_168_0_230.e9_6.2e9_9.60142e+24_40.dat
        69       0.615974        3.59244       -258.217        7.05281         12.297        9.85055       -1242.14     /gpfs/hpu/EHT2/IHARM_inc-5/MAD_a+0.94_384x192x192_IHARM/m_1_1_40/image_a+0.94_0069_168_0_230.e9_6.2e9_9.60142e+24_40.dat
        70       0.593272        4.27508        -280.12        6.88983        4.71696        5.57809       -832.984     /gpfs/hpu/EHT2/IHARM_inc-5/MAD_a+0.94_384x192x192_IHARM/m_1_1_40/image_a+0.94_0070_168_0_230.e9_6.2e9_9.60142e+24_40.dat
        71       0.797366        4.35679       -290.607        8.22481        6.73343        7.27014       -1175.15     /gpfs/hpu/EHT2/IHARM_inc-5/MAD_a+0.94_384x192x192_IHARM/m_1_1_40/image_a+0.94_0071_168_0_230.e9_6.2e9_9.60142e+24_40.dat
        72        1.06998        4.22764       -319.622        17.5366        12.2928        14.3569       -1804.18     /gpfs/hpu/EHT2/IHARM_inc-5/MAD_a+0.94_384x192x192_IHARM/m_1_1_40/image_a+0.94_0072_168_0_230.e9_6.2e9_9.60142e+24_40.dat
        73       0.619266        4.35818        -303.37        5.35022         15.421        10.8503       -1348.87     /gpfs/hpu/EHT2/IHARM_inc-5/MAD_a+0.94_384x192x192_IHARM/m_1_1_40/image_a+0.94_0073_168_0_230.e9_6.2e9_9.60142e+24_40.dat
        74       0.566447        4.03036       -331.091        5.24311        28.8375        18.2424       -2120.99     /gpfs/hpu/EHT2/IHARM_inc-5/MAD_a+0.94_384x192x192_IHARM/m_1_1_40/image_a+0.94_0074_168_0_230.e9_6.2e9_9.60142e+24_40.dat
        75         0.6322        4.02536       -263.595        17.0417          25.91        21.6934        -2425.6     /gpfs/hpu/EHT2/IHARM_inc-5/MAD_a+0.94_384x192x192_IHARM/m_1_1_40/image_a+0.94_0075_168_0_230.e9_6.2e9_9.60142e+24_40.dat
        76       0.617506        3.66249        -212.46        12.8422        30.5478        22.4586       -2508.68     /gpfs/hpu/EHT2/IHARM_inc-5/MAD_a+0.94_384x192x192_IHARM/m_1_1_40/image_a+0.94_0076_168_0_230.e9_6.2e9_9.60142e+24_40.dat
        77       0.636413        4.15077       -209.272        10.9805        15.5599        13.3487       -1611.81     /gpfs/hpu/EHT2/IHARM_inc-5/MAD_a+0.94_384x192x192_IHARM/m_1_1_40/image_a+0.94_0077_168_0_230.e9_6.2e9_9.60142e+24_40.dat
        78       0.659202        4.39714       -243.318        8.63734        7.74657        8.00924       -1078.98     /gpfs/hpu/EHT2/IHARM_inc-5/MAD_a+0.94_384x192x192_IHARM/m_1_1_40/image_a+0.94_0078_168_0_230.e9_6.2e9_9.60142e+24_40.dat
        79       0.728493        3.77895       -334.356        12.7941        38.8914        27.0637       -3017.19     /gpfs/hpu/EHT2/IHARM_inc-5/MAD_a+0.94_384x192x192_IHARM/m_1_1_40/image_a+0.94_0079_168_0_230.e9_6.2e9_9.60142e+24_40.dat
        80        1.10708        4.15774       -286.746        23.0401        23.4548        22.9119       -2949.45     /gpfs/hpu/EHT2/IHARM_inc-5/MAD_a+0.94_384x192x192_IHARM/m_1_1_40/image_a+0.94_0080_168_0_230.e9_6.2e9_9.60142e+24_40.dat
        81       0.671371        4.60677       -275.897        8.42223        17.9617          13.58       -1614.01     /gpfs/hpu/EHT2/IHARM_inc-5/MAD_a+0.94_384x192x192_IHARM/m_1_1_40/image_a+0.94_0081_168_0_230.e9_6.2e9_9.60142e+24_40.dat
        82       0.698965        4.51174       -157.334        6.11006        28.6486        18.5105       -2185.14     /gpfs/hpu/EHT2/IHARM_inc-5/MAD_a+0.94_384x192x192_IHARM/m_1_1_40/image_a+0.94_0082_168_0_230.e9_6.2e9_9.60142e+24_40.dat
        83       0.546388        3.93408         149.23        5.72771        47.2693        28.6695       -3121.71     /gpfs/hpu/EHT2/IHARM_inc-5/MAD_a+0.94_384x192x192_IHARM/m_1_1_40/image_a+0.94_0083_168_0_230.e9_6.2e9_9.60142e+24_40.dat
        84       0.488164        3.88911        97.7342        11.5522        9.67652        10.3328       -1299.66     /gpfs/hpu/EHT2/IHARM_inc-5/MAD_a+0.94_384x192x192_IHARM/m_1_1_40/image_a+0.94_0084_168_0_230.e9_6.2e9_9.60142e+24_40.dat
        85       0.692418        3.84005        150.077        3.54788        16.8124        10.8466       -1496.79     /gpfs/hpu/EHT2/IHARM_inc-5/MAD_a+0.94_384x192x192_IHARM/m_1_1_40/image_a+0.94_0085_168_0_230.e9_6.2e9_9.60142e+24_40.dat
        86       0.648475        4.00047         150.66        14.4633        9.89011        11.7031       -1473.58     /gpfs/hpu/EHT2/IHARM_inc-5/MAD_a+0.94_384x192x192_IHARM/m_1_1_40/image_a+0.94_0086_168_0_230.e9_6.2e9_9.60142e+24_40.dat
        87        0.49477        4.21882        111.875        11.7572        24.5539         18.669       -2231.07     /gpfs/hpu/EHT2/IHARM_inc-5/MAD_a+0.94_384x192x192_IHARM/m_1_1_40/image_a+0.94_0087_168_0_230.e9_6.2e9_9.60142e+24_40.dat
        88       0.663244        4.15983        58.8739        6.96763        58.7807        35.5847       -3903.92     /gpfs/hpu/EHT2/IHARM_inc-5/MAD_a+0.94_384x192x192_IHARM/m_1_1_40/image_a+0.94_0088_168_0_230.e9_6.2e9_9.60142e+24_40.dat
        89       0.847042        4.38954        142.145        9.76102        15.7597         12.935       -1881.16     /gpfs/hpu/EHT2/IHARM_inc-5/MAD_a+0.94_384x192x192_IHARM/m_1_1_40/image_a+0.94_0089_168_0_230.e9_6.2e9_9.60142e+24_40.dat
        90       0.550078        3.74428        138.104         16.382        25.1781        21.0039       -2351.25     /gpfs/hpu/EHT2/IHARM_inc-5/MAD_a+0.94_384x192x192_IHARM/m_1_1_40/image_a+0.94_0090_168_0_230.e9_6.2e9_9.60142e+24_40.dat
        91       0.593567        4.00333        64.1914        28.1138        23.3542        25.0381       -2781.58     /gpfs/hpu/EHT2/IHARM_inc-5/MAD_a+0.94_384x192x192_IHARM/m_1_1_40/image_a+0.94_0091_168_0_230.e9_6.2e9_9.60142e+24_40.dat
        92       0.676595        4.27597        74.7425         8.6355         14.901        11.9749       -1504.73     /gpfs/hpu/EHT2/IHARM_inc-5/MAD_a+0.94_384x192x192_IHARM/m_1_1_40/image_a+0.94_0092_168_0_230.e9_6.2e9_9.60142e+24_40.dat
        93       0.554298        4.40785        166.499        5.21902        14.5495        10.3107       -1327.99     /gpfs/hpu/EHT2/IHARM_inc-5/MAD_a+0.94_384x192x192_IHARM/m_1_1_40/image_a+0.94_0093_168_0_230.e9_6.2e9_9.60142e+24_40.dat
        94       0.661047        4.15918        142.645        7.01299        27.5537        18.2918       -2079.55     /gpfs/hpu/EHT2/IHARM_inc-5/MAD_a+0.94_384x192x192_IHARM/m_1_1_40/image_a+0.94_0094_168_0_230.e9_6.2e9_9.60142e+24_40.dat
        95       0.572641        3.89024        78.7542        4.96044        8.20211        6.68053        -979.18     /gpfs/hpu/EHT2/IHARM_inc-5/MAD_a+0.94_384x192x192_IHARM/m_1_1_40/image_a+0.94_0095_168_0_230.e9_6.2e9_9.60142e+24_40.dat
        96       0.498694        4.10664        85.7727        2.74806        6.78524        4.94357       -767.436     /gpfs/hpu/EHT2/IHARM_inc-5/MAD_a+0.94_384x192x192_IHARM/m_1_1_40/image_a+0.94_0096_168_0_230.e9_6.2e9_9.60142e+24_40.dat
        97       0.552784        3.90002        89.3068        16.2703        9.03506        12.0062       -1541.11     /gpfs/hpu/EHT2/IHARM_inc-5/MAD_a+0.94_384x192x192_IHARM/m_1_1_40/image_a+0.94_0097_168_0_230.e9_6.2e9_9.60142e+24_40.dat
        98        0.52856        4.21638         100.13        9.49593        9.41299        9.30235       -1212.06     /gpfs/hpu/EHT2/IHARM_inc-5/MAD_a+0.94_384x192x192_IHARM/m_1_1_40/image_a+0.94_0098_168_0_230.e9_6.2e9_9.60142e+24_40.dat
        99       0.611541        4.07962        187.794        3.78821        16.5431        10.8007       -1400.52     /gpfs/hpu/EHT2/IHARM_inc-5/MAD_a+0.94_384x192x192_IHARM/m_1_1_40/image_a+0.94_0099_168_0_230.e9_6.2e9_9.60142e+24_40.dat
