   # Index         I (Jy)      M/D (uas)       PA (deg)  VA red. chisq  CP red. chisq     red. chisq     log-liklhd     FileName
         0       0.506446        2.60299        81.3624        15.4303        34.3661        25.8815       -2869.99     /gpfs/hpu/EHT2/IHARM_inc-5/SANE_a0_288x128x128_IHARM/m_1_1_10/image_a0_1000_168_0_230.e9_6.2e9_2.72932e+29_10.dat
         1       0.552915        2.79333         185.44        8.24893        13.4968        11.0806       -1347.35     /gpfs/hpu/EHT2/IHARM_inc-5/SANE_a0_288x128x128_IHARM/m_1_1_10/image_a0_1010_168_0_230.e9_6.2e9_2.72932e+29_10.dat
         2       0.702629        2.82959        106.841        2.66972        6.86353        4.99661       -783.498     /gpfs/hpu/EHT2/IHARM_inc-5/SANE_a0_288x128x128_IHARM/m_1_1_10/image_a0_1020_168_0_230.e9_6.2e9_2.72932e+29_10.dat
         3       0.587957        2.45065        104.026        13.5197        41.9643        29.3766        -3083.8     /gpfs/hpu/EHT2/IHARM_inc-5/SANE_a0_288x128x128_IHARM/m_1_1_10/image_a0_1030_168_0_230.e9_6.2e9_2.72932e+29_10.dat
         4       0.617572        2.46019        124.819        18.1632         31.175        25.2215       -2720.71     /gpfs/hpu/EHT2/IHARM_inc-5/SANE_a0_288x128x128_IHARM/m_1_1_10/image_a0_1040_168_0_230.e9_6.2e9_2.72932e+29_10.dat
         5       0.657689        2.61707        90.1202        20.7059        7.15636        12.7099       -1467.26     /gpfs/hpu/EHT2/IHARM_inc-5/SANE_a0_288x128x128_IHARM/m_1_1_10/image_a0_1050_168_0_230.e9_6.2e9_2.72932e+29_10.dat
         6       0.547558        2.53215        136.025        15.9713        22.1588        19.2082       -2124.35     /gpfs/hpu/EHT2/IHARM_inc-5/SANE_a0_288x128x128_IHARM/m_1_1_10/image_a0_1060_168_0_230.e9_6.2e9_2.72932e+29_10.dat
         7       0.712281        2.61259        123.168        23.0687        8.13193          14.25       -1622.18     /gpfs/hpu/EHT2/IHARM_inc-5/SANE_a0_288x128x128_IHARM/m_1_1_10/image_a0_1070_168_0_230.e9_6.2e9_2.72932e+29_10.dat
         8       0.650402        2.53225        60.6756        36.0485        23.6413         28.448       -2928.68     /gpfs/hpu/EHT2/IHARM_inc-5/SANE_a0_288x128x128_IHARM/m_1_1_10/image_a0_1080_168_0_230.e9_6.2e9_2.72932e+29_10.dat
         9       0.774764         2.4237        11.2106        12.5258         15.525        14.0168       -1693.52     /gpfs/hpu/EHT2/IHARM_inc-5/SANE_a0_288x128x128_IHARM/m_1_1_10/image_a0_1090_168_0_230.e9_6.2e9_2.72932e+29_10.dat
        10       0.609487         2.5112       -173.174        4.19208        17.5212        11.6576       -1426.52     /gpfs/hpu/EHT2/IHARM_inc-5/SANE_a0_288x128x128_IHARM/m_1_1_10/image_a0_1100_168_0_230.e9_6.2e9_2.72932e+29_10.dat
        11       0.715106        2.77851       -270.629        12.7764        15.3074        13.9987       -1609.61     /gpfs/hpu/EHT2/IHARM_inc-5/SANE_a0_288x128x128_IHARM/m_1_1_10/image_a0_1110_168_0_230.e9_6.2e9_2.72932e+29_10.dat
        12       0.904325        2.47929       -143.931        17.4175        28.6746        23.4962       -2566.87     /gpfs/hpu/EHT2/IHARM_inc-5/SANE_a0_288x128x128_IHARM/m_1_1_10/image_a0_1120_168_0_230.e9_6.2e9_2.72932e+29_10.dat
        13       0.537757        2.42237        -217.99        8.87154        14.6315        11.9825       -1427.23     /gpfs/hpu/EHT2/IHARM_inc-5/SANE_a0_288x128x128_IHARM/m_1_1_10/image_a0_1130_168_0_230.e9_6.2e9_2.72932e+29_10.dat
        14       0.808241        2.80974       -229.593        16.0486        9.63598        12.1624       -1468.15     /gpfs/hpu/EHT2/IHARM_inc-5/SANE_a0_288x128x128_IHARM/m_1_1_10/image_a0_1140_168_0_230.e9_6.2e9_2.72932e+29_10.dat
        15        1.17548        2.39104       -294.212        42.5586        28.9771        34.1882       -3595.74     /gpfs/hpu/EHT2/IHARM_inc-5/SANE_a0_288x128x128_IHARM/m_1_1_10/image_a0_1150_168_0_230.e9_6.2e9_2.72932e+29_10.dat
        16       0.739369        2.55625       -278.566        11.1242        22.6802        17.4745       -1912.07     /gpfs/hpu/EHT2/IHARM_inc-5/SANE_a0_288x128x128_IHARM/m_1_1_10/image_a0_1160_168_0_230.e9_6.2e9_2.72932e+29_10.dat
        17       0.867847        2.55332       -284.101        18.6384        16.6835        17.2295       -1899.37     /gpfs/hpu/EHT2/IHARM_inc-5/SANE_a0_288x128x128_IHARM/m_1_1_10/image_a0_1170_168_0_230.e9_6.2e9_2.72932e+29_10.dat
        18        1.15401        2.58855        60.6701         19.388        35.1262        27.9674       -2952.13     /gpfs/hpu/EHT2/IHARM_inc-5/SANE_a0_288x128x128_IHARM/m_1_1_10/image_a0_1180_168_0_230.e9_6.2e9_2.72932e+29_10.dat
        19        1.12497        2.69961        172.451        9.26006         14.492        12.0663       -1662.17     /gpfs/hpu/EHT2/IHARM_inc-5/SANE_a0_288x128x128_IHARM/m_1_1_10/image_a0_1190_168_0_230.e9_6.2e9_2.72932e+29_10.dat
        20        1.34905        2.53679        99.2551        11.7873        6.06504        8.36079       -1309.79     /gpfs/hpu/EHT2/IHARM_inc-5/SANE_a0_288x128x128_IHARM/m_1_1_10/image_a0_1200_168_0_230.e9_6.2e9_2.72932e+29_10.dat
        21       0.888593        2.56299        173.054        4.27585        34.3946        21.2298       -2363.73     /gpfs/hpu/EHT2/IHARM_inc-5/SANE_a0_288x128x128_IHARM/m_1_1_10/image_a0_1210_168_0_230.e9_6.2e9_2.72932e+29_10.dat
        22        1.09405        2.61775        125.193        11.7809        7.61244        9.23275       -1260.31     /gpfs/hpu/EHT2/IHARM_inc-5/SANE_a0_288x128x128_IHARM/m_1_1_10/image_a0_1220_168_0_230.e9_6.2e9_2.72932e+29_10.dat
        23       0.784851        2.71965        197.944        11.2235        18.8449        15.3482       -1790.87     /gpfs/hpu/EHT2/IHARM_inc-5/SANE_a0_288x128x128_IHARM/m_1_1_10/image_a0_1230_168_0_230.e9_6.2e9_2.72932e+29_10.dat
        24       0.973618        2.84578         92.322        29.2546        3.50125        14.2214       -1629.13     /gpfs/hpu/EHT2/IHARM_inc-5/SANE_a0_288x128x128_IHARM/m_1_1_10/image_a0_1240_168_0_230.e9_6.2e9_2.72932e+29_10.dat
        25       0.574199        2.49148        127.524        10.3953        6.99637        8.30467       -1078.64     /gpfs/hpu/EHT2/IHARM_inc-5/SANE_a0_288x128x128_IHARM/m_1_1_10/image_a0_1250_168_0_230.e9_6.2e9_2.72932e+29_10.dat
        26       0.863894        2.90098        188.563        15.5843        27.9534        22.3214       -2383.79     /gpfs/hpu/EHT2/IHARM_inc-5/SANE_a0_288x128x128_IHARM/m_1_1_10/image_a0_1260_168_0_230.e9_6.2e9_2.72932e+29_10.dat
        27       0.810483        2.60794        56.8006        17.5531        11.0042        13.5653        -1581.3     /gpfs/hpu/EHT2/IHARM_inc-5/SANE_a0_288x128x128_IHARM/m_1_1_10/image_a0_1270_168_0_230.e9_6.2e9_2.72932e+29_10.dat
        28       0.680906        2.78967         73.323         13.863        47.2728        32.5208       -3379.59     /gpfs/hpu/EHT2/IHARM_inc-5/SANE_a0_288x128x128_IHARM/m_1_1_10/image_a0_1280_168_0_230.e9_6.2e9_2.72932e+29_10.dat
        29       0.817472        2.74381        104.894        23.0699         26.944        24.8835       -2707.19     /gpfs/hpu/EHT2/IHARM_inc-5/SANE_a0_288x128x128_IHARM/m_1_1_10/image_a0_1290_168_0_230.e9_6.2e9_2.72932e+29_10.dat
        30        1.07392        3.27299        48.1837        11.1571         29.477        21.3299       -2329.89     /gpfs/hpu/EHT2/IHARM_inc-5/SANE_a0_288x128x128_IHARM/m_1_1_10/image_a0_1300_168_0_230.e9_6.2e9_2.72932e+29_10.dat
        31       0.596573        2.64075        88.7575        21.5454        11.3646        15.4397       -1786.34     /gpfs/hpu/EHT2/IHARM_inc-5/SANE_a0_288x128x128_IHARM/m_1_1_10/image_a0_1310_168_0_230.e9_6.2e9_2.72932e+29_10.dat
        32       0.724239         2.9266        115.068        14.4974        15.7121        14.9476       -1679.07     /gpfs/hpu/EHT2/IHARM_inc-5/SANE_a0_288x128x128_IHARM/m_1_1_10/image_a0_1320_168_0_230.e9_6.2e9_2.72932e+29_10.dat
        33       0.854673        2.71205        144.765         26.039        21.2423        22.9032       -2487.01     /gpfs/hpu/EHT2/IHARM_inc-5/SANE_a0_288x128x128_IHARM/m_1_1_10/image_a0_1330_168_0_230.e9_6.2e9_2.72932e+29_10.dat
        34       0.472319        2.79965        104.787        10.9694        19.7058        15.7285       -1736.95     /gpfs/hpu/EHT2/IHARM_inc-5/SANE_a0_288x128x128_IHARM/m_1_1_10/image_a0_1340_168_0_230.e9_6.2e9_2.72932e+29_10.dat
        35         0.5575         3.2118        135.575        15.8853        11.5328        13.1662       -1505.64     /gpfs/hpu/EHT2/IHARM_inc-5/SANE_a0_288x128x128_IHARM/m_1_1_10/image_a0_1350_168_0_230.e9_6.2e9_2.72932e+29_10.dat
        36       0.538637         2.9586        66.0621        10.6514        17.2967        14.2338       -1600.45     /gpfs/hpu/EHT2/IHARM_inc-5/SANE_a0_288x128x128_IHARM/m_1_1_10/image_a0_1360_168_0_230.e9_6.2e9_2.72932e+29_10.dat
        37        0.68683        2.77836        85.9594        23.3493        18.8957        20.4514       -2189.22     /gpfs/hpu/EHT2/IHARM_inc-5/SANE_a0_288x128x128_IHARM/m_1_1_10/image_a0_1370_168_0_230.e9_6.2e9_2.72932e+29_10.dat
        38       0.819093        3.01122        182.566        2.52405         27.005        16.3199       -1932.53     /gpfs/hpu/EHT2/IHARM_inc-5/SANE_a0_288x128x128_IHARM/m_1_1_10/image_a0_1380_168_0_230.e9_6.2e9_2.72932e+29_10.dat
        39       0.523857         2.6177       -235.757        22.1364        17.8846        19.3723        -2094.5     /gpfs/hpu/EHT2/IHARM_inc-5/SANE_a0_288x128x128_IHARM/m_1_1_10/image_a0_1390_168_0_230.e9_6.2e9_2.72932e+29_10.dat
        40       0.599256        2.80474       -179.535        21.4826        13.9875         16.896       -1847.04     /gpfs/hpu/EHT2/IHARM_inc-5/SANE_a0_288x128x128_IHARM/m_1_1_10/image_a0_1400_168_0_230.e9_6.2e9_2.72932e+29_10.dat
        41       0.508971         2.5144       -169.239        9.95365        34.0063        23.3864       -2564.47     /gpfs/hpu/EHT2/IHARM_inc-5/SANE_a0_288x128x128_IHARM/m_1_1_10/image_a0_1410_168_0_230.e9_6.2e9_2.72932e+29_10.dat
        42       0.595554        2.78378       -162.523        12.4045         10.853        11.3253       -1366.21     /gpfs/hpu/EHT2/IHARM_inc-5/SANE_a0_288x128x128_IHARM/m_1_1_10/image_a0_1420_168_0_230.e9_6.2e9_2.72932e+29_10.dat
        43       0.533454        2.76738       -157.668        10.3517        13.1213        11.7484       -1405.02     /gpfs/hpu/EHT2/IHARM_inc-5/SANE_a0_288x128x128_IHARM/m_1_1_10/image_a0_1430_168_0_230.e9_6.2e9_2.72932e+29_10.dat
        44       0.541551         2.8647       -251.063        21.8124         5.9105        12.4687       -1440.27     /gpfs/hpu/EHT2/IHARM_inc-5/SANE_a0_288x128x128_IHARM/m_1_1_10/image_a0_1440_168_0_230.e9_6.2e9_2.72932e+29_10.dat
        45       0.579761        2.95751       -240.935        15.9826        24.4564        20.5116       -2234.73     /gpfs/hpu/EHT2/IHARM_inc-5/SANE_a0_288x128x128_IHARM/m_1_1_10/image_a0_1450_168_0_230.e9_6.2e9_2.72932e+29_10.dat
        46       0.618457        2.88474       -288.432         32.517        22.8263        26.5095       -2742.02     /gpfs/hpu/EHT2/IHARM_inc-5/SANE_a0_288x128x128_IHARM/m_1_1_10/image_a0_1460_168_0_230.e9_6.2e9_2.72932e+29_10.dat
        47       0.671237        2.90013       -243.139        77.8044        30.7406        49.9346       -4905.47     /gpfs/hpu/EHT2/IHARM_inc-5/SANE_a0_288x128x128_IHARM/m_1_1_10/image_a0_1470_168_0_230.e9_6.2e9_2.72932e+29_10.dat
        48        0.52249        2.96448       -306.698        18.2357        34.8358        27.3211       -2842.67     /gpfs/hpu/EHT2/IHARM_inc-5/SANE_a0_288x128x128_IHARM/m_1_1_10/image_a0_1480_168_0_230.e9_6.2e9_2.72932e+29_10.dat
        49       0.478972        2.92068       -227.769        23.8337        24.6034        23.8802       -2506.95     /gpfs/hpu/EHT2/IHARM_inc-5/SANE_a0_288x128x128_IHARM/m_1_1_10/image_a0_1490_168_0_230.e9_6.2e9_2.72932e+29_10.dat
        50       0.560732        2.96324       -283.994        48.9947        21.5491        32.6831       -3305.59     /gpfs/hpu/EHT2/IHARM_inc-5/SANE_a0_288x128x128_IHARM/m_1_1_10/image_a0_1500_168_0_230.e9_6.2e9_2.72932e+29_10.dat
        51       0.679467        2.79956       -195.243        5.05394         21.333        14.1728       -1669.53     /gpfs/hpu/EHT2/IHARM_inc-5/SANE_a0_288x128x128_IHARM/m_1_1_10/image_a0_1510_168_0_230.e9_6.2e9_2.72932e+29_10.dat
        52        0.68192        2.91414       -147.624        35.8137        39.2271        37.1591       -3809.34     /gpfs/hpu/EHT2/IHARM_inc-5/SANE_a0_288x128x128_IHARM/m_1_1_10/image_a0_1520_168_0_230.e9_6.2e9_2.72932e+29_10.dat
        53       0.519661        3.04495       -302.401        30.5045        20.6948        24.4625       -2574.57     /gpfs/hpu/EHT2/IHARM_inc-5/SANE_a0_288x128x128_IHARM/m_1_1_10/image_a0_1530_168_0_230.e9_6.2e9_2.72932e+29_10.dat
        54       0.494804        3.01331       -242.316        8.89007        28.0749        19.5887       -2113.31     /gpfs/hpu/EHT2/IHARM_inc-5/SANE_a0_288x128x128_IHARM/m_1_1_10/image_a0_1540_168_0_230.e9_6.2e9_2.72932e+29_10.dat
        55       0.612015        3.08315       -326.326        22.1136        26.7212        24.3573       -2570.62     /gpfs/hpu/EHT2/IHARM_inc-5/SANE_a0_288x128x128_IHARM/m_1_1_10/image_a0_1550_168_0_230.e9_6.2e9_2.72932e+29_10.dat
        56       0.558803        3.22432       -150.354        3.40928        35.3254        21.3933       -2338.77     /gpfs/hpu/EHT2/IHARM_inc-5/SANE_a0_288x128x128_IHARM/m_1_1_10/image_a0_1560_168_0_230.e9_6.2e9_2.72932e+29_10.dat
        57       0.730346        3.14158        41.1045        13.8504        22.6435        18.5946       -2086.87     /gpfs/hpu/EHT2/IHARM_inc-5/SANE_a0_288x128x128_IHARM/m_1_1_10/image_a0_1570_168_0_230.e9_6.2e9_2.72932e+29_10.dat
        58       0.648118         3.0519        70.1683        8.50775        7.00507         7.5197       -986.378     /gpfs/hpu/EHT2/IHARM_inc-5/SANE_a0_288x128x128_IHARM/m_1_1_10/image_a0_1580_168_0_230.e9_6.2e9_2.72932e+29_10.dat
        59       0.506035        3.55811        143.007        15.9339        22.6583        19.4749       -2097.96     /gpfs/hpu/EHT2/IHARM_inc-5/SANE_a0_288x128x128_IHARM/m_1_1_10/image_a0_1590_168_0_230.e9_6.2e9_2.72932e+29_10.dat
        60       0.593535        3.04656        139.066        22.1478        43.1038        33.6314       -3448.89     /gpfs/hpu/EHT2/IHARM_inc-5/SANE_a0_288x128x128_IHARM/m_1_1_10/image_a0_1600_168_0_230.e9_6.2e9_2.72932e+29_10.dat
        61       0.959742        2.77848        169.419        20.4706        32.9128        27.1694       -3034.74     /gpfs/hpu/EHT2/IHARM_inc-5/SANE_a0_288x128x128_IHARM/m_1_1_10/image_a0_1610_168_0_230.e9_6.2e9_2.72932e+29_10.dat
        62       0.671784        2.82056        152.693        16.4586        14.6919        15.1917       -1734.79     /gpfs/hpu/EHT2/IHARM_inc-5/SANE_a0_288x128x128_IHARM/m_1_1_10/image_a0_1620_168_0_230.e9_6.2e9_2.72932e+29_10.dat
        63       0.498665        3.05192        125.172         10.334        10.3709        10.1864       -1293.65     /gpfs/hpu/EHT2/IHARM_inc-5/SANE_a0_288x128x128_IHARM/m_1_1_10/image_a0_1630_168_0_230.e9_6.2e9_2.72932e+29_10.dat
        64       0.511223        2.95898        152.081        14.2069        20.1227         17.319       -1909.08     /gpfs/hpu/EHT2/IHARM_inc-5/SANE_a0_288x128x128_IHARM/m_1_1_10/image_a0_1640_168_0_230.e9_6.2e9_2.72932e+29_10.dat
        65       0.565881        2.98614        94.7657        13.5072        17.4298        15.5041       -1752.07     /gpfs/hpu/EHT2/IHARM_inc-5/SANE_a0_288x128x128_IHARM/m_1_1_10/image_a0_1650_168_0_230.e9_6.2e9_2.72932e+29_10.dat
        66       0.504651        3.37499        182.002        2.14376        11.1278        7.18673       -977.919     /gpfs/hpu/EHT2/IHARM_inc-5/SANE_a0_288x128x128_IHARM/m_1_1_10/image_a0_1660_168_0_230.e9_6.2e9_2.72932e+29_10.dat
        67       0.555149        3.08652        173.183        15.1915         19.416        17.3316       -1904.24     /gpfs/hpu/EHT2/IHARM_inc-5/SANE_a0_288x128x128_IHARM/m_1_1_10/image_a0_1670_168_0_230.e9_6.2e9_2.72932e+29_10.dat
        68       0.483245        3.02957        183.912        3.61128        18.4916         11.963       -1453.96     /gpfs/hpu/EHT2/IHARM_inc-5/SANE_a0_288x128x128_IHARM/m_1_1_10/image_a0_1680_168_0_230.e9_6.2e9_2.72932e+29_10.dat
        69       0.484123        3.33342        107.399        4.86665        11.3929        8.47603       -1105.84     /gpfs/hpu/EHT2/IHARM_inc-5/SANE_a0_288x128x128_IHARM/m_1_1_10/image_a0_1690_168_0_230.e9_6.2e9_2.72932e+29_10.dat
        70       0.426436        3.16775        144.626        11.7375        6.62623        8.65715       -1106.14     /gpfs/hpu/EHT2/IHARM_inc-5/SANE_a0_288x128x128_IHARM/m_1_1_10/image_a0_1700_168_0_230.e9_6.2e9_2.72932e+29_10.dat
        71       0.656806         3.6967        73.2189        9.75533        21.3267        16.1366       -1833.79     /gpfs/hpu/EHT2/IHARM_inc-5/SANE_a0_288x128x128_IHARM/m_1_1_10/image_a0_1710_168_0_230.e9_6.2e9_2.72932e+29_10.dat
        72       0.451728        3.19365        83.0028        22.0582        35.7917         29.461       -3045.32     /gpfs/hpu/EHT2/IHARM_inc-5/SANE_a0_288x128x128_IHARM/m_1_1_10/image_a0_1720_168_0_230.e9_6.2e9_2.72932e+29_10.dat
        73       0.580938        3.24856        92.4007        9.44499        37.8849        25.3657        -2721.5     /gpfs/hpu/EHT2/IHARM_inc-5/SANE_a0_288x128x128_IHARM/m_1_1_10/image_a0_1730_168_0_230.e9_6.2e9_2.72932e+29_10.dat
        74       0.439838        3.04801        147.024        9.65944        54.6083        34.9078       -3562.94     /gpfs/hpu/EHT2/IHARM_inc-5/SANE_a0_288x128x128_IHARM/m_1_1_10/image_a0_1740_168_0_230.e9_6.2e9_2.72932e+29_10.dat
        75       0.515649        3.25449        122.894        1.76573        9.30232        5.99675       -840.283     /gpfs/hpu/EHT2/IHARM_inc-5/SANE_a0_288x128x128_IHARM/m_1_1_10/image_a0_1750_168_0_230.e9_6.2e9_2.72932e+29_10.dat
        76       0.523091        3.04048        188.623        6.17331         18.603        13.0981        -1537.5     /gpfs/hpu/EHT2/IHARM_inc-5/SANE_a0_288x128x128_IHARM/m_1_1_10/image_a0_1760_168_0_230.e9_6.2e9_2.72932e+29_10.dat
        77       0.467795        3.30413        119.637        5.89211        8.19748        7.09907         -962.7     /gpfs/hpu/EHT2/IHARM_inc-5/SANE_a0_288x128x128_IHARM/m_1_1_10/image_a0_1770_168_0_230.e9_6.2e9_2.72932e+29_10.dat
        78       0.457263        3.31154         100.45        5.54727        9.24679        7.54785       -1001.18     /gpfs/hpu/EHT2/IHARM_inc-5/SANE_a0_288x128x128_IHARM/m_1_1_10/image_a0_1780_168_0_230.e9_6.2e9_2.72932e+29_10.dat
        79       0.380402        2.93977        144.095        9.56097        31.7097        21.9239       -2354.81     /gpfs/hpu/EHT2/IHARM_inc-5/SANE_a0_288x128x128_IHARM/m_1_1_10/image_a0_1790_168_0_230.e9_6.2e9_2.72932e+29_10.dat
        80       0.510482        3.20093        33.6959        7.06988        15.5512        11.7484        -1394.7     /gpfs/hpu/EHT2/IHARM_inc-5/SANE_a0_288x128x128_IHARM/m_1_1_10/image_a0_1800_168_0_230.e9_6.2e9_2.72932e+29_10.dat
        81       0.550861        3.17734        173.979        3.83041        36.2662        22.1012       -2396.82     /gpfs/hpu/EHT2/IHARM_inc-5/SANE_a0_288x128x128_IHARM/m_1_1_10/image_a0_1810_168_0_230.e9_6.2e9_2.72932e+29_10.dat
        82       0.525694        3.09335        225.499        7.75524        16.7725        12.7255       -1538.81     /gpfs/hpu/EHT2/IHARM_inc-5/SANE_a0_288x128x128_IHARM/m_1_1_10/image_a0_1820_168_0_230.e9_6.2e9_2.72932e+29_10.dat
        83       0.498759        3.41958         148.12        7.04955        17.3911        12.7798       -1479.97     /gpfs/hpu/EHT2/IHARM_inc-5/SANE_a0_288x128x128_IHARM/m_1_1_10/image_a0_1830_168_0_230.e9_6.2e9_2.72932e+29_10.dat
        84       0.539535        3.15046        42.8527         10.367        27.3802        19.8141       -2184.05     /gpfs/hpu/EHT2/IHARM_inc-5/SANE_a0_288x128x128_IHARM/m_1_1_10/image_a0_1840_168_0_230.e9_6.2e9_2.72932e+29_10.dat
        85       0.685635        3.49531        158.894        20.3065        24.1373        22.1407       -2410.18     /gpfs/hpu/EHT2/IHARM_inc-5/SANE_a0_288x128x128_IHARM/m_1_1_10/image_a0_1850_168_0_230.e9_6.2e9_2.72932e+29_10.dat
        86       0.617355        3.09358        115.386        12.7521        15.1276        13.8869       -1588.22     /gpfs/hpu/EHT2/IHARM_inc-5/SANE_a0_288x128x128_IHARM/m_1_1_10/image_a0_1860_168_0_230.e9_6.2e9_2.72932e+29_10.dat
        87       0.524886         3.0289        178.304        11.8887        21.2301        16.9748       -1907.03     /gpfs/hpu/EHT2/IHARM_inc-5/SANE_a0_288x128x128_IHARM/m_1_1_10/image_a0_1870_168_0_230.e9_6.2e9_2.72932e+29_10.dat
        88        0.78637        3.26164        59.7538        16.9509        10.6876        13.1344        -1539.7     /gpfs/hpu/EHT2/IHARM_inc-5/SANE_a0_288x128x128_IHARM/m_1_1_10/image_a0_1880_168_0_230.e9_6.2e9_2.72932e+29_10.dat
        89       0.594585        2.99551        62.8816        8.37511        14.6361        11.7774       -1379.63     /gpfs/hpu/EHT2/IHARM_inc-5/SANE_a0_288x128x128_IHARM/m_1_1_10/image_a0_1890_168_0_230.e9_6.2e9_2.72932e+29_10.dat
        90       0.760688        3.21354        174.218        3.78141        61.0114        36.0672       -3761.92     /gpfs/hpu/EHT2/IHARM_inc-5/SANE_a0_288x128x128_IHARM/m_1_1_10/image_a0_1900_168_0_230.e9_6.2e9_2.72932e+29_10.dat
        91       0.502248        3.17222        184.714        3.08768        17.6323        11.2582       -1347.77     /gpfs/hpu/EHT2/IHARM_inc-5/SANE_a0_288x128x128_IHARM/m_1_1_10/image_a0_1910_168_0_230.e9_6.2e9_2.72932e+29_10.dat
        92        1.04543        3.09664        71.1353        23.0684        66.6261        47.3119       -4944.64     /gpfs/hpu/EHT2/IHARM_inc-5/SANE_a0_288x128x128_IHARM/m_1_1_10/image_a0_1920_168_0_230.e9_6.2e9_2.72932e+29_10.dat
        93       0.543257        3.02239        178.377        25.4916        31.2205        28.3141       -3029.24     /gpfs/hpu/EHT2/IHARM_inc-5/SANE_a0_288x128x128_IHARM/m_1_1_10/image_a0_1930_168_0_230.e9_6.2e9_2.72932e+29_10.dat
        94       0.438964        3.00477        167.646        12.0241         8.4995         9.8359       -1213.27     /gpfs/hpu/EHT2/IHARM_inc-5/SANE_a0_288x128x128_IHARM/m_1_1_10/image_a0_1940_168_0_230.e9_6.2e9_2.72932e+29_10.dat
        95       0.496736        3.06958        158.818        13.9324        18.3797        16.2189        -1807.8     /gpfs/hpu/EHT2/IHARM_inc-5/SANE_a0_288x128x128_IHARM/m_1_1_10/image_a0_1950_168_0_230.e9_6.2e9_2.72932e+29_10.dat
        96       0.497003        2.94541        112.144        15.9278        8.68244        11.5729        -1399.7     /gpfs/hpu/EHT2/IHARM_inc-5/SANE_a0_288x128x128_IHARM/m_1_1_10/image_a0_1960_168_0_230.e9_6.2e9_2.72932e+29_10.dat
        97       0.465479        2.80306        124.115        15.7461        23.5139        19.8799       -2165.19     /gpfs/hpu/EHT2/IHARM_inc-5/SANE_a0_288x128x128_IHARM/m_1_1_10/image_a0_1970_168_0_230.e9_6.2e9_2.72932e+29_10.dat
        98       0.594406        3.27772        72.0246        5.76473        21.1511        14.3674       -1643.12     /gpfs/hpu/EHT2/IHARM_inc-5/SANE_a0_288x128x128_IHARM/m_1_1_10/image_a0_1980_168_0_230.e9_6.2e9_2.72932e+29_10.dat
        99       0.489452        2.92655        147.699        8.75514        10.6446        9.68033       -1186.28     /gpfs/hpu/EHT2/IHARM_inc-5/SANE_a0_288x128x128_IHARM/m_1_1_10/image_a0_1990_168_0_230.e9_6.2e9_2.72932e+29_10.dat
