   # Index         I (Jy)      M/D (uas)       PA (deg)  VA red. chisq  CP red. chisq     red. chisq     log-liklhd     FileName
         0        0.43287        3.05282       -280.027        9.89932        13.8235        11.9316        -1086.3     /gpfs/hpu/EHT2/IHARM_inc-5/SANE_a0_288x128x128_IHARM/m_1_1_40/image_a0_1000_168_0_230.e9_6.2e9_5.75742e+29_40.dat
         1       0.433423        3.00293       -297.995        11.7692        27.5508        20.5608       -1671.06     /gpfs/hpu/EHT2/IHARM_inc-5/SANE_a0_288x128x128_IHARM/m_1_1_40/image_a0_1010_168_0_230.e9_6.2e9_5.75742e+29_40.dat
         2       0.703152        2.88021       -202.769        21.5949        31.9887        27.0797       -2242.43     /gpfs/hpu/EHT2/IHARM_inc-5/SANE_a0_288x128x128_IHARM/m_1_1_40/image_a0_1020_168_0_230.e9_6.2e9_5.75742e+29_40.dat
         3       0.354699         3.1159        -235.44        14.3548        16.0142        14.9899       -1309.15     /gpfs/hpu/EHT2/IHARM_inc-5/SANE_a0_288x128x128_IHARM/m_1_1_40/image_a0_1030_168_0_230.e9_6.2e9_5.75742e+29_40.dat
         4        0.52623         2.9308       -255.697        29.3638        136.632        90.2377       -6590.31     /gpfs/hpu/EHT2/IHARM_inc-5/SANE_a0_288x128x128_IHARM/m_1_1_40/image_a0_1040_168_0_230.e9_6.2e9_5.75742e+29_40.dat
         5       0.491826        2.95637       -208.527         10.433         26.314        19.3111       -1649.07     /gpfs/hpu/EHT2/IHARM_inc-5/SANE_a0_288x128x128_IHARM/m_1_1_40/image_a0_1050_168_0_230.e9_6.2e9_5.75742e+29_40.dat
         6       0.428031        3.07607       -223.081        13.7575        10.4522        11.5583       -1074.73     /gpfs/hpu/EHT2/IHARM_inc-5/SANE_a0_288x128x128_IHARM/m_1_1_40/image_a0_1060_168_0_230.e9_6.2e9_5.75742e+29_40.dat
         7       0.619925        3.15213       -212.155        9.79184        25.0089        18.3033       -1579.69     /gpfs/hpu/EHT2/IHARM_inc-5/SANE_a0_288x128x128_IHARM/m_1_1_40/image_a0_1070_168_0_230.e9_6.2e9_5.75742e+29_40.dat
         8         0.3891         2.8876       -206.646        17.0047        11.5616        13.5078       -1213.52     /gpfs/hpu/EHT2/IHARM_inc-5/SANE_a0_288x128x128_IHARM/m_1_1_40/image_a0_1080_168_0_230.e9_6.2e9_5.75742e+29_40.dat
         9       0.529693        3.01162       -232.852        5.93968        21.3578        14.6514       -1331.11     /gpfs/hpu/EHT2/IHARM_inc-5/SANE_a0_288x128x128_IHARM/m_1_1_40/image_a0_1090_168_0_230.e9_6.2e9_5.75742e+29_40.dat
        10       0.513373        2.99847       -265.016        13.6677        59.3779        39.5823        -3028.1     /gpfs/hpu/EHT2/IHARM_inc-5/SANE_a0_288x128x128_IHARM/m_1_1_40/image_a0_1100_168_0_230.e9_6.2e9_5.75742e+29_40.dat
        11       0.422539        3.04912       -267.875         16.064        18.5676        17.1455       -1449.48     /gpfs/hpu/EHT2/IHARM_inc-5/SANE_a0_288x128x128_IHARM/m_1_1_40/image_a0_1110_168_0_230.e9_6.2e9_5.75742e+29_40.dat
        12        0.46435        3.09135       -235.154         7.9895        8.65287        8.19373       -833.119     /gpfs/hpu/EHT2/IHARM_inc-5/SANE_a0_288x128x128_IHARM/m_1_1_40/image_a0_1120_168_0_230.e9_6.2e9_5.75742e+29_40.dat
        13       0.516098        2.93117       -221.331        23.1274         58.561        42.9394       -3258.46     /gpfs/hpu/EHT2/IHARM_inc-5/SANE_a0_288x128x128_IHARM/m_1_1_40/image_a0_1130_168_0_230.e9_6.2e9_5.75742e+29_40.dat
        14       0.527177        3.14672       -201.278         11.834        22.5481        17.7178       -1531.69     /gpfs/hpu/EHT2/IHARM_inc-5/SANE_a0_288x128x128_IHARM/m_1_1_40/image_a0_1140_168_0_230.e9_6.2e9_5.75742e+29_40.dat
        15       0.515725        3.25847        -222.93        10.7119        8.22893        9.05155       -903.397     /gpfs/hpu/EHT2/IHARM_inc-5/SANE_a0_288x128x128_IHARM/m_1_1_40/image_a0_1150_168_0_230.e9_6.2e9_5.75742e+29_40.dat
        16       0.381933        2.93745       -194.971        18.2795        13.0372        14.8697       -1298.92     /gpfs/hpu/EHT2/IHARM_inc-5/SANE_a0_288x128x128_IHARM/m_1_1_40/image_a0_1160_168_0_230.e9_6.2e9_5.75742e+29_40.dat
        17       0.441911        3.01549        116.912        6.55073        9.89776        8.32585       -849.824     /gpfs/hpu/EHT2/IHARM_inc-5/SANE_a0_288x128x128_IHARM/m_1_1_40/image_a0_1170_168_0_230.e9_6.2e9_5.75742e+29_40.dat
        18       0.532223        3.15316        147.803        7.92281        24.5565         17.288       -1495.35     /gpfs/hpu/EHT2/IHARM_inc-5/SANE_a0_288x128x128_IHARM/m_1_1_40/image_a0_1180_168_0_230.e9_6.2e9_5.75742e+29_40.dat
        19       0.451162        3.13448        165.101         16.604        9.90608        12.3963       -1136.11     /gpfs/hpu/EHT2/IHARM_inc-5/SANE_a0_288x128x128_IHARM/m_1_1_40/image_a0_1190_168_0_230.e9_6.2e9_5.75742e+29_40.dat
        20       0.423707         2.8962        147.899        11.9998        9.80879        10.4785       -994.887     /gpfs/hpu/EHT2/IHARM_inc-5/SANE_a0_288x128x128_IHARM/m_1_1_40/image_a0_1200_168_0_230.e9_6.2e9_5.75742e+29_40.dat
        21       0.428099        3.14891        154.716        10.5868        6.56294        8.04546       -836.233     /gpfs/hpu/EHT2/IHARM_inc-5/SANE_a0_288x128x128_IHARM/m_1_1_40/image_a0_1210_168_0_230.e9_6.2e9_5.75742e+29_40.dat
        22       0.500792        3.25509        129.319        12.0242         17.582        14.9465       -1300.28     /gpfs/hpu/EHT2/IHARM_inc-5/SANE_a0_288x128x128_IHARM/m_1_1_40/image_a0_1220_168_0_230.e9_6.2e9_5.75742e+29_40.dat
        23       0.626803        3.14779        136.372        18.3115        9.74959        12.9971       -1188.79     /gpfs/hpu/EHT2/IHARM_inc-5/SANE_a0_288x128x128_IHARM/m_1_1_40/image_a0_1230_168_0_230.e9_6.2e9_5.75742e+29_40.dat
        24       0.441885        3.07223        114.522         16.753        43.5214        31.7359       -2496.95     /gpfs/hpu/EHT2/IHARM_inc-5/SANE_a0_288x128x128_IHARM/m_1_1_40/image_a0_1240_168_0_230.e9_6.2e9_5.75742e+29_40.dat
        25       0.506125        3.02643        171.388        14.5494        13.0511        13.3691       -1218.56     /gpfs/hpu/EHT2/IHARM_inc-5/SANE_a0_288x128x128_IHARM/m_1_1_40/image_a0_1250_168_0_230.e9_6.2e9_5.75742e+29_40.dat
        26        0.40973        2.95307        103.623         16.669        18.0598        17.0989       -1443.33     /gpfs/hpu/EHT2/IHARM_inc-5/SANE_a0_288x128x128_IHARM/m_1_1_40/image_a0_1260_168_0_230.e9_6.2e9_5.75742e+29_40.dat
        27        0.79747        2.89965        152.865        14.0125        143.136        87.7597       -6918.72     /gpfs/hpu/EHT2/IHARM_inc-5/SANE_a0_288x128x128_IHARM/m_1_1_40/image_a0_1270_168_0_230.e9_6.2e9_5.75742e+29_40.dat
        28       0.530952        3.10784        182.225        12.1003        65.2573        42.3205       -3245.82     /gpfs/hpu/EHT2/IHARM_inc-5/SANE_a0_288x128x128_IHARM/m_1_1_40/image_a0_1280_168_0_230.e9_6.2e9_5.75742e+29_40.dat
        29       0.670355        3.39063        204.424        8.81048        26.3168        18.6565       -1636.27     /gpfs/hpu/EHT2/IHARM_inc-5/SANE_a0_288x128x128_IHARM/m_1_1_40/image_a0_1290_168_0_230.e9_6.2e9_5.75742e+29_40.dat
        30       0.496115        3.16548        111.456         14.769        22.0562        18.6226       -1558.98     /gpfs/hpu/EHT2/IHARM_inc-5/SANE_a0_288x128x128_IHARM/m_1_1_40/image_a0_1300_168_0_230.e9_6.2e9_5.75742e+29_40.dat
        31       0.385265        2.91083        120.068        9.60323        6.56218        7.64726        -794.28     /gpfs/hpu/EHT2/IHARM_inc-5/SANE_a0_288x128x128_IHARM/m_1_1_40/image_a0_1310_168_0_230.e9_6.2e9_5.75742e+29_40.dat
        32       0.735304        3.31521        148.302        11.8775        37.6233        26.3815       -2134.71     /gpfs/hpu/EHT2/IHARM_inc-5/SANE_a0_288x128x128_IHARM/m_1_1_40/image_a0_1320_168_0_230.e9_6.2e9_5.75742e+29_40.dat
        33       0.468551         3.0624        113.819        13.6523        24.3524         19.488       -1646.94     /gpfs/hpu/EHT2/IHARM_inc-5/SANE_a0_288x128x128_IHARM/m_1_1_40/image_a0_1330_168_0_230.e9_6.2e9_5.75742e+29_40.dat
        34       0.545381        3.09278        106.185        22.4291        10.5429        15.1173       -1308.05     /gpfs/hpu/EHT2/IHARM_inc-5/SANE_a0_288x128x128_IHARM/m_1_1_40/image_a0_1340_168_0_230.e9_6.2e9_5.75742e+29_40.dat
        35       0.648808        2.76751        192.238        37.8762        31.1638        33.1909       -2671.04     /gpfs/hpu/EHT2/IHARM_inc-5/SANE_a0_288x128x128_IHARM/m_1_1_40/image_a0_1350_168_0_230.e9_6.2e9_5.75742e+29_40.dat
        36       0.431795        2.99591        123.911        20.5236        12.7149        15.5923       -1337.73     /gpfs/hpu/EHT2/IHARM_inc-5/SANE_a0_288x128x128_IHARM/m_1_1_40/image_a0_1360_168_0_230.e9_6.2e9_5.75742e+29_40.dat
        37        0.52589        3.04388        159.006        8.10232        14.2675        11.4595       -1091.79     /gpfs/hpu/EHT2/IHARM_inc-5/SANE_a0_288x128x128_IHARM/m_1_1_40/image_a0_1370_168_0_230.e9_6.2e9_5.75742e+29_40.dat
        38       0.468833        2.94207        175.155        13.5872        11.0531        11.8341       -1094.13     /gpfs/hpu/EHT2/IHARM_inc-5/SANE_a0_288x128x128_IHARM/m_1_1_40/image_a0_1380_168_0_230.e9_6.2e9_5.75742e+29_40.dat
        39       0.511923        2.78997        169.364        11.5092        13.7525        12.5419       -1141.49     /gpfs/hpu/EHT2/IHARM_inc-5/SANE_a0_288x128x128_IHARM/m_1_1_40/image_a0_1390_168_0_230.e9_6.2e9_5.75742e+29_40.dat
        40        0.52242        2.98917        155.555        9.21973        7.89532        8.25676       -846.982     /gpfs/hpu/EHT2/IHARM_inc-5/SANE_a0_288x128x128_IHARM/m_1_1_40/image_a0_1400_168_0_230.e9_6.2e9_5.75742e+29_40.dat
        41       0.486474        2.98616        167.129        10.8609        7.56171        8.72912       -869.663     /gpfs/hpu/EHT2/IHARM_inc-5/SANE_a0_288x128x128_IHARM/m_1_1_40/image_a0_1410_168_0_230.e9_6.2e9_5.75742e+29_40.dat
        42       0.563762        3.16229        111.119        10.9965        20.1585        16.0086        -1377.6     /gpfs/hpu/EHT2/IHARM_inc-5/SANE_a0_288x128x128_IHARM/m_1_1_40/image_a0_1420_168_0_230.e9_6.2e9_5.75742e+29_40.dat
        43       0.567087         2.9717        205.804        5.81187        19.6663        13.6296       -1274.94     /gpfs/hpu/EHT2/IHARM_inc-5/SANE_a0_288x128x128_IHARM/m_1_1_40/image_a0_1430_168_0_230.e9_6.2e9_5.75742e+29_40.dat
        44       0.483192        2.99047        193.146        6.09584        15.2967        11.2384       -1101.07     /gpfs/hpu/EHT2/IHARM_inc-5/SANE_a0_288x128x128_IHARM/m_1_1_40/image_a0_1440_168_0_230.e9_6.2e9_5.75742e+29_40.dat
        45       0.593915        3.07242        179.655        7.82483        21.2056        15.3265       -1379.86     /gpfs/hpu/EHT2/IHARM_inc-5/SANE_a0_288x128x128_IHARM/m_1_1_40/image_a0_1450_168_0_230.e9_6.2e9_5.75742e+29_40.dat
        46       0.434507        3.04117        135.218        12.0621        8.82663        9.94037        -954.51     /gpfs/hpu/EHT2/IHARM_inc-5/SANE_a0_288x128x128_IHARM/m_1_1_40/image_a0_1460_168_0_230.e9_6.2e9_5.75742e+29_40.dat
        47       0.600466        3.13139        92.1856        12.6316        25.5254        19.7479       -1671.05     /gpfs/hpu/EHT2/IHARM_inc-5/SANE_a0_288x128x128_IHARM/m_1_1_40/image_a0_1470_168_0_230.e9_6.2e9_5.75742e+29_40.dat
        48       0.516098        2.90055       -185.616        20.8189        18.0158         18.752       -1615.53     /gpfs/hpu/EHT2/IHARM_inc-5/SANE_a0_288x128x128_IHARM/m_1_1_40/image_a0_1480_168_0_230.e9_6.2e9_5.75742e+29_40.dat
        49       0.431789        2.99167       -207.042        23.6274         12.914        16.9617          -1446     /gpfs/hpu/EHT2/IHARM_inc-5/SANE_a0_288x128x128_IHARM/m_1_1_40/image_a0_1490_168_0_230.e9_6.2e9_5.75742e+29_40.dat
        50       0.413932        3.04707       -204.308        14.3846        7.10368        9.89148       -955.316     /gpfs/hpu/EHT2/IHARM_inc-5/SANE_a0_288x128x128_IHARM/m_1_1_40/image_a0_1500_168_0_230.e9_6.2e9_5.75742e+29_40.dat
        51       0.544313        3.14828       -218.073         4.3934        10.5431        7.82353       -851.422     /gpfs/hpu/EHT2/IHARM_inc-5/SANE_a0_288x128x128_IHARM/m_1_1_40/image_a0_1510_168_0_230.e9_6.2e9_5.75742e+29_40.dat
        52       0.709612        3.10212       -190.005          12.23        16.8051        14.5842       -1321.87     /gpfs/hpu/EHT2/IHARM_inc-5/SANE_a0_288x128x128_IHARM/m_1_1_40/image_a0_1520_168_0_230.e9_6.2e9_5.75742e+29_40.dat
        53       0.399035        3.06944       -203.328        4.68279        12.5479        9.09039       -911.491     /gpfs/hpu/EHT2/IHARM_inc-5/SANE_a0_288x128x128_IHARM/m_1_1_40/image_a0_1530_168_0_230.e9_6.2e9_5.75742e+29_40.dat
        54       0.703765        3.27712       -214.576        23.9722        26.7148        25.0164        -2014.9     /gpfs/hpu/EHT2/IHARM_inc-5/SANE_a0_288x128x128_IHARM/m_1_1_40/image_a0_1540_168_0_230.e9_6.2e9_5.75742e+29_40.dat
        55       0.514339          3.115       -215.679        14.8313        19.3224        17.0799       -1466.19     /gpfs/hpu/EHT2/IHARM_inc-5/SANE_a0_288x128x128_IHARM/m_1_1_40/image_a0_1550_168_0_230.e9_6.2e9_5.75742e+29_40.dat
        56       0.427117        2.97455       -219.253        20.9632        13.5566        16.2528       -1413.59     /gpfs/hpu/EHT2/IHARM_inc-5/SANE_a0_288x128x128_IHARM/m_1_1_40/image_a0_1560_168_0_230.e9_6.2e9_5.75742e+29_40.dat
        57       0.442889        2.79795       -226.595        13.0709        16.9182        14.9891        -1335.1     /gpfs/hpu/EHT2/IHARM_inc-5/SANE_a0_288x128x128_IHARM/m_1_1_40/image_a0_1570_168_0_230.e9_6.2e9_5.75742e+29_40.dat
        58       0.486655        3.02798       -255.898        17.9352        8.44259        12.0953        -1100.5     /gpfs/hpu/EHT2/IHARM_inc-5/SANE_a0_288x128x128_IHARM/m_1_1_40/image_a0_1580_168_0_230.e9_6.2e9_5.75742e+29_40.dat
        59       0.489779        3.16117       -224.899        7.52434        9.60436        8.55131       -854.839     /gpfs/hpu/EHT2/IHARM_inc-5/SANE_a0_288x128x128_IHARM/m_1_1_40/image_a0_1590_168_0_230.e9_6.2e9_5.75742e+29_40.dat
        60       0.495247        3.15476       -197.717        13.3581        33.0974        24.3845        -1993.9     /gpfs/hpu/EHT2/IHARM_inc-5/SANE_a0_288x128x128_IHARM/m_1_1_40/image_a0_1600_168_0_230.e9_6.2e9_5.75742e+29_40.dat
        61        0.59411        3.11908       -157.784        10.0444        39.3482        26.6294       -2190.02     /gpfs/hpu/EHT2/IHARM_inc-5/SANE_a0_288x128x128_IHARM/m_1_1_40/image_a0_1610_168_0_230.e9_6.2e9_5.75742e+29_40.dat
        62       0.600018        3.32269       -143.243        4.15885        18.4969        12.2904       -1187.73     /gpfs/hpu/EHT2/IHARM_inc-5/SANE_a0_288x128x128_IHARM/m_1_1_40/image_a0_1620_168_0_230.e9_6.2e9_5.75742e+29_40.dat
        63        0.57038        3.20126       -204.129        7.64089        13.8855        11.0538       -1067.81     /gpfs/hpu/EHT2/IHARM_inc-5/SANE_a0_288x128x128_IHARM/m_1_1_40/image_a0_1630_168_0_230.e9_6.2e9_5.75742e+29_40.dat
        64       0.450891        3.08131       -248.841        14.1648        12.0062        12.6144       -1131.44     /gpfs/hpu/EHT2/IHARM_inc-5/SANE_a0_288x128x128_IHARM/m_1_1_40/image_a0_1640_168_0_230.e9_6.2e9_5.75742e+29_40.dat
        65       0.495825         3.2927       -199.238        10.4078        15.6568        13.1887       -1180.74     /gpfs/hpu/EHT2/IHARM_inc-5/SANE_a0_288x128x128_IHARM/m_1_1_40/image_a0_1650_168_0_230.e9_6.2e9_5.75742e+29_40.dat
        66        0.51509        3.25101       -193.858        10.1027        23.5658        17.6014       -1551.59     /gpfs/hpu/EHT2/IHARM_inc-5/SANE_a0_288x128x128_IHARM/m_1_1_40/image_a0_1660_168_0_230.e9_6.2e9_5.75742e+29_40.dat
        67       0.521832        3.05587       -182.661        13.1126        18.2235        15.7546       -1395.09     /gpfs/hpu/EHT2/IHARM_inc-5/SANE_a0_288x128x128_IHARM/m_1_1_40/image_a0_1670_168_0_230.e9_6.2e9_5.75742e+29_40.dat
        68       0.549671        3.04411       -173.532        11.9565        45.6581        31.0216       -2484.95     /gpfs/hpu/EHT2/IHARM_inc-5/SANE_a0_288x128x128_IHARM/m_1_1_40/image_a0_1680_168_0_230.e9_6.2e9_5.75742e+29_40.dat
        69       0.385151          3.019        -170.28        18.2655        14.4576        15.6787       -1358.41     /gpfs/hpu/EHT2/IHARM_inc-5/SANE_a0_288x128x128_IHARM/m_1_1_40/image_a0_1690_168_0_230.e9_6.2e9_5.75742e+29_40.dat
        70       0.365361        3.03768       -165.787        14.2937         22.845        18.8828        -1592.2     /gpfs/hpu/EHT2/IHARM_inc-5/SANE_a0_288x128x128_IHARM/m_1_1_40/image_a0_1700_168_0_230.e9_6.2e9_5.75742e+29_40.dat
        71       0.521436        3.45483       -281.232        18.7681        50.7984        36.7244       -2834.18     /gpfs/hpu/EHT2/IHARM_inc-5/SANE_a0_288x128x128_IHARM/m_1_1_40/image_a0_1710_168_0_230.e9_6.2e9_5.75742e+29_40.dat
        72        0.40436        2.96185       -200.251        11.2726        11.0686        10.9069       -1035.56     /gpfs/hpu/EHT2/IHARM_inc-5/SANE_a0_288x128x128_IHARM/m_1_1_40/image_a0_1720_168_0_230.e9_6.2e9_5.75742e+29_40.dat
        73        0.71075        3.20283       -146.389        22.2909        47.2278        36.1012       -2863.17     /gpfs/hpu/EHT2/IHARM_inc-5/SANE_a0_288x128x128_IHARM/m_1_1_40/image_a0_1730_168_0_230.e9_6.2e9_5.75742e+29_40.dat
        74        0.51736        3.07737       -208.761        14.2589         75.747        49.2096       -3725.18     /gpfs/hpu/EHT2/IHARM_inc-5/SANE_a0_288x128x128_IHARM/m_1_1_40/image_a0_1740_168_0_230.e9_6.2e9_5.75742e+29_40.dat
        75       0.461743        3.15987       -215.629        15.3556        28.0515        22.2983       -1797.21     /gpfs/hpu/EHT2/IHARM_inc-5/SANE_a0_288x128x128_IHARM/m_1_1_40/image_a0_1750_168_0_230.e9_6.2e9_5.75742e+29_40.dat
        76       0.589065        2.96022       -168.483        12.7432        22.1047        17.8312       -1563.65     /gpfs/hpu/EHT2/IHARM_inc-5/SANE_a0_288x128x128_IHARM/m_1_1_40/image_a0_1760_168_0_230.e9_6.2e9_5.75742e+29_40.dat
        77       0.397526        3.20744       -240.444        9.27823        10.0469        9.51441       -920.952     /gpfs/hpu/EHT2/IHARM_inc-5/SANE_a0_288x128x128_IHARM/m_1_1_40/image_a0_1770_168_0_230.e9_6.2e9_5.75742e+29_40.dat
        78       0.450872        3.26006        -265.24        5.67886        7.28965        6.47743       -720.789     /gpfs/hpu/EHT2/IHARM_inc-5/SANE_a0_288x128x128_IHARM/m_1_1_40/image_a0_1780_168_0_230.e9_6.2e9_5.75742e+29_40.dat
        79       0.450569        2.93068       -203.642        11.3071        39.7972        27.3976       -2181.42     /gpfs/hpu/EHT2/IHARM_inc-5/SANE_a0_288x128x128_IHARM/m_1_1_40/image_a0_1790_168_0_230.e9_6.2e9_5.75742e+29_40.dat
        80       0.434704        3.02459       -300.352        20.8609        23.4064        21.8606       -1781.36     /gpfs/hpu/EHT2/IHARM_inc-5/SANE_a0_288x128x128_IHARM/m_1_1_40/image_a0_1800_168_0_230.e9_6.2e9_5.75742e+29_40.dat
        81       0.623347        3.00922        -78.152        9.76815        60.9894        38.9295       -3018.93     /gpfs/hpu/EHT2/IHARM_inc-5/SANE_a0_288x128x128_IHARM/m_1_1_40/image_a0_1810_168_0_230.e9_6.2e9_5.75742e+29_40.dat
        82       0.395255        3.08544       -146.473        7.27587         14.575        11.3016       -1081.16     /gpfs/hpu/EHT2/IHARM_inc-5/SANE_a0_288x128x128_IHARM/m_1_1_40/image_a0_1820_168_0_230.e9_6.2e9_5.75742e+29_40.dat
        83       0.459399        3.32703       -208.768        10.7201        8.70395        9.32731       -916.915     /gpfs/hpu/EHT2/IHARM_inc-5/SANE_a0_288x128x128_IHARM/m_1_1_40/image_a0_1830_168_0_230.e9_6.2e9_5.75742e+29_40.dat
        84       0.573197        3.10945       -194.586        16.6417         53.891        37.6382       -2924.49     /gpfs/hpu/EHT2/IHARM_inc-5/SANE_a0_288x128x128_IHARM/m_1_1_40/image_a0_1840_168_0_230.e9_6.2e9_5.75742e+29_40.dat
        85       0.585939         2.8721       -243.398        18.6296        11.6437         14.212       -1309.77     /gpfs/hpu/EHT2/IHARM_inc-5/SANE_a0_288x128x128_IHARM/m_1_1_40/image_a0_1850_168_0_230.e9_6.2e9_5.75742e+29_40.dat
        86       0.546092        3.05974       -226.453        14.0674        18.2513        16.1567       -1392.91     /gpfs/hpu/EHT2/IHARM_inc-5/SANE_a0_288x128x128_IHARM/m_1_1_40/image_a0_1860_168_0_230.e9_6.2e9_5.75742e+29_40.dat
        87       0.457709        2.98764       -191.604        18.0423        11.1337         13.682       -1245.91     /gpfs/hpu/EHT2/IHARM_inc-5/SANE_a0_288x128x128_IHARM/m_1_1_40/image_a0_1870_168_0_230.e9_6.2e9_5.75742e+29_40.dat
        88       0.570527        2.97068       -263.025        35.9713         15.003        23.1519       -1883.03     /gpfs/hpu/EHT2/IHARM_inc-5/SANE_a0_288x128x128_IHARM/m_1_1_40/image_a0_1880_168_0_230.e9_6.2e9_5.75742e+29_40.dat
        89        0.52478        2.95569       -295.673        17.8035        24.8548        21.4549       -1763.77     /gpfs/hpu/EHT2/IHARM_inc-5/SANE_a0_288x128x128_IHARM/m_1_1_40/image_a0_1890_168_0_230.e9_6.2e9_5.75742e+29_40.dat
        90       0.726459        3.15651       -182.395        12.9089        73.3707        47.3008       -3824.43     /gpfs/hpu/EHT2/IHARM_inc-5/SANE_a0_288x128x128_IHARM/m_1_1_40/image_a0_1900_168_0_230.e9_6.2e9_5.75742e+29_40.dat
        91       0.535042        3.05155       -181.333        8.40834        20.2065        14.9895        -1348.7     /gpfs/hpu/EHT2/IHARM_inc-5/SANE_a0_288x128x128_IHARM/m_1_1_40/image_a0_1910_168_0_230.e9_6.2e9_5.75742e+29_40.dat
        92       0.591636        3.07706       -195.269        9.64254        19.7787        15.2432       -1386.46     /gpfs/hpu/EHT2/IHARM_inc-5/SANE_a0_288x128x128_IHARM/m_1_1_40/image_a0_1920_168_0_230.e9_6.2e9_5.75742e+29_40.dat
        93       0.551639        2.89195       -275.118        22.4214        84.3572        57.4488       -4295.02     /gpfs/hpu/EHT2/IHARM_inc-5/SANE_a0_288x128x128_IHARM/m_1_1_40/image_a0_1930_168_0_230.e9_6.2e9_5.75742e+29_40.dat
        94       0.481411        3.03215       -187.361        12.4651        14.6476        13.4419       -1200.51     /gpfs/hpu/EHT2/IHARM_inc-5/SANE_a0_288x128x128_IHARM/m_1_1_40/image_a0_1940_168_0_230.e9_6.2e9_5.75742e+29_40.dat
        95       0.465222        3.00237       -201.294        16.0121        11.8157        13.2522       -1197.26     /gpfs/hpu/EHT2/IHARM_inc-5/SANE_a0_288x128x128_IHARM/m_1_1_40/image_a0_1950_168_0_230.e9_6.2e9_5.75742e+29_40.dat
        96       0.458837        3.08861       -205.451        7.48655        13.3895        10.7069       -1006.62     /gpfs/hpu/EHT2/IHARM_inc-5/SANE_a0_288x128x128_IHARM/m_1_1_40/image_a0_1960_168_0_230.e9_6.2e9_5.75742e+29_40.dat
        97       0.426256        2.84856       -231.792        10.0832        13.0923        11.5866       -1070.08     /gpfs/hpu/EHT2/IHARM_inc-5/SANE_a0_288x128x128_IHARM/m_1_1_40/image_a0_1970_168_0_230.e9_6.2e9_5.75742e+29_40.dat
        98        0.42174        2.88386       -195.339        17.3087        10.0853        12.7841       -1165.66     /gpfs/hpu/EHT2/IHARM_inc-5/SANE_a0_288x128x128_IHARM/m_1_1_40/image_a0_1980_168_0_230.e9_6.2e9_5.75742e+29_40.dat
        99       0.419469        3.01704       -203.932         8.5576        10.3278        9.38412       -908.732     /gpfs/hpu/EHT2/IHARM_inc-5/SANE_a0_288x128x128_IHARM/m_1_1_40/image_a0_1990_168_0_230.e9_6.2e9_5.75742e+29_40.dat
