   # Index         I (Jy)      M/D (uas)       PA (deg)  VA red. chisq  CP red. chisq     red. chisq     log-liklhd     FileName
         0       0.384558         3.0549       -282.673        4.29974        6.88619        5.68696       -1101.76     /gpfs/hpu/EHT2/IHARM_inc-5/SANE_a0_288x128x128_IHARM/m_1_1_80/image_a0_1000_168_0_230.e9_6.2e9_6.47915e+29_80.dat
         1       0.434128        2.98221       -307.177        3.54369         14.832         9.7822       -1607.39     /gpfs/hpu/EHT2/IHARM_inc-5/SANE_a0_288x128x128_IHARM/m_1_1_80/image_a0_1010_168_0_230.e9_6.2e9_6.47915e+29_80.dat
         2       0.442604        2.92624       -202.348         6.2701        15.8726        11.5376       -1937.25     /gpfs/hpu/EHT2/IHARM_inc-5/SANE_a0_288x128x128_IHARM/m_1_1_80/image_a0_1020_168_0_230.e9_6.2e9_6.47915e+29_80.dat
         3       0.349818        3.04323       -231.522        6.20521         8.8582        7.60641       -1372.01     /gpfs/hpu/EHT2/IHARM_inc-5/SANE_a0_288x128x128_IHARM/m_1_1_80/image_a0_1030_168_0_230.e9_6.2e9_6.47915e+29_80.dat
         4       0.489592        2.98058       -262.531        9.16897          103.8        61.7158       -8406.96     /gpfs/hpu/EHT2/IHARM_inc-5/SANE_a0_288x128x128_IHARM/m_1_1_80/image_a0_1040_168_0_230.e9_6.2e9_6.47915e+29_80.dat
         5       0.491942        2.93931       -212.147        4.37595        12.2305        8.69367       -1596.38     /gpfs/hpu/EHT2/IHARM_inc-5/SANE_a0_288x128x128_IHARM/m_1_1_80/image_a0_1050_168_0_230.e9_6.2e9_6.47915e+29_80.dat
         6       0.491794        3.04651       -220.824        5.64469        5.62091        5.56318       -1165.05     /gpfs/hpu/EHT2/IHARM_inc-5/SANE_a0_288x128x128_IHARM/m_1_1_80/image_a0_1060_168_0_230.e9_6.2e9_6.47915e+29_80.dat
         7       0.645764        3.02394       -228.362        2.45822        17.9771         11.064       -1926.65     /gpfs/hpu/EHT2/IHARM_inc-5/SANE_a0_288x128x128_IHARM/m_1_1_80/image_a0_1070_168_0_230.e9_6.2e9_6.47915e+29_80.dat
         8        0.45713        2.91359       -207.276        3.38071        9.53843        6.76629       -1304.04     /gpfs/hpu/EHT2/IHARM_inc-5/SANE_a0_288x128x128_IHARM/m_1_1_80/image_a0_1080_168_0_230.e9_6.2e9_6.47915e+29_80.dat
         9       0.541516        3.01068       -232.527        1.91063        10.1186        6.45487       -1290.92     /gpfs/hpu/EHT2/IHARM_inc-5/SANE_a0_288x128x128_IHARM/m_1_1_80/image_a0_1090_168_0_230.e9_6.2e9_6.47915e+29_80.dat
        10       0.596255        2.99091       -269.064        5.71167        37.4219        23.2878       -3445.58     /gpfs/hpu/EHT2/IHARM_inc-5/SANE_a0_288x128x128_IHARM/m_1_1_80/image_a0_1100_168_0_230.e9_6.2e9_6.47915e+29_80.dat
        11        0.43148        3.01125       -268.309         5.4526        11.3896        8.69028       -1485.95     /gpfs/hpu/EHT2/IHARM_inc-5/SANE_a0_288x128x128_IHARM/m_1_1_80/image_a0_1110_168_0_230.e9_6.2e9_6.47915e+29_80.dat
        12       0.401637        3.07002       -233.212        1.90105        3.01846        2.49984       -693.668     /gpfs/hpu/EHT2/IHARM_inc-5/SANE_a0_288x128x128_IHARM/m_1_1_80/image_a0_1120_168_0_230.e9_6.2e9_6.47915e+29_80.dat
        13       0.562536        2.91831       -225.546        6.16508        28.8896        18.7356       -2845.19     /gpfs/hpu/EHT2/IHARM_inc-5/SANE_a0_288x128x128_IHARM/m_1_1_80/image_a0_1130_168_0_230.e9_6.2e9_6.47915e+29_80.dat
        14        0.56554        3.10938       -200.735        3.38534        12.8648        8.61925       -1589.73     /gpfs/hpu/EHT2/IHARM_inc-5/SANE_a0_288x128x128_IHARM/m_1_1_80/image_a0_1140_168_0_230.e9_6.2e9_6.47915e+29_80.dat
        15       0.429566        3.23688       -219.178        2.79181        4.95554        3.96205       -881.223     /gpfs/hpu/EHT2/IHARM_inc-5/SANE_a0_288x128x128_IHARM/m_1_1_80/image_a0_1150_168_0_230.e9_6.2e9_6.47915e+29_80.dat
        16       0.380686        2.91759       -200.104        7.63624        7.50956        7.47337       -1330.23     /gpfs/hpu/EHT2/IHARM_inc-5/SANE_a0_288x128x128_IHARM/m_1_1_80/image_a0_1160_168_0_230.e9_6.2e9_6.47915e+29_80.dat
        17       0.499421        3.01141       -242.382        2.25103        8.26096        5.56804        -1174.5     /gpfs/hpu/EHT2/IHARM_inc-5/SANE_a0_288x128x128_IHARM/m_1_1_80/image_a0_1170_168_0_230.e9_6.2e9_6.47915e+29_80.dat
        18       0.501271        3.09947        -214.41        2.01814        12.6683        7.92003       -1438.24     /gpfs/hpu/EHT2/IHARM_inc-5/SANE_a0_288x128x128_IHARM/m_1_1_80/image_a0_1180_168_0_230.e9_6.2e9_6.47915e+29_80.dat
        19       0.483115        3.16714       -196.014        5.48175        3.89306        4.53141       -999.746     /gpfs/hpu/EHT2/IHARM_inc-5/SANE_a0_288x128x128_IHARM/m_1_1_80/image_a0_1190_168_0_230.e9_6.2e9_6.47915e+29_80.dat
        20       0.403247        2.89612       -215.707        2.77491        4.87648        3.91077       -896.028     /gpfs/hpu/EHT2/IHARM_inc-5/SANE_a0_288x128x128_IHARM/m_1_1_80/image_a0_1200_168_0_230.e9_6.2e9_6.47915e+29_80.dat
        21       0.471217        3.11412       -199.304         3.8915        3.69627        3.73579       -898.287     /gpfs/hpu/EHT2/IHARM_inc-5/SANE_a0_288x128x128_IHARM/m_1_1_80/image_a0_1210_168_0_230.e9_6.2e9_6.47915e+29_80.dat
        22       0.461252        3.23613       -231.119        4.62547        10.1172        7.62537       -1359.18     /gpfs/hpu/EHT2/IHARM_inc-5/SANE_a0_288x128x128_IHARM/m_1_1_80/image_a0_1220_168_0_230.e9_6.2e9_6.47915e+29_80.dat
        23       0.405948        3.16511       -229.262        4.32017        5.19592        4.75522       -972.142     /gpfs/hpu/EHT2/IHARM_inc-5/SANE_a0_288x128x128_IHARM/m_1_1_80/image_a0_1230_168_0_230.e9_6.2e9_6.47915e+29_80.dat
        24       0.474476        3.03909       -247.401        6.43828        21.8351         14.928       -2347.04     /gpfs/hpu/EHT2/IHARM_inc-5/SANE_a0_288x128x128_IHARM/m_1_1_80/image_a0_1240_168_0_230.e9_6.2e9_6.47915e+29_80.dat
        25       0.547432        2.97033       -196.713        4.87918        8.31195        6.73032       -1338.41     /gpfs/hpu/EHT2/IHARM_inc-5/SANE_a0_288x128x128_IHARM/m_1_1_80/image_a0_1250_168_0_230.e9_6.2e9_6.47915e+29_80.dat
        26       0.395461        2.94467       -264.768        4.85524        9.43694          7.346       -1323.77     /gpfs/hpu/EHT2/IHARM_inc-5/SANE_a0_288x128x128_IHARM/m_1_1_80/image_a0_1260_168_0_230.e9_6.2e9_6.47915e+29_80.dat
        27       0.714281        3.06174       -334.073        11.3786        104.199        62.8909       -9243.18     /gpfs/hpu/EHT2/IHARM_inc-5/SANE_a0_288x128x128_IHARM/m_1_1_80/image_a0_1270_168_0_230.e9_6.2e9_6.47915e+29_80.dat
        28       0.591345        3.25468       -171.186        4.66822        52.7459        31.3647       -4457.22     /gpfs/hpu/EHT2/IHARM_inc-5/SANE_a0_288x128x128_IHARM/m_1_1_80/image_a0_1280_168_0_230.e9_6.2e9_6.47915e+29_80.dat
        29       0.669356        3.37348       -151.491        3.25784        15.2698        9.90251       -1762.84     /gpfs/hpu/EHT2/IHARM_inc-5/SANE_a0_288x128x128_IHARM/m_1_1_80/image_a0_1290_168_0_230.e9_6.2e9_6.47915e+29_80.dat
        30        0.52844        3.17411       -245.392        5.03224        18.3912         12.405        -1977.8     /gpfs/hpu/EHT2/IHARM_inc-5/SANE_a0_288x128x128_IHARM/m_1_1_80/image_a0_1300_168_0_230.e9_6.2e9_6.47915e+29_80.dat
        31       0.391912         2.9214       -243.621        2.37168        3.81739        3.14746       -786.841     /gpfs/hpu/EHT2/IHARM_inc-5/SANE_a0_288x128x128_IHARM/m_1_1_80/image_a0_1310_168_0_230.e9_6.2e9_6.47915e+29_80.dat
        32       0.618442        3.22026       -219.968        7.52941        20.3007        14.5449       -2282.67     /gpfs/hpu/EHT2/IHARM_inc-5/SANE_a0_288x128x128_IHARM/m_1_1_80/image_a0_1320_168_0_230.e9_6.2e9_6.47915e+29_80.dat
        33       0.489705        2.98358       -244.297        5.03329        12.9503        9.37781       -1641.87     /gpfs/hpu/EHT2/IHARM_inc-5/SANE_a0_288x128x128_IHARM/m_1_1_80/image_a0_1330_168_0_230.e9_6.2e9_6.47915e+29_80.dat
        34        0.49686        3.08395        -255.09         7.8157        5.50194        6.43366       -1188.93     /gpfs/hpu/EHT2/IHARM_inc-5/SANE_a0_288x128x128_IHARM/m_1_1_80/image_a0_1340_168_0_230.e9_6.2e9_6.47915e+29_80.dat
        35       0.540484        2.83389       -183.164        8.00604        25.5289        17.6598       -2753.51     /gpfs/hpu/EHT2/IHARM_inc-5/SANE_a0_288x128x128_IHARM/m_1_1_80/image_a0_1350_168_0_230.e9_6.2e9_6.47915e+29_80.dat
        36       0.424928         2.8596        -216.36        5.65042        8.21899        7.01135       -1284.62     /gpfs/hpu/EHT2/IHARM_inc-5/SANE_a0_288x128x128_IHARM/m_1_1_80/image_a0_1360_168_0_230.e9_6.2e9_6.47915e+29_80.dat
        37       0.558982        3.14568       -197.795        3.65023        7.60533         5.8069       -1200.29     /gpfs/hpu/EHT2/IHARM_inc-5/SANE_a0_288x128x128_IHARM/m_1_1_80/image_a0_1370_168_0_230.e9_6.2e9_6.47915e+29_80.dat
        38       0.482332        2.89962       -186.892        3.14705        5.43555        4.38242       -980.259     /gpfs/hpu/EHT2/IHARM_inc-5/SANE_a0_288x128x128_IHARM/m_1_1_80/image_a0_1380_168_0_230.e9_6.2e9_6.47915e+29_80.dat
        39       0.488209        2.76333       -195.451         3.2471        7.53248        5.59243       -1109.73     /gpfs/hpu/EHT2/IHARM_inc-5/SANE_a0_288x128x128_IHARM/m_1_1_80/image_a0_1390_168_0_230.e9_6.2e9_6.47915e+29_80.dat
        40       0.493587        3.01002       -203.938        2.89804        4.72707        3.88075       -899.922     /gpfs/hpu/EHT2/IHARM_inc-5/SANE_a0_288x128x128_IHARM/m_1_1_80/image_a0_1400_168_0_230.e9_6.2e9_6.47915e+29_80.dat
        41       0.443329        3.00782       -196.807        3.31441        3.32914        3.28251       -783.906     /gpfs/hpu/EHT2/IHARM_inc-5/SANE_a0_288x128x128_IHARM/m_1_1_80/image_a0_1410_168_0_230.e9_6.2e9_6.47915e+29_80.dat
        42       0.471473        3.08117       -237.655        3.65669        8.85178        6.50327       -1208.09     /gpfs/hpu/EHT2/IHARM_inc-5/SANE_a0_288x128x128_IHARM/m_1_1_80/image_a0_1420_168_0_230.e9_6.2e9_6.47915e+29_80.dat
        43       0.682085        3.00107       -152.015        2.46681         10.753        7.04781       -1430.43     /gpfs/hpu/EHT2/IHARM_inc-5/SANE_a0_288x128x128_IHARM/m_1_1_80/image_a0_1430_168_0_230.e9_6.2e9_6.47915e+29_80.dat
        44       0.557852         2.9881       -168.636         3.2459        8.35744        6.05096       -1272.77     /gpfs/hpu/EHT2/IHARM_inc-5/SANE_a0_288x128x128_IHARM/m_1_1_80/image_a0_1440_168_0_230.e9_6.2e9_6.47915e+29_80.dat
        45       0.604754        3.09252       -181.179        2.72603        14.6464        9.32615       -1671.71     /gpfs/hpu/EHT2/IHARM_inc-5/SANE_a0_288x128x128_IHARM/m_1_1_80/image_a0_1450_168_0_230.e9_6.2e9_6.47915e+29_80.dat
        46       0.412328        2.96561       -228.871        2.98376        4.20939        3.62967       -855.738     /gpfs/hpu/EHT2/IHARM_inc-5/SANE_a0_288x128x128_IHARM/m_1_1_80/image_a0_1460_168_0_230.e9_6.2e9_6.47915e+29_80.dat
        47       0.540828        3.40049       -245.654        6.29496        11.6326        9.18893       -1577.73     /gpfs/hpu/EHT2/IHARM_inc-5/SANE_a0_288x128x128_IHARM/m_1_1_80/image_a0_1470_168_0_230.e9_6.2e9_6.47915e+29_80.dat
        48       0.646169        2.83682       -182.025        6.86586        7.95686        7.38989       -1466.89     /gpfs/hpu/EHT2/IHARM_inc-5/SANE_a0_288x128x128_IHARM/m_1_1_80/image_a0_1480_168_0_230.e9_6.2e9_6.47915e+29_80.dat
        49        0.42677        2.95189        -207.13        5.70201        5.43051        5.48196       -1121.83     /gpfs/hpu/EHT2/IHARM_inc-5/SANE_a0_288x128x128_IHARM/m_1_1_80/image_a0_1490_168_0_230.e9_6.2e9_6.47915e+29_80.dat
        50       0.388665        2.98506       -207.183        2.66636        3.10493        2.87815       -760.246     /gpfs/hpu/EHT2/IHARM_inc-5/SANE_a0_288x128x128_IHARM/m_1_1_80/image_a0_1500_168_0_230.e9_6.2e9_6.47915e+29_80.dat
        51        0.59518        3.20308       -216.047        2.45164        8.33905        5.69804       -1191.91     /gpfs/hpu/EHT2/IHARM_inc-5/SANE_a0_288x128x128_IHARM/m_1_1_80/image_a0_1510_168_0_230.e9_6.2e9_6.47915e+29_80.dat
        52       0.494071        3.12745       -184.563         2.8328        10.8048        7.23455       -1326.97     /gpfs/hpu/EHT2/IHARM_inc-5/SANE_a0_288x128x128_IHARM/m_1_1_80/image_a0_1520_168_0_230.e9_6.2e9_6.47915e+29_80.dat
        53        0.48713        2.89609       -230.671        4.04434        4.02891        3.98683       -896.507     /gpfs/hpu/EHT2/IHARM_inc-5/SANE_a0_288x128x128_IHARM/m_1_1_80/image_a0_1530_168_0_230.e9_6.2e9_6.47915e+29_80.dat
        54       0.525557        3.18738       -218.683        7.89857        10.0433        8.99645       -1535.02     /gpfs/hpu/EHT2/IHARM_inc-5/SANE_a0_288x128x128_IHARM/m_1_1_80/image_a0_1540_168_0_230.e9_6.2e9_6.47915e+29_80.dat
        55       0.531622         3.0146       -271.139        5.12522         12.074        8.92989       -1525.41     /gpfs/hpu/EHT2/IHARM_inc-5/SANE_a0_288x128x128_IHARM/m_1_1_80/image_a0_1550_168_0_230.e9_6.2e9_6.47915e+29_80.dat
        56       0.402639        2.98439       -224.778        5.24037        5.62834        5.39287       -1068.82     /gpfs/hpu/EHT2/IHARM_inc-5/SANE_a0_288x128x128_IHARM/m_1_1_80/image_a0_1560_168_0_230.e9_6.2e9_6.47915e+29_80.dat
        57        0.62896         2.7662        -238.55        5.12747        7.65955        6.47443       -1320.01     /gpfs/hpu/EHT2/IHARM_inc-5/SANE_a0_288x128x128_IHARM/m_1_1_80/image_a0_1570_168_0_230.e9_6.2e9_6.47915e+29_80.dat
        58       0.438952        3.00987       -250.957        4.38619         2.3413        3.19525       -780.738     /gpfs/hpu/EHT2/IHARM_inc-5/SANE_a0_288x128x128_IHARM/m_1_1_80/image_a0_1580_168_0_230.e9_6.2e9_6.47915e+29_80.dat
        59       0.444748        3.10895       -229.084        2.50318        3.68173        3.12871       -767.566     /gpfs/hpu/EHT2/IHARM_inc-5/SANE_a0_288x128x128_IHARM/m_1_1_80/image_a0_1590_168_0_230.e9_6.2e9_6.47915e+29_80.dat
        60        0.43041        3.03946        85.1418        5.92928        18.4983        12.8516       -2052.14     /gpfs/hpu/EHT2/IHARM_inc-5/SANE_a0_288x128x128_IHARM/m_1_1_80/image_a0_1600_168_0_230.e9_6.2e9_6.47915e+29_80.dat
        61       0.671277        3.12105       -160.007        4.23824        24.4404        15.4285       -2477.69     /gpfs/hpu/EHT2/IHARM_inc-5/SANE_a0_288x128x128_IHARM/m_1_1_80/image_a0_1610_168_0_230.e9_6.2e9_6.47915e+29_80.dat
        62       0.658889        3.47271       -140.943        3.60898        12.5912        8.56348       -1587.93     /gpfs/hpu/EHT2/IHARM_inc-5/SANE_a0_288x128x128_IHARM/m_1_1_80/image_a0_1620_168_0_230.e9_6.2e9_6.47915e+29_80.dat
        63        0.65943        3.19321        156.328        1.90704        8.73493        5.68336       -1225.85     /gpfs/hpu/EHT2/IHARM_inc-5/SANE_a0_288x128x128_IHARM/m_1_1_80/image_a0_1630_168_0_230.e9_6.2e9_6.47915e+29_80.dat
        64       0.443432        3.07177        115.431        3.10757        4.13833        3.64355       -846.886     /gpfs/hpu/EHT2/IHARM_inc-5/SANE_a0_288x128x128_IHARM/m_1_1_80/image_a0_1640_168_0_230.e9_6.2e9_6.47915e+29_80.dat
        65       0.432835        3.16854        165.909        3.61872        14.8377        9.81778       -1639.14     /gpfs/hpu/EHT2/IHARM_inc-5/SANE_a0_288x128x128_IHARM/m_1_1_80/image_a0_1650_168_0_230.e9_6.2e9_6.47915e+29_80.dat
        66        0.53162        3.25974        166.151        3.19577         12.988        8.60599        -1590.4     /gpfs/hpu/EHT2/IHARM_inc-5/SANE_a0_288x128x128_IHARM/m_1_1_80/image_a0_1660_168_0_230.e9_6.2e9_6.47915e+29_80.dat
        67       0.527337        3.01726         177.29        3.65636        12.4365        8.49787       -1561.89     /gpfs/hpu/EHT2/IHARM_inc-5/SANE_a0_288x128x128_IHARM/m_1_1_80/image_a0_1670_168_0_230.e9_6.2e9_6.47915e+29_80.dat
        68       0.608683        3.00158        186.953        4.61989        26.9552        16.9925       -2686.55     /gpfs/hpu/EHT2/IHARM_inc-5/SANE_a0_288x128x128_IHARM/m_1_1_80/image_a0_1680_168_0_230.e9_6.2e9_6.47915e+29_80.dat
        69       0.415314        3.00027        186.706        3.52496        7.89125        5.91195       -1160.62     /gpfs/hpu/EHT2/IHARM_inc-5/SANE_a0_288x128x128_IHARM/m_1_1_80/image_a0_1690_168_0_230.e9_6.2e9_6.47915e+29_80.dat
        70       0.429984          3.052        151.379        6.15333        6.67736        6.37049       -1202.27     /gpfs/hpu/EHT2/IHARM_inc-5/SANE_a0_288x128x128_IHARM/m_1_1_80/image_a0_1700_168_0_230.e9_6.2e9_6.47915e+29_80.dat
        71       0.584855        2.96353        162.674        5.92435        33.3774         21.129        -3226.8     /gpfs/hpu/EHT2/IHARM_inc-5/SANE_a0_288x128x128_IHARM/m_1_1_80/image_a0_1710_168_0_230.e9_6.2e9_6.47915e+29_80.dat
        72       0.393079        2.98775        158.144        2.18195        4.82084        3.62397       -886.626     /gpfs/hpu/EHT2/IHARM_inc-5/SANE_a0_288x128x128_IHARM/m_1_1_80/image_a0_1720_168_0_230.e9_6.2e9_6.47915e+29_80.dat
        73       0.838631        3.19725        208.542        7.30615        39.1684        24.9476       -3748.26     /gpfs/hpu/EHT2/IHARM_inc-5/SANE_a0_288x128x128_IHARM/m_1_1_80/image_a0_1730_168_0_230.e9_6.2e9_6.47915e+29_80.dat
        74       0.545401        3.06619            146        6.27856        50.8515        31.0053       -4431.36     /gpfs/hpu/EHT2/IHARM_inc-5/SANE_a0_288x128x128_IHARM/m_1_1_80/image_a0_1740_168_0_230.e9_6.2e9_6.47915e+29_80.dat
        75       0.452491        3.13468        140.547        5.47821        18.5406        12.6805       -1964.87     /gpfs/hpu/EHT2/IHARM_inc-5/SANE_a0_288x128x128_IHARM/m_1_1_80/image_a0_1750_168_0_230.e9_6.2e9_6.47915e+29_80.dat
        76       0.618754        2.97018        193.696        3.91131        14.6284        9.82752       -1755.51     /gpfs/hpu/EHT2/IHARM_inc-5/SANE_a0_288x128x128_IHARM/m_1_1_80/image_a0_1760_168_0_230.e9_6.2e9_6.47915e+29_80.dat
        77       0.439694        3.14976        126.634        3.00167        4.57771        3.84235       -872.396     /gpfs/hpu/EHT2/IHARM_inc-5/SANE_a0_288x128x128_IHARM/m_1_1_80/image_a0_1770_168_0_230.e9_6.2e9_6.47915e+29_80.dat
        78        0.45359        3.23786        97.9314        1.43546        3.39175        2.50667       -731.174     /gpfs/hpu/EHT2/IHARM_inc-5/SANE_a0_288x128x128_IHARM/m_1_1_80/image_a0_1780_168_0_230.e9_6.2e9_6.47915e+29_80.dat
        79       0.381161        2.91356        131.962        7.25146        20.6864        14.6396       -2269.78     /gpfs/hpu/EHT2/IHARM_inc-5/SANE_a0_288x128x128_IHARM/m_1_1_80/image_a0_1790_168_0_230.e9_6.2e9_6.47915e+29_80.dat
        80       0.465018        3.07228        49.9593        5.18173        13.3947         9.6892       -1626.23     /gpfs/hpu/EHT2/IHARM_inc-5/SANE_a0_288x128x128_IHARM/m_1_1_80/image_a0_1800_168_0_230.e9_6.2e9_6.47915e+29_80.dat
        81       0.579216        3.12376        282.538          3.078        32.8175        19.5894       -2943.65     /gpfs/hpu/EHT2/IHARM_inc-5/SANE_a0_288x128x128_IHARM/m_1_1_80/image_a0_1810_168_0_230.e9_6.2e9_6.47915e+29_80.dat
        82       0.384232        3.10968        205.434        2.67201        5.34485          4.127       -953.215     /gpfs/hpu/EHT2/IHARM_inc-5/SANE_a0_288x128x128_IHARM/m_1_1_80/image_a0_1820_168_0_230.e9_6.2e9_6.47915e+29_80.dat
        83       0.385425        3.37698        146.913        3.39318        3.99134        3.68498       -862.038     /gpfs/hpu/EHT2/IHARM_inc-5/SANE_a0_288x128x128_IHARM/m_1_1_80/image_a0_1830_168_0_230.e9_6.2e9_6.47915e+29_80.dat
        84       0.509413        3.11693        166.455        5.66864        28.2202        18.1489       -2751.71     /gpfs/hpu/EHT2/IHARM_inc-5/SANE_a0_288x128x128_IHARM/m_1_1_80/image_a0_1840_168_0_230.e9_6.2e9_6.47915e+29_80.dat
        85       0.620864        2.92169        130.416        5.83641        3.57191        4.50572        -1051.9     /gpfs/hpu/EHT2/IHARM_inc-5/SANE_a0_288x128x128_IHARM/m_1_1_80/image_a0_1850_168_0_230.e9_6.2e9_6.47915e+29_80.dat
        86       0.491808        3.01141         125.97        5.30585        10.5119        8.13859       -1420.96     /gpfs/hpu/EHT2/IHARM_inc-5/SANE_a0_288x128x128_IHARM/m_1_1_80/image_a0_1860_168_0_230.e9_6.2e9_6.47915e+29_80.dat
        87       0.468506        2.96719        159.937        4.41239        5.78544        5.12305       -1106.22     /gpfs/hpu/EHT2/IHARM_inc-5/SANE_a0_288x128x128_IHARM/m_1_1_80/image_a0_1870_168_0_230.e9_6.2e9_6.47915e+29_80.dat
        88       0.427941        2.96071        97.1714        9.01198        12.3859        10.7804       -1726.92     /gpfs/hpu/EHT2/IHARM_inc-5/SANE_a0_288x128x128_IHARM/m_1_1_80/image_a0_1880_168_0_230.e9_6.2e9_6.47915e+29_80.dat
        89        0.50599        2.95271        64.3305         4.8236        16.5116         11.269       -1846.31     /gpfs/hpu/EHT2/IHARM_inc-5/SANE_a0_288x128x128_IHARM/m_1_1_80/image_a0_1890_168_0_230.e9_6.2e9_6.47915e+29_80.dat
        90       0.626724        3.17383       -180.117        4.81671         40.676        24.7124       -3922.77     /gpfs/hpu/EHT2/IHARM_inc-5/SANE_a0_288x128x128_IHARM/m_1_1_80/image_a0_1900_168_0_230.e9_6.2e9_6.47915e+29_80.dat
        91        0.57536        3.07821       -179.711        2.28122        15.2956        9.49552       -1698.85     /gpfs/hpu/EHT2/IHARM_inc-5/SANE_a0_288x128x128_IHARM/m_1_1_80/image_a0_1910_168_0_230.e9_6.2e9_6.47915e+29_80.dat
        92          0.574        3.19636       -188.317        5.13552        10.9207        8.29258       -1528.56     /gpfs/hpu/EHT2/IHARM_inc-5/SANE_a0_288x128x128_IHARM/m_1_1_80/image_a0_1920_168_0_230.e9_6.2e9_6.47915e+29_80.dat
        93        0.58561        2.89788       -279.351        8.10851         51.594         32.208       -4579.64     /gpfs/hpu/EHT2/IHARM_inc-5/SANE_a0_288x128x128_IHARM/m_1_1_80/image_a0_1930_168_0_230.e9_6.2e9_6.47915e+29_80.dat
        94       0.428963         3.0626       -189.788        2.59151        6.50712        4.73901       -1011.55     /gpfs/hpu/EHT2/IHARM_inc-5/SANE_a0_288x128x128_IHARM/m_1_1_80/image_a0_1940_168_0_230.e9_6.2e9_6.47915e+29_80.dat
        95       0.516912         3.0414       -198.592        2.98699        5.35425        4.26812       -992.558     /gpfs/hpu/EHT2/IHARM_inc-5/SANE_a0_288x128x128_IHARM/m_1_1_80/image_a0_1950_168_0_230.e9_6.2e9_6.47915e+29_80.dat
        96       0.438857        3.02716       -207.352        2.10955         5.1976        3.80238       -873.473     /gpfs/hpu/EHT2/IHARM_inc-5/SANE_a0_288x128x128_IHARM/m_1_1_80/image_a0_1960_168_0_230.e9_6.2e9_6.47915e+29_80.dat
        97       0.354634        2.81676       -237.619        3.48258         6.7563        5.26212       -1065.01     /gpfs/hpu/EHT2/IHARM_inc-5/SANE_a0_288x128x128_IHARM/m_1_1_80/image_a0_1970_168_0_230.e9_6.2e9_6.47915e+29_80.dat
        98       0.437098        2.93017       -197.578        3.57725         4.9012        4.27069       -967.356     /gpfs/hpu/EHT2/IHARM_inc-5/SANE_a0_288x128x128_IHARM/m_1_1_80/image_a0_1980_168_0_230.e9_6.2e9_6.47915e+29_80.dat
        99       0.445738        2.98725        -207.44        2.23051        5.27485        3.89755       -867.863     /gpfs/hpu/EHT2/IHARM_inc-5/SANE_a0_288x128x128_IHARM/m_1_1_80/image_a0_1990_168_0_230.e9_6.2e9_6.47915e+29_80.dat
