   # Index         I (Jy)      M/D (uas)       PA (deg)  VA red. chisq  CP red. chisq     red. chisq     log-liklhd     FileName
         0        0.81257         4.8921          332.3        60.9945        32.1121        42.6802       -3188.95     /gpfs/hpu/EHT2/IHARM/MAD/MAD_a-0.94_384x192x192_IHARM/m_1_1_160/image_a-0.94_0000_17_0_230.e9_6.2e9_4.52111e+25_160.dat
         1       0.976307        7.28458        312.404        30.7437        69.1561        52.5778       -3807.63     /gpfs/hpu/EHT2/IHARM/MAD/MAD_a-0.94_384x192x192_IHARM/m_1_1_160/image_a-0.94_0001_17_0_230.e9_6.2e9_4.52111e+25_160.dat
         2       0.424351        3.35865        345.934        22.3718        19.1489        19.9771       -1634.62     /gpfs/hpu/EHT2/IHARM/MAD/MAD_a-0.94_384x192x192_IHARM/m_1_1_160/image_a-0.94_0002_17_0_230.e9_6.2e9_4.52111e+25_160.dat
         3       0.682692        3.65954        292.432        20.0054        65.4532        46.2077        -3437.2     /gpfs/hpu/EHT2/IHARM/MAD/MAD_a-0.94_384x192x192_IHARM/m_1_1_160/image_a-0.94_0003_17_0_230.e9_6.2e9_4.52111e+25_160.dat
         4       0.498988        3.70282        312.649        7.04885        17.0118        12.7328       -1202.08     /gpfs/hpu/EHT2/IHARM/MAD/MAD_a-0.94_384x192x192_IHARM/m_1_1_160/image_a-0.94_0004_17_0_230.e9_6.2e9_4.52111e+25_160.dat
         5       0.535297        3.44883        309.732        10.8693        11.2897        10.8707       -1085.83     /gpfs/hpu/EHT2/IHARM/MAD/MAD_a-0.94_384x192x192_IHARM/m_1_1_160/image_a-0.94_0005_17_0_230.e9_6.2e9_4.52111e+25_160.dat
         6       0.435651        3.55919        333.828        10.1161        10.7677        10.2701       -983.645     /gpfs/hpu/EHT2/IHARM/MAD/MAD_a-0.94_384x192x192_IHARM/m_1_1_160/image_a-0.94_0006_17_0_230.e9_6.2e9_4.52111e+25_160.dat
         7       0.609111        3.33231        296.005        5.41814        7.25543        6.37343       -734.063     /gpfs/hpu/EHT2/IHARM/MAD/MAD_a-0.94_384x192x192_IHARM/m_1_1_160/image_a-0.94_0007_17_0_230.e9_6.2e9_4.52111e+25_160.dat
         8        0.55233        3.62727        213.368        11.0225        22.5069        17.5091       -1457.01     /gpfs/hpu/EHT2/IHARM/MAD/MAD_a-0.94_384x192x192_IHARM/m_1_1_160/image_a-0.94_0008_17_0_230.e9_6.2e9_4.52111e+25_160.dat
         9        0.43281        3.76527        222.605         8.8616        13.4768        11.3684       -1024.09     /gpfs/hpu/EHT2/IHARM/MAD/MAD_a-0.94_384x192x192_IHARM/m_1_1_160/image_a-0.94_0009_17_0_230.e9_6.2e9_4.52111e+25_160.dat
        10       0.628939        3.61756        290.977        25.0596        16.7765        19.6366       -1636.97     /gpfs/hpu/EHT2/IHARM/MAD/MAD_a-0.94_384x192x192_IHARM/m_1_1_160/image_a-0.94_0010_17_0_230.e9_6.2e9_4.52111e+25_160.dat
        11       0.956186         4.5079        203.461        28.2499        54.5851        43.0574       -3216.77     /gpfs/hpu/EHT2/IHARM/MAD/MAD_a-0.94_384x192x192_IHARM/m_1_1_160/image_a-0.94_0011_17_0_230.e9_6.2e9_4.52111e+25_160.dat
        12       0.558751        3.59551        290.618        6.24822        14.2512        10.8007       -1063.78     /gpfs/hpu/EHT2/IHARM/MAD/MAD_a-0.94_384x192x192_IHARM/m_1_1_160/image_a-0.94_0012_17_0_230.e9_6.2e9_4.52111e+25_160.dat
        13       0.551641        4.01393        329.937        6.10707        9.27383        7.82651       -834.938     /gpfs/hpu/EHT2/IHARM/MAD/MAD_a-0.94_384x192x192_IHARM/m_1_1_160/image_a-0.94_0013_17_0_230.e9_6.2e9_4.52111e+25_160.dat
        14       0.625391        3.90068        318.763        10.3296        12.0462        11.1033        -1087.4     /gpfs/hpu/EHT2/IHARM/MAD/MAD_a-0.94_384x192x192_IHARM/m_1_1_160/image_a-0.94_0014_17_0_230.e9_6.2e9_4.52111e+25_160.dat
        15        0.66135         3.9038        272.359        9.90513        20.8921        16.1252       -1386.29     /gpfs/hpu/EHT2/IHARM/MAD/MAD_a-0.94_384x192x192_IHARM/m_1_1_160/image_a-0.94_0015_17_0_230.e9_6.2e9_4.52111e+25_160.dat
        16       0.522305        3.89467        240.455        9.98913        19.4967        15.3397       -1310.73     /gpfs/hpu/EHT2/IHARM/MAD/MAD_a-0.94_384x192x192_IHARM/m_1_1_160/image_a-0.94_0016_17_0_230.e9_6.2e9_4.52111e+25_160.dat
        17       0.523788        3.48593        288.173         8.8852         20.788        15.6654       -1349.88     /gpfs/hpu/EHT2/IHARM/MAD/MAD_a-0.94_384x192x192_IHARM/m_1_1_160/image_a-0.94_0017_17_0_230.e9_6.2e9_4.52111e+25_160.dat
        18       0.504445         3.3935        304.087        30.1171        22.4792        24.9584       -1951.58     /gpfs/hpu/EHT2/IHARM/MAD/MAD_a-0.94_384x192x192_IHARM/m_1_1_160/image_a-0.94_0018_17_0_230.e9_6.2e9_4.52111e+25_160.dat
        19       0.491238        4.02765        332.104        12.0005         16.811         14.551       -1251.39     /gpfs/hpu/EHT2/IHARM/MAD/MAD_a-0.94_384x192x192_IHARM/m_1_1_160/image_a-0.94_0019_17_0_230.e9_6.2e9_4.52111e+25_160.dat
        20       0.501295        3.89117         340.26        14.4556        11.9039         12.633        -1126.7     /gpfs/hpu/EHT2/IHARM/MAD/MAD_a-0.94_384x192x192_IHARM/m_1_1_160/image_a-0.94_0020_17_0_230.e9_6.2e9_4.52111e+25_160.dat
        21       0.950889        3.39391        121.551        17.4396        55.9232        39.6156       -3018.18     /gpfs/hpu/EHT2/IHARM/MAD/MAD_a-0.94_384x192x192_IHARM/m_1_1_160/image_a-0.94_0021_17_0_230.e9_6.2e9_4.52111e+25_160.dat
        22       0.649406        4.21891       -94.8671         6.4906        20.1808         14.373       -1254.61     /gpfs/hpu/EHT2/IHARM/MAD/MAD_a-0.94_384x192x192_IHARM/m_1_1_160/image_a-0.94_0022_17_0_230.e9_6.2e9_4.52111e+25_160.dat
        23       0.599414        4.34469       -81.4089        8.59226        12.3866        10.6237       -1001.86     /gpfs/hpu/EHT2/IHARM/MAD/MAD_a-0.94_384x192x192_IHARM/m_1_1_160/image_a-0.94_0023_17_0_230.e9_6.2e9_4.52111e+25_160.dat
        24       0.541233        4.03564       -74.9262        8.77486        16.1857        12.9232       -1159.51     /gpfs/hpu/EHT2/IHARM/MAD/MAD_a-0.94_384x192x192_IHARM/m_1_1_160/image_a-0.94_0024_17_0_230.e9_6.2e9_4.52111e+25_160.dat
        25       0.594818        3.76091       -91.5547        9.20567        16.2948        13.1556       -1167.79     /gpfs/hpu/EHT2/IHARM/MAD/MAD_a-0.94_384x192x192_IHARM/m_1_1_160/image_a-0.94_0025_17_0_230.e9_6.2e9_4.52111e+25_160.dat
        26       0.629593        3.39634       -34.9152        46.1302        18.4792        28.8733       -2257.09     /gpfs/hpu/EHT2/IHARM/MAD/MAD_a-0.94_384x192x192_IHARM/m_1_1_160/image_a-0.94_0026_17_0_230.e9_6.2e9_4.52111e+25_160.dat
        27       0.633578        3.45494        -43.827        6.50656        10.8407        8.90162       -902.773     /gpfs/hpu/EHT2/IHARM/MAD/MAD_a-0.94_384x192x192_IHARM/m_1_1_160/image_a-0.94_0027_17_0_230.e9_6.2e9_4.52111e+25_160.dat
        28       0.429842        3.72521       -29.6376        34.6167        31.7889        32.1774       -2426.43     /gpfs/hpu/EHT2/IHARM/MAD/MAD_a-0.94_384x192x192_IHARM/m_1_1_160/image_a-0.94_0028_17_0_230.e9_6.2e9_4.52111e+25_160.dat
        29        0.75957        3.96171       -56.2828        15.6778        27.3721        22.1825       -1764.22     /gpfs/hpu/EHT2/IHARM/MAD/MAD_a-0.94_384x192x192_IHARM/m_1_1_160/image_a-0.94_0029_17_0_230.e9_6.2e9_4.52111e+25_160.dat
        30       0.547061        3.58922       -29.7076        15.5435        31.4943        24.5475       -1940.02     /gpfs/hpu/EHT2/IHARM/MAD/MAD_a-0.94_384x192x192_IHARM/m_1_1_160/image_a-0.94_0030_17_0_230.e9_6.2e9_4.52111e+25_160.dat
        31       0.490295         4.0116       -91.8089        11.1682        7.79814        8.93987        -882.91     /gpfs/hpu/EHT2/IHARM/MAD/MAD_a-0.94_384x192x192_IHARM/m_1_1_160/image_a-0.94_0031_17_0_230.e9_6.2e9_4.52111e+25_160.dat
        32       0.371977        3.57306       -106.411        10.2008        16.4776        13.6519       -1176.56     /gpfs/hpu/EHT2/IHARM/MAD/MAD_a-0.94_384x192x192_IHARM/m_1_1_160/image_a-0.94_0032_17_0_230.e9_6.2e9_4.52111e+25_160.dat
        33       0.585114        3.53312       -15.8673        20.2794        18.6444        18.8631       -1586.42     /gpfs/hpu/EHT2/IHARM/MAD/MAD_a-0.94_384x192x192_IHARM/m_1_1_160/image_a-0.94_0033_17_0_230.e9_6.2e9_4.52111e+25_160.dat
        34        0.49646        3.63528       -32.1985        19.4763        17.6341        17.9566       -1483.84     /gpfs/hpu/EHT2/IHARM/MAD/MAD_a-0.94_384x192x192_IHARM/m_1_1_160/image_a-0.94_0034_17_0_230.e9_6.2e9_4.52111e+25_160.dat
        35       0.543331        3.58063        -26.025        12.4697        16.9622        14.8231       -1283.36     /gpfs/hpu/EHT2/IHARM/MAD/MAD_a-0.94_384x192x192_IHARM/m_1_1_160/image_a-0.94_0035_17_0_230.e9_6.2e9_4.52111e+25_160.dat
        36       0.945476        3.45582        -1.9289        39.4394        21.3456        27.9384       -2229.55     /gpfs/hpu/EHT2/IHARM/MAD/MAD_a-0.94_384x192x192_IHARM/m_1_1_160/image_a-0.94_0036_17_0_230.e9_6.2e9_4.52111e+25_160.dat
        37       0.533884        3.82321       -87.8622        11.0666        31.1074        22.5702       -1835.69     /gpfs/hpu/EHT2/IHARM/MAD/MAD_a-0.94_384x192x192_IHARM/m_1_1_160/image_a-0.94_0037_17_0_230.e9_6.2e9_4.52111e+25_160.dat
        38       0.565598        3.22496        35.6405        22.4321        15.7586        18.0123       -1523.75     /gpfs/hpu/EHT2/IHARM/MAD/MAD_a-0.94_384x192x192_IHARM/m_1_1_160/image_a-0.94_0038_17_0_230.e9_6.2e9_4.52111e+25_160.dat
        39       0.671864        4.21063       -62.3951        3.93023         11.356        8.19653       -866.017     /gpfs/hpu/EHT2/IHARM/MAD/MAD_a-0.94_384x192x192_IHARM/m_1_1_160/image_a-0.94_0039_17_0_230.e9_6.2e9_4.52111e+25_160.dat
        40        0.72693        4.35954       -17.1403        32.7839        41.5679        37.1959       -2810.82     /gpfs/hpu/EHT2/IHARM/MAD/MAD_a-0.94_384x192x192_IHARM/m_1_1_160/image_a-0.94_0040_17_0_230.e9_6.2e9_4.52111e+25_160.dat
        41       0.546852        3.99261       -39.8783        9.01028        3.81185        5.75834       -660.346     /gpfs/hpu/EHT2/IHARM/MAD/MAD_a-0.94_384x192x192_IHARM/m_1_1_160/image_a-0.94_0041_17_0_230.e9_6.2e9_4.52111e+25_160.dat
        42       0.973783        4.22598       -42.5552        28.6575        21.7927        23.9851       -1901.55     /gpfs/hpu/EHT2/IHARM/MAD/MAD_a-0.94_384x192x192_IHARM/m_1_1_160/image_a-0.94_0042_17_0_230.e9_6.2e9_4.52111e+25_160.dat
        43       0.647315        3.91625         -33.68        11.2333        7.54044        8.81419       -881.702     /gpfs/hpu/EHT2/IHARM/MAD/MAD_a-0.94_384x192x192_IHARM/m_1_1_160/image_a-0.94_0043_17_0_230.e9_6.2e9_4.52111e+25_160.dat
        44       0.671757        3.88452       -21.4426        20.3887        41.4399        32.2746       -2457.25     /gpfs/hpu/EHT2/IHARM/MAD/MAD_a-0.94_384x192x192_IHARM/m_1_1_160/image_a-0.94_0044_17_0_230.e9_6.2e9_4.52111e+25_160.dat
        45       0.915198        3.88953       -25.2891        16.8676        9.91108        12.4074       -1146.52     /gpfs/hpu/EHT2/IHARM/MAD/MAD_a-0.94_384x192x192_IHARM/m_1_1_160/image_a-0.94_0045_17_0_230.e9_6.2e9_4.52111e+25_160.dat
        46       0.760962        3.34296       -48.5105        3.43514         20.696        13.4806       -1242.32     /gpfs/hpu/EHT2/IHARM/MAD/MAD_a-0.94_384x192x192_IHARM/m_1_1_160/image_a-0.94_0046_17_0_230.e9_6.2e9_4.52111e+25_160.dat
        47       0.858289        3.35188       -53.6978        19.2771        23.4548        21.2923        -2770.6     /gpfs/hpu/EHT2/IHARM/MAD/MAD_a-0.94_384x192x192_IHARM/m_1_1_160/image_a-0.94_0047_17_0_230.e9_6.2e9_4.52111e+25_160.dat
        48       0.799655        4.29379        -4.3254        11.1848        42.4672        29.2786        -2493.6     /gpfs/hpu/EHT2/IHARM/MAD/MAD_a-0.94_384x192x192_IHARM/m_1_1_160/image_a-0.94_0048_17_0_230.e9_6.2e9_4.52111e+25_160.dat
        49       0.748084        4.09144      -0.964806        23.6011        50.2268        38.6839       -3248.55     /gpfs/hpu/EHT2/IHARM/MAD/MAD_a-0.94_384x192x192_IHARM/m_1_1_160/image_a-0.94_0049_17_0_230.e9_6.2e9_4.52111e+25_160.dat
        50       0.646521        3.98646       -34.7226         17.536        16.8341        16.7288       -1424.85     /gpfs/hpu/EHT2/IHARM/MAD/MAD_a-0.94_384x192x192_IHARM/m_1_1_160/image_a-0.94_0050_17_0_230.e9_6.2e9_4.52111e+25_160.dat
        51       0.440342        4.06271       -7.23396        11.9775        8.52662        9.68351       -913.605     /gpfs/hpu/EHT2/IHARM/MAD/MAD_a-0.94_384x192x192_IHARM/m_1_1_160/image_a-0.94_0051_17_0_230.e9_6.2e9_4.52111e+25_160.dat
        52       0.724008        3.78827       -70.4034        14.2802        9.14824        10.9484       -1059.73     /gpfs/hpu/EHT2/IHARM/MAD/MAD_a-0.94_384x192x192_IHARM/m_1_1_160/image_a-0.94_0052_17_0_230.e9_6.2e9_4.52111e+25_160.dat
        53       0.497086        3.84583       -53.2225        5.29288        5.86768        5.51059       -645.997     /gpfs/hpu/EHT2/IHARM/MAD/MAD_a-0.94_384x192x192_IHARM/m_1_1_160/image_a-0.94_0053_17_0_230.e9_6.2e9_4.52111e+25_160.dat
        54       0.517292        3.85161       -18.5237        11.5557        9.31729        9.98231       -975.502     /gpfs/hpu/EHT2/IHARM/MAD/MAD_a-0.94_384x192x192_IHARM/m_1_1_160/image_a-0.94_0054_17_0_230.e9_6.2e9_4.52111e+25_160.dat
        55       0.493035        3.94207        -78.302        10.2719        16.5199        13.7044       -1220.35     /gpfs/hpu/EHT2/IHARM/MAD/MAD_a-0.94_384x192x192_IHARM/m_1_1_160/image_a-0.94_0055_17_0_230.e9_6.2e9_4.52111e+25_160.dat
        56       0.488774        4.07516       -53.6343        9.89851        10.8889        10.2561       -975.134     /gpfs/hpu/EHT2/IHARM/MAD/MAD_a-0.94_384x192x192_IHARM/m_1_1_160/image_a-0.94_0056_17_0_230.e9_6.2e9_4.52111e+25_160.dat
        57       0.562903        3.53889        -68.978        21.7435        11.1576        15.0448       -1364.84     /gpfs/hpu/EHT2/IHARM/MAD/MAD_a-0.94_384x192x192_IHARM/m_1_1_160/image_a-0.94_0057_17_0_230.e9_6.2e9_4.52111e+25_160.dat
        58       0.573413        3.36377        -77.772        8.12059        7.95647        7.84117       -855.816     /gpfs/hpu/EHT2/IHARM/MAD/MAD_a-0.94_384x192x192_IHARM/m_1_1_160/image_a-0.94_0058_17_0_230.e9_6.2e9_4.52111e+25_160.dat
        59        1.26243        3.16559       -60.0631         47.833        22.6329        31.9751        -2628.6     /gpfs/hpu/EHT2/IHARM/MAD/MAD_a-0.94_384x192x192_IHARM/m_1_1_160/image_a-0.94_0059_17_0_230.e9_6.2e9_4.52111e+25_160.dat
        60       0.919001        4.05249       -27.4812        25.5593        16.6574        19.7621       -1715.45     /gpfs/hpu/EHT2/IHARM/MAD/MAD_a-0.94_384x192x192_IHARM/m_1_1_160/image_a-0.94_0060_17_0_230.e9_6.2e9_4.52111e+25_160.dat
        61       0.742146         3.8303        -7.3986        34.1717        23.9209        27.3892       -2252.15     /gpfs/hpu/EHT2/IHARM/MAD/MAD_a-0.94_384x192x192_IHARM/m_1_1_160/image_a-0.94_0061_17_0_230.e9_6.2e9_4.52111e+25_160.dat
        62       0.625337         3.9409        11.2019        12.0977        26.2663        20.1342       -1724.28     /gpfs/hpu/EHT2/IHARM/MAD/MAD_a-0.94_384x192x192_IHARM/m_1_1_160/image_a-0.94_0062_17_0_230.e9_6.2e9_4.52111e+25_160.dat
        63       0.463787         3.9992        23.5992        24.2916        14.7075        18.1229       -1508.71     /gpfs/hpu/EHT2/IHARM/MAD/MAD_a-0.94_384x192x192_IHARM/m_1_1_160/image_a-0.94_0063_17_0_230.e9_6.2e9_4.52111e+25_160.dat
        64       0.407361        4.09256         -85.01        8.44047        20.7746        15.4836       -1305.16     /gpfs/hpu/EHT2/IHARM/MAD/MAD_a-0.94_384x192x192_IHARM/m_1_1_160/image_a-0.94_0064_17_0_230.e9_6.2e9_4.52111e+25_160.dat
        65       0.532437        3.54417       -144.584        23.1099        33.5389        28.7049       -2199.38     /gpfs/hpu/EHT2/IHARM/MAD/MAD_a-0.94_384x192x192_IHARM/m_1_1_160/image_a-0.94_0065_17_0_230.e9_6.2e9_4.52111e+25_160.dat
        66       0.684026        4.00014       -80.5527        6.39055        15.9419         11.848       -1093.57     /gpfs/hpu/EHT2/IHARM/MAD/MAD_a-0.94_384x192x192_IHARM/m_1_1_160/image_a-0.94_0066_17_0_230.e9_6.2e9_4.52111e+25_160.dat
        67       0.846789        3.86108       -87.7573        7.49733        35.9071        23.9896       -1988.65     /gpfs/hpu/EHT2/IHARM/MAD/MAD_a-0.94_384x192x192_IHARM/m_1_1_160/image_a-0.94_0067_17_0_230.e9_6.2e9_4.52111e+25_160.dat
        68        1.33534        4.47955       -17.0889        14.7578        16.3279        15.3457        -1461.7     /gpfs/hpu/EHT2/IHARM/MAD/MAD_a-0.94_384x192x192_IHARM/m_1_1_160/image_a-0.94_0068_17_0_230.e9_6.2e9_4.52111e+25_160.dat
        69       0.496597        3.63314       -63.9986        15.7115         11.773        13.0473       -1157.63     /gpfs/hpu/EHT2/IHARM/MAD/MAD_a-0.94_384x192x192_IHARM/m_1_1_160/image_a-0.94_0069_17_0_230.e9_6.2e9_4.52111e+25_160.dat
        70       0.424825        3.97109        2.97375        20.1074         24.424        22.1854       -1755.07     /gpfs/hpu/EHT2/IHARM/MAD/MAD_a-0.94_384x192x192_IHARM/m_1_1_160/image_a-0.94_0070_17_0_230.e9_6.2e9_4.52111e+25_160.dat
        71       0.467405        3.83417        8.86532        13.1365        17.9036        15.6359       -1368.77     /gpfs/hpu/EHT2/IHARM/MAD/MAD_a-0.94_384x192x192_IHARM/m_1_1_160/image_a-0.94_0071_17_0_230.e9_6.2e9_4.52111e+25_160.dat
        72       0.634132        4.15932       -93.0414        9.16589        41.8296        28.1153        -2184.4     /gpfs/hpu/EHT2/IHARM/MAD/MAD_a-0.94_384x192x192_IHARM/m_1_1_160/image_a-0.94_0072_17_0_230.e9_6.2e9_4.52111e+25_160.dat
        73       0.481077        3.95916       -100.158        6.79053        20.1664        14.4819        -1251.8     /gpfs/hpu/EHT2/IHARM/MAD/MAD_a-0.94_384x192x192_IHARM/m_1_1_160/image_a-0.94_0073_17_0_230.e9_6.2e9_4.52111e+25_160.dat
        74       0.639265        3.82486       -82.9094        7.31935        18.1293        13.4939       -1272.55     /gpfs/hpu/EHT2/IHARM/MAD/MAD_a-0.94_384x192x192_IHARM/m_1_1_160/image_a-0.94_0074_17_0_230.e9_6.2e9_4.52111e+25_160.dat
        75       0.441292        3.77589       -65.4227        12.7576         16.539        14.6875       -1289.46     /gpfs/hpu/EHT2/IHARM/MAD/MAD_a-0.94_384x192x192_IHARM/m_1_1_160/image_a-0.94_0075_17_0_230.e9_6.2e9_4.52111e+25_160.dat
        76       0.601005        4.04806       -114.976        19.7626        19.4833        19.1531       -1578.55     /gpfs/hpu/EHT2/IHARM/MAD/MAD_a-0.94_384x192x192_IHARM/m_1_1_160/image_a-0.94_0076_17_0_230.e9_6.2e9_4.52111e+25_160.dat
        77       0.521535         4.0609       -91.2393        4.85424        11.4276        8.59981       -847.833     /gpfs/hpu/EHT2/IHARM/MAD/MAD_a-0.94_384x192x192_IHARM/m_1_1_160/image_a-0.94_0077_17_0_230.e9_6.2e9_4.52111e+25_160.dat
        78       0.767385        4.26719       -7.19742         23.043         19.502        20.4466       -1752.58     /gpfs/hpu/EHT2/IHARM/MAD/MAD_a-0.94_384x192x192_IHARM/m_1_1_160/image_a-0.94_0078_17_0_230.e9_6.2e9_4.52111e+25_160.dat
        79       0.512849        3.94495       -69.0818        19.7192        39.5156        30.8843       -2346.98     /gpfs/hpu/EHT2/IHARM/MAD/MAD_a-0.94_384x192x192_IHARM/m_1_1_160/image_a-0.94_0079_17_0_230.e9_6.2e9_4.52111e+25_160.dat
        80       0.612013         4.3971       -36.0994        9.81163        19.4175        15.2238       -1336.77     /gpfs/hpu/EHT2/IHARM/MAD/MAD_a-0.94_384x192x192_IHARM/m_1_1_160/image_a-0.94_0080_17_0_230.e9_6.2e9_4.52111e+25_160.dat
        81        0.41792        3.61938       -27.5803        36.6507        44.4589        40.4032       -2986.63     /gpfs/hpu/EHT2/IHARM/MAD/MAD_a-0.94_384x192x192_IHARM/m_1_1_160/image_a-0.94_0081_17_0_230.e9_6.2e9_4.52111e+25_160.dat
        82       0.820216        4.18673       -66.8444        21.5556        74.6562        52.2111       -3775.02     /gpfs/hpu/EHT2/IHARM/MAD/MAD_a-0.94_384x192x192_IHARM/m_1_1_160/image_a-0.94_0082_17_0_230.e9_6.2e9_4.52111e+25_160.dat
        83       0.405492        3.51069       -77.2797          18.39        22.1937        20.2059       -1633.52     /gpfs/hpu/EHT2/IHARM/MAD/MAD_a-0.94_384x192x192_IHARM/m_1_1_160/image_a-0.94_0083_17_0_230.e9_6.2e9_4.52111e+25_160.dat
        84       0.532297        2.87934       -81.2568        23.9108        16.0849        18.7818       -1532.75     /gpfs/hpu/EHT2/IHARM/MAD/MAD_a-0.94_384x192x192_IHARM/m_1_1_160/image_a-0.94_0084_17_0_230.e9_6.2e9_4.52111e+25_160.dat
        85       0.488623        3.73523       -19.1516        15.6739        15.6082        15.2819       -1346.17     /gpfs/hpu/EHT2/IHARM/MAD/MAD_a-0.94_384x192x192_IHARM/m_1_1_160/image_a-0.94_0085_17_0_230.e9_6.2e9_4.52111e+25_160.dat
        86        0.55943         3.6815        11.9432        27.1403        15.8745        19.9211       -1636.71     /gpfs/hpu/EHT2/IHARM/MAD/MAD_a-0.94_384x192x192_IHARM/m_1_1_160/image_a-0.94_0086_17_0_230.e9_6.2e9_4.52111e+25_160.dat
        87       0.819437         3.7928       -34.8773        18.6004        23.0015         20.762       -1697.98     /gpfs/hpu/EHT2/IHARM/MAD/MAD_a-0.94_384x192x192_IHARM/m_1_1_160/image_a-0.94_0087_17_0_230.e9_6.2e9_4.52111e+25_160.dat
        88        1.09285        4.03619       -1.26882        13.4031         18.051        15.8266          -1466     /gpfs/hpu/EHT2/IHARM/MAD/MAD_a-0.94_384x192x192_IHARM/m_1_1_160/image_a-0.94_0088_17_0_230.e9_6.2e9_4.52111e+25_160.dat
        89       0.640582        3.11096       -45.6395        11.2534        25.7623        19.5085       -1656.47     /gpfs/hpu/EHT2/IHARM/MAD/MAD_a-0.94_384x192x192_IHARM/m_1_1_160/image_a-0.94_0089_17_0_230.e9_6.2e9_4.52111e+25_160.dat
        90       0.634254        3.53457       -56.1974        18.2957        27.5047        23.2838       -1857.18     /gpfs/hpu/EHT2/IHARM/MAD/MAD_a-0.94_384x192x192_IHARM/m_1_1_160/image_a-0.94_0090_17_0_230.e9_6.2e9_4.52111e+25_160.dat
        91       0.881661         3.1784        1.33094        28.1754        34.8754        31.4692       -2412.95     /gpfs/hpu/EHT2/IHARM/MAD/MAD_a-0.94_384x192x192_IHARM/m_1_1_160/image_a-0.94_0091_17_0_230.e9_6.2e9_4.52111e+25_160.dat
        92        1.02623        4.61581       -19.7405        15.2242        49.5597        35.0174       -2960.24     /gpfs/hpu/EHT2/IHARM/MAD/MAD_a-0.94_384x192x192_IHARM/m_1_1_160/image_a-0.94_0092_17_0_230.e9_6.2e9_4.52111e+25_160.dat
        93       0.510757        3.78472       -31.8955        9.88643        6.97411        7.95545        -835.24     /gpfs/hpu/EHT2/IHARM/MAD/MAD_a-0.94_384x192x192_IHARM/m_1_1_160/image_a-0.94_0093_17_0_230.e9_6.2e9_4.52111e+25_160.dat
        94       0.559275        3.37993        -55.653        25.0781        60.3648        45.2069       -4048.98     /gpfs/hpu/EHT2/IHARM/MAD/MAD_a-0.94_384x192x192_IHARM/m_1_1_160/image_a-0.94_0094_17_0_230.e9_6.2e9_4.52111e+25_160.dat
        95        1.03368        3.84006        -82.661        10.1864        27.1291         19.893       -1680.38     /gpfs/hpu/EHT2/IHARM/MAD/MAD_a-0.94_384x192x192_IHARM/m_1_1_160/image_a-0.94_0095_17_0_230.e9_6.2e9_4.52111e+25_160.dat
        96       0.979211        3.83186       -23.1205        13.3051         23.962        19.2549        -1722.6     /gpfs/hpu/EHT2/IHARM/MAD/MAD_a-0.94_384x192x192_IHARM/m_1_1_160/image_a-0.94_0096_17_0_230.e9_6.2e9_4.52111e+25_160.dat
        97       0.659928        3.66485       -38.1308        17.6022        15.9504        16.2364       -1433.24     /gpfs/hpu/EHT2/IHARM/MAD/MAD_a-0.94_384x192x192_IHARM/m_1_1_160/image_a-0.94_0097_17_0_230.e9_6.2e9_4.52111e+25_160.dat
        98       0.852955        3.32251       -41.6768        19.0338        30.0121        25.0429          -2217     /gpfs/hpu/EHT2/IHARM/MAD/MAD_a-0.94_384x192x192_IHARM/m_1_1_160/image_a-0.94_0098_17_0_230.e9_6.2e9_4.52111e+25_160.dat
        99       0.755099        3.71497       -11.3967        20.1831        22.5418        21.1111       -1798.12     /gpfs/hpu/EHT2/IHARM/MAD/MAD_a-0.94_384x192x192_IHARM/m_1_1_160/image_a-0.94_0099_17_0_230.e9_6.2e9_4.52111e+25_160.dat
