   # Index         I (Jy)      M/D (uas)       PA (deg)  VA red. chisq  CP red. chisq     red. chisq     log-liklhd     FileName
         0       0.513162        4.22994       -280.723        22.2612        20.2594        20.3726       -963.868     /gpfs/hpu/EHT2/supplementary/Moscibrodzka+2016/a+0.94/m_1_1_20/image_a+0.94.1000.163_0_230.e9_6.2e9_9.70095e+26_20.dat
         1         1.0319        4.28948       -301.607        27.1039        25.7941        25.4095        -1218.2     /gpfs/hpu/EHT2/supplementary/Moscibrodzka+2016/a+0.94/m_1_1_20/image_a+0.94.1001.163_0_230.e9_6.2e9_9.70095e+26_20.dat
         2       0.678756        4.30826       -305.157         20.057        35.7131         27.724       -1300.59     /gpfs/hpu/EHT2/supplementary/Moscibrodzka+2016/a+0.94/m_1_1_20/image_a+0.94.1002.163_0_230.e9_6.2e9_9.70095e+26_20.dat
         3        0.54552        4.23565       -281.692        36.0552        20.7629        26.5305       -1217.02     /gpfs/hpu/EHT2/supplementary/Moscibrodzka+2016/a+0.94/m_1_1_20/image_a+0.94.1003.163_0_230.e9_6.2e9_9.70095e+26_20.dat
         4       0.507084        4.23193       -250.751         30.904        13.7007        20.5423       -976.961     /gpfs/hpu/EHT2/supplementary/Moscibrodzka+2016/a+0.94/m_1_1_20/image_a+0.94.1004.163_0_230.e9_6.2e9_9.70095e+26_20.dat
         5       0.689424        3.98353       -228.876         32.607        20.4866        24.9104       -1213.14     /gpfs/hpu/EHT2/supplementary/Moscibrodzka+2016/a+0.94/m_1_1_20/image_a+0.94.1005.163_0_230.e9_6.2e9_9.70095e+26_20.dat
         6        0.47936        4.31924       -174.906        27.3912        11.6432        17.9389       -871.078     /gpfs/hpu/EHT2/supplementary/Moscibrodzka+2016/a+0.94/m_1_1_20/image_a+0.94.1006.163_0_230.e9_6.2e9_9.70095e+26_20.dat
         7         0.4448         4.2238       -147.931        15.9835        15.6921        15.2423       -799.725     /gpfs/hpu/EHT2/supplementary/Moscibrodzka+2016/a+0.94/m_1_1_20/image_a+0.94.1007.163_0_230.e9_6.2e9_9.70095e+26_20.dat
         8       0.542491        4.36088       -163.481        23.9503        18.6454        20.2276       -1000.61     /gpfs/hpu/EHT2/supplementary/Moscibrodzka+2016/a+0.94/m_1_1_20/image_a+0.94.1008.163_0_230.e9_6.2e9_9.70095e+26_20.dat
         9       0.536808        4.32991       -162.602        27.9281        18.7794        21.9973       -1138.84     /gpfs/hpu/EHT2/supplementary/Moscibrodzka+2016/a+0.94/m_1_1_20/image_a+0.94.1009.163_0_230.e9_6.2e9_9.70095e+26_20.dat
        10       0.496521        4.33548       -160.493        26.5824        13.6693        18.6809       -929.888     /gpfs/hpu/EHT2/supplementary/Moscibrodzka+2016/a+0.94/m_1_1_20/image_a+0.94.1010.163_0_230.e9_6.2e9_9.70095e+26_20.dat
        11       0.558464        4.38715       -170.454        20.1205        15.4365         16.871       -843.646     /gpfs/hpu/EHT2/supplementary/Moscibrodzka+2016/a+0.94/m_1_1_20/image_a+0.94.1011.163_0_230.e9_6.2e9_9.70095e+26_20.dat
        12       0.521264        4.32135       -154.187        24.7064        19.6263        21.0766       -1091.27     /gpfs/hpu/EHT2/supplementary/Moscibrodzka+2016/a+0.94/m_1_1_20/image_a+0.94.1012.163_0_230.e9_6.2e9_9.70095e+26_20.dat
        13       0.483736        4.18391       -156.765        31.1698        17.2976        22.5858       -1133.34     /gpfs/hpu/EHT2/supplementary/Moscibrodzka+2016/a+0.94/m_1_1_20/image_a+0.94.1013.163_0_230.e9_6.2e9_9.70095e+26_20.dat
        14       0.906652         4.9077       -311.723        40.2058        35.9621        36.4578       -1800.19     /gpfs/hpu/EHT2/supplementary/Moscibrodzka+2016/a+0.94/m_1_1_20/image_a+0.94.1014.163_0_230.e9_6.2e9_9.70095e+26_20.dat
        15       0.614107        4.62987       -312.145        17.3577        30.8003        23.9358       -1146.77     /gpfs/hpu/EHT2/supplementary/Moscibrodzka+2016/a+0.94/m_1_1_20/image_a+0.94.1015.163_0_230.e9_6.2e9_9.70095e+26_20.dat
        16       0.545211        4.28909       -304.098        13.3112        33.0473        23.4143       -1117.57     /gpfs/hpu/EHT2/supplementary/Moscibrodzka+2016/a+0.94/m_1_1_20/image_a+0.94.1016.163_0_230.e9_6.2e9_9.70095e+26_20.dat
        17       0.966877        4.22505       -302.628        31.7666        28.0507        28.6105       -1499.28     /gpfs/hpu/EHT2/supplementary/Moscibrodzka+2016/a+0.94/m_1_1_20/image_a+0.94.1017.163_0_230.e9_6.2e9_9.70095e+26_20.dat
        18        1.04113        4.43053       -303.071        42.8729        36.7682        38.0287       -1770.13     /gpfs/hpu/EHT2/supplementary/Moscibrodzka+2016/a+0.94/m_1_1_20/image_a+0.94.1018.163_0_230.e9_6.2e9_9.70095e+26_20.dat
        19       0.915681        4.39961       -303.346        34.9355        28.4696        30.1878       -1457.13     /gpfs/hpu/EHT2/supplementary/Moscibrodzka+2016/a+0.94/m_1_1_20/image_a+0.94.1019.163_0_230.e9_6.2e9_9.70095e+26_20.dat
        20       0.820663        4.27896        -299.13        24.8246        28.7268        26.0103       -1237.45     /gpfs/hpu/EHT2/supplementary/Moscibrodzka+2016/a+0.94/m_1_1_20/image_a+0.94.1020.163_0_230.e9_6.2e9_9.70095e+26_20.dat
        21       0.790513        4.38488       -302.767        26.1153        28.3794        26.3747        -1254.5     /gpfs/hpu/EHT2/supplementary/Moscibrodzka+2016/a+0.94/m_1_1_20/image_a+0.94.1021.163_0_230.e9_6.2e9_9.70095e+26_20.dat
        22        1.03018        4.42158       -302.508        50.1371        32.2979        38.7306       -1801.29     /gpfs/hpu/EHT2/supplementary/Moscibrodzka+2016/a+0.94/m_1_1_20/image_a+0.94.1022.163_0_230.e9_6.2e9_9.70095e+26_20.dat
        23       0.698413        4.44089       -309.063        24.4139        31.3901        27.2641       -1279.96     /gpfs/hpu/EHT2/supplementary/Moscibrodzka+2016/a+0.94/m_1_1_20/image_a+0.94.1023.163_0_230.e9_6.2e9_9.70095e+26_20.dat
        24       0.466458         4.3465       -300.041        16.0496        27.4038        21.5549       -1016.07     /gpfs/hpu/EHT2/supplementary/Moscibrodzka+2016/a+0.94/m_1_1_20/image_a+0.94.1024.163_0_230.e9_6.2e9_9.70095e+26_20.dat
        25       0.501163        4.30512        -306.64        17.2126         31.163        24.0685       -1139.34     /gpfs/hpu/EHT2/supplementary/Moscibrodzka+2016/a+0.94/m_1_1_20/image_a+0.94.1025.163_0_230.e9_6.2e9_9.70095e+26_20.dat
        26       0.527874        4.34291       -164.824        34.1154          19.14        24.8317       -1185.07     /gpfs/hpu/EHT2/supplementary/Moscibrodzka+2016/a+0.94/m_1_1_20/image_a+0.94.1026.163_0_230.e9_6.2e9_9.70095e+26_20.dat
        27       0.891526        4.67518       -297.256        30.3627        32.8363        30.5792       -1440.35     /gpfs/hpu/EHT2/supplementary/Moscibrodzka+2016/a+0.94/m_1_1_20/image_a+0.94.1027.163_0_230.e9_6.2e9_9.70095e+26_20.dat
        28       0.828095        4.52543       -306.834         39.239        31.5535        33.6795       -1626.79     /gpfs/hpu/EHT2/supplementary/Moscibrodzka+2016/a+0.94/m_1_1_20/image_a+0.94.1028.163_0_230.e9_6.2e9_9.70095e+26_20.dat
        29       0.532197        4.45526       -307.437        22.0989        34.7284        28.0672       -1312.96     /gpfs/hpu/EHT2/supplementary/Moscibrodzka+2016/a+0.94/m_1_1_20/image_a+0.94.1029.163_0_230.e9_6.2e9_9.70095e+26_20.dat
        30       0.501799        4.61013       -302.919        19.1795        32.6757        25.7197       -1194.92     /gpfs/hpu/EHT2/supplementary/Moscibrodzka+2016/a+0.94/m_1_1_20/image_a+0.94.1030.163_0_230.e9_6.2e9_9.70095e+26_20.dat
        31       0.717262        4.56046       -308.186        26.5458        30.4928        27.6925       -1308.43     /gpfs/hpu/EHT2/supplementary/Moscibrodzka+2016/a+0.94/m_1_1_20/image_a+0.94.1031.163_0_230.e9_6.2e9_9.70095e+26_20.dat
        32       0.910103        4.56266       -307.795        37.6994        32.2413        33.3914       -1613.66     /gpfs/hpu/EHT2/supplementary/Moscibrodzka+2016/a+0.94/m_1_1_20/image_a+0.94.1032.163_0_230.e9_6.2e9_9.70095e+26_20.dat
        33       0.926597        4.54112       -302.346        39.4935        34.3533        35.2905       -1638.49     /gpfs/hpu/EHT2/supplementary/Moscibrodzka+2016/a+0.94/m_1_1_20/image_a+0.94.1033.163_0_230.e9_6.2e9_9.70095e+26_20.dat
        34       0.958977         4.5978       -305.725        29.9805        33.3563        30.6951       -1494.35     /gpfs/hpu/EHT2/supplementary/Moscibrodzka+2016/a+0.94/m_1_1_20/image_a+0.94.1034.163_0_230.e9_6.2e9_9.70095e+26_20.dat
        35        1.01541        4.44489       -300.415        47.8224         32.405           37.8        -1831.7     /gpfs/hpu/EHT2/supplementary/Moscibrodzka+2016/a+0.94/m_1_1_20/image_a+0.94.1035.163_0_230.e9_6.2e9_9.70095e+26_20.dat
        36       0.671958         4.4622       -156.874        49.3054        22.9528        33.3611       -1691.82     /gpfs/hpu/EHT2/supplementary/Moscibrodzka+2016/a+0.94/m_1_1_20/image_a+0.94.1036.163_0_230.e9_6.2e9_9.70095e+26_20.dat
        37       0.895204        4.89519        189.591        63.5098        20.7735        38.2546       -1966.62     /gpfs/hpu/EHT2/supplementary/Moscibrodzka+2016/a+0.94/m_1_1_20/image_a+0.94.1037.163_0_230.e9_6.2e9_9.70095e+26_20.dat
        38       0.919577        4.38391        43.4844        29.5007        33.4107        30.5195       -1462.16     /gpfs/hpu/EHT2/supplementary/Moscibrodzka+2016/a+0.94/m_1_1_20/image_a+0.94.1038.163_0_230.e9_6.2e9_9.70095e+26_20.dat
        39       0.843335         4.4173        48.0036        32.3372        29.8834        29.8375       -1401.66     /gpfs/hpu/EHT2/supplementary/Moscibrodzka+2016/a+0.94/m_1_1_20/image_a+0.94.1039.163_0_230.e9_6.2e9_9.70095e+26_20.dat
        40       0.544465        4.45872       -166.732        39.4985        19.2139         27.169       -1329.76     /gpfs/hpu/EHT2/supplementary/Moscibrodzka+2016/a+0.94/m_1_1_20/image_a+0.94.1040.163_0_230.e9_6.2e9_9.70095e+26_20.dat
        41       0.432111        4.26113       -153.663        20.9706        17.4067        18.2911       -905.544     /gpfs/hpu/EHT2/supplementary/Moscibrodzka+2016/a+0.94/m_1_1_20/image_a+0.94.1041.163_0_230.e9_6.2e9_9.70095e+26_20.dat
        42       0.526186         4.2772       -295.644        17.3242        28.2915        22.5753       -1077.83     /gpfs/hpu/EHT2/supplementary/Moscibrodzka+2016/a+0.94/m_1_1_20/image_a+0.94.1042.163_0_230.e9_6.2e9_9.70095e+26_20.dat
        43       0.838658        4.27218       -287.395        45.7653        31.2777        36.3171       -1658.11     /gpfs/hpu/EHT2/supplementary/Moscibrodzka+2016/a+0.94/m_1_1_20/image_a+0.94.1043.163_0_230.e9_6.2e9_9.70095e+26_20.dat
        44        1.15033        4.63778       -307.274        59.1058        32.9198        42.8924       -2078.68     /gpfs/hpu/EHT2/supplementary/Moscibrodzka+2016/a+0.94/m_1_1_20/image_a+0.94.1044.163_0_230.e9_6.2e9_9.70095e+26_20.dat
        45       0.839022        4.47743       -302.101        31.4576        30.6051        29.8493       -1393.01     /gpfs/hpu/EHT2/supplementary/Moscibrodzka+2016/a+0.94/m_1_1_20/image_a+0.94.1045.163_0_230.e9_6.2e9_9.70095e+26_20.dat
        46       0.696845        4.33176       -157.572        24.8012        15.6457        18.9811       -944.972     /gpfs/hpu/EHT2/supplementary/Moscibrodzka+2016/a+0.94/m_1_1_20/image_a+0.94.1046.163_0_230.e9_6.2e9_9.70095e+26_20.dat
        47       0.630697        4.37907       -293.792        18.0114        29.7801        23.6674       -1125.62     /gpfs/hpu/EHT2/supplementary/Moscibrodzka+2016/a+0.94/m_1_1_20/image_a+0.94.1047.163_0_230.e9_6.2e9_9.70095e+26_20.dat
        48       0.926173        4.83877       -310.454        32.6691        33.5076        31.9238       -1527.66     /gpfs/hpu/EHT2/supplementary/Moscibrodzka+2016/a+0.94/m_1_1_20/image_a+0.94.1048.163_0_230.e9_6.2e9_9.70095e+26_20.dat
        49       0.710381        4.63097       -318.624        23.6228        27.5756        24.8795       -1185.18     /gpfs/hpu/EHT2/supplementary/Moscibrodzka+2016/a+0.94/m_1_1_20/image_a+0.94.1049.163_0_230.e9_6.2e9_9.70095e+26_20.dat
        50       0.529518        4.51895       -166.028        30.0224        17.6328        22.2759       -1074.01     /gpfs/hpu/EHT2/supplementary/Moscibrodzka+2016/a+0.94/m_1_1_20/image_a+0.94.1050.163_0_230.e9_6.2e9_9.70095e+26_20.dat
        51       0.723766        4.52012       -305.601        21.8746        33.5661        27.3478       -1319.75     /gpfs/hpu/EHT2/supplementary/Moscibrodzka+2016/a+0.94/m_1_1_20/image_a+0.94.1051.163_0_230.e9_6.2e9_9.70095e+26_20.dat
        52        1.05486        4.45589       -307.134        42.0476        32.7914        35.5425       -1649.05     /gpfs/hpu/EHT2/supplementary/Moscibrodzka+2016/a+0.94/m_1_1_20/image_a+0.94.1052.163_0_230.e9_6.2e9_9.70095e+26_20.dat
        53       0.902438         4.4412       -309.887         28.255        32.7343        29.6248       -1426.69     /gpfs/hpu/EHT2/supplementary/Moscibrodzka+2016/a+0.94/m_1_1_20/image_a+0.94.1053.163_0_230.e9_6.2e9_9.70095e+26_20.dat
        54       0.940564        4.62561       -309.043        37.7575        26.3755        30.2687       -1416.68     /gpfs/hpu/EHT2/supplementary/Moscibrodzka+2016/a+0.94/m_1_1_20/image_a+0.94.1054.163_0_230.e9_6.2e9_9.70095e+26_20.dat
        55       0.846459        4.66202       -311.726        27.9554        35.6199        31.0453       -1455.81     /gpfs/hpu/EHT2/supplementary/Moscibrodzka+2016/a+0.94/m_1_1_20/image_a+0.94.1055.163_0_230.e9_6.2e9_9.70095e+26_20.dat
        56         0.7936        4.42506        -314.34        27.0345        33.9194        29.7398       -1464.93     /gpfs/hpu/EHT2/supplementary/Moscibrodzka+2016/a+0.94/m_1_1_20/image_a+0.94.1056.163_0_230.e9_6.2e9_9.70095e+26_20.dat
        57        0.55413        4.30174       -145.187        22.7334        14.6224        17.5494       -912.741     /gpfs/hpu/EHT2/supplementary/Moscibrodzka+2016/a+0.94/m_1_1_20/image_a+0.94.1057.163_0_230.e9_6.2e9_9.70095e+26_20.dat
        58       0.598308        3.97003       -162.028        24.9912        13.9972        18.1777       -960.742     /gpfs/hpu/EHT2/supplementary/Moscibrodzka+2016/a+0.94/m_1_1_20/image_a+0.94.1058.163_0_230.e9_6.2e9_9.70095e+26_20.dat
        59       0.691317        3.93041       -167.191         18.392        15.1787        15.9949       -922.627     /gpfs/hpu/EHT2/supplementary/Moscibrodzka+2016/a+0.94/m_1_1_20/image_a+0.94.1059.163_0_230.e9_6.2e9_9.70095e+26_20.dat
        60       0.921158        4.73089        -308.62        29.7475         30.228        28.9171       -1351.99     /gpfs/hpu/EHT2/supplementary/Moscibrodzka+2016/a+0.94/m_1_1_20/image_a+0.94.1060.163_0_230.e9_6.2e9_9.70095e+26_20.dat
        61       0.514963        4.37527       -179.831        41.0413        14.7485        25.4314       -1190.81     /gpfs/hpu/EHT2/supplementary/Moscibrodzka+2016/a+0.94/m_1_1_20/image_a+0.94.1061.163_0_230.e9_6.2e9_9.70095e+26_20.dat
        62       0.367927        4.06113       -159.811        23.8159         19.317        20.5305       -976.802     /gpfs/hpu/EHT2/supplementary/Moscibrodzka+2016/a+0.94/m_1_1_20/image_a+0.94.1062.163_0_230.e9_6.2e9_9.70095e+26_20.dat
        63       0.663852        4.34027       -246.701        15.9063        15.6576        15.1909       -788.934     /gpfs/hpu/EHT2/supplementary/Moscibrodzka+2016/a+0.94/m_1_1_20/image_a+0.94.1063.163_0_230.e9_6.2e9_9.70095e+26_20.dat
        64       0.446572        4.60567       -270.587        24.5412        22.5065        22.5516        -1059.4     /gpfs/hpu/EHT2/supplementary/Moscibrodzka+2016/a+0.94/m_1_1_20/image_a+0.94.1064.163_0_230.e9_6.2e9_9.70095e+26_20.dat
        65       0.602419        4.40274        -160.44        56.4873        26.8109        38.4968       -1744.82     /gpfs/hpu/EHT2/supplementary/Moscibrodzka+2016/a+0.94/m_1_1_20/image_a+0.94.1065.163_0_230.e9_6.2e9_9.70095e+26_20.dat
        66       0.460166        4.64855       -308.581        24.3425        35.7539        29.5751       -1349.19     /gpfs/hpu/EHT2/supplementary/Moscibrodzka+2016/a+0.94/m_1_1_20/image_a+0.94.1066.163_0_230.e9_6.2e9_9.70095e+26_20.dat
        67       0.565467        4.62336        -309.66        18.5489        30.6308        24.3533       -1133.58     /gpfs/hpu/EHT2/supplementary/Moscibrodzka+2016/a+0.94/m_1_1_20/image_a+0.94.1067.163_0_230.e9_6.2e9_9.70095e+26_20.dat
        68       0.443868        4.46212       -318.354        13.9001        19.3587        16.3206       -799.774     /gpfs/hpu/EHT2/supplementary/Moscibrodzka+2016/a+0.94/m_1_1_20/image_a+0.94.1068.163_0_230.e9_6.2e9_9.70095e+26_20.dat
        69       0.438418        4.36375       -158.624        23.9467        19.5655        20.7197       -993.256     /gpfs/hpu/EHT2/supplementary/Moscibrodzka+2016/a+0.94/m_1_1_20/image_a+0.94.1069.163_0_230.e9_6.2e9_9.70095e+26_20.dat
        70        1.29715        6.35282        -242.68        26.5127        22.3289        23.2978       -1199.08     /gpfs/hpu/EHT2/supplementary/Moscibrodzka+2016/a+0.94/m_1_1_20/image_a+0.94.1070.163_0_230.e9_6.2e9_9.70095e+26_20.dat
        71       0.562877        5.08993       -169.482        29.9609        26.2102        26.8522       -1275.18     /gpfs/hpu/EHT2/supplementary/Moscibrodzka+2016/a+0.94/m_1_1_20/image_a+0.94.1071.163_0_230.e9_6.2e9_9.70095e+26_20.dat
        72       0.446999         4.4433       -302.214        18.3809        33.3369        25.7336       -1191.32     /gpfs/hpu/EHT2/supplementary/Moscibrodzka+2016/a+0.94/m_1_1_20/image_a+0.94.1072.163_0_230.e9_6.2e9_9.70095e+26_20.dat
        73       0.798746        4.94688       -302.072        26.0373        27.6495        25.9498       -1259.36     /gpfs/hpu/EHT2/supplementary/Moscibrodzka+2016/a+0.94/m_1_1_20/image_a+0.94.1073.163_0_230.e9_6.2e9_9.70095e+26_20.dat
        74       0.401469         4.7842       -311.212        15.9228        32.5099        24.2407       -1130.27     /gpfs/hpu/EHT2/supplementary/Moscibrodzka+2016/a+0.94/m_1_1_20/image_a+0.94.1074.163_0_230.e9_6.2e9_9.70095e+26_20.dat
        75       0.410973        4.55685        -310.55        18.9815        31.4345        24.9691       -1168.16     /gpfs/hpu/EHT2/supplementary/Moscibrodzka+2016/a+0.94/m_1_1_20/image_a+0.94.1075.163_0_230.e9_6.2e9_9.70095e+26_20.dat
        76        0.43083        4.40263       -317.573        15.4327        34.2337        24.9564       -1172.67     /gpfs/hpu/EHT2/supplementary/Moscibrodzka+2016/a+0.94/m_1_1_20/image_a+0.94.1076.163_0_230.e9_6.2e9_9.70095e+26_20.dat
        77       0.545547        4.46013       -304.598        23.9315        30.5319        26.5976       -1256.42     /gpfs/hpu/EHT2/supplementary/Moscibrodzka+2016/a+0.94/m_1_1_20/image_a+0.94.1077.163_0_230.e9_6.2e9_9.70095e+26_20.dat
        78        0.53256        4.75464       -310.018        20.6568        29.2444         24.509       -1155.43     /gpfs/hpu/EHT2/supplementary/Moscibrodzka+2016/a+0.94/m_1_1_20/image_a+0.94.1078.163_0_230.e9_6.2e9_9.70095e+26_20.dat
        79       0.444359        4.59979       -160.088        27.9318        21.9017        23.6742       -1139.22     /gpfs/hpu/EHT2/supplementary/Moscibrodzka+2016/a+0.94/m_1_1_20/image_a+0.94.1079.163_0_230.e9_6.2e9_9.70095e+26_20.dat
        80        0.62316        4.54229       -174.774        63.9378        17.3367        36.5932       -1752.01     /gpfs/hpu/EHT2/supplementary/Moscibrodzka+2016/a+0.94/m_1_1_20/image_a+0.94.1080.163_0_230.e9_6.2e9_9.70095e+26_20.dat
        81       0.587093        4.70934       -170.181        27.6478         17.795        21.3494       -1145.65     /gpfs/hpu/EHT2/supplementary/Moscibrodzka+2016/a+0.94/m_1_1_20/image_a+0.94.1081.163_0_230.e9_6.2e9_9.70095e+26_20.dat
        82       0.612135        4.43286        -176.58        45.0035        20.6386        30.2832        -1506.4     /gpfs/hpu/EHT2/supplementary/Moscibrodzka+2016/a+0.94/m_1_1_20/image_a+0.94.1082.163_0_230.e9_6.2e9_9.70095e+26_20.dat
        83        0.51185        4.48916       -172.993        34.8612        19.0144        25.0826        -1174.2     /gpfs/hpu/EHT2/supplementary/Moscibrodzka+2016/a+0.94/m_1_1_20/image_a+0.94.1083.163_0_230.e9_6.2e9_9.70095e+26_20.dat
        84       0.564093        4.45298       -167.885        39.3007        24.0318        29.6698       -1434.06     /gpfs/hpu/EHT2/supplementary/Moscibrodzka+2016/a+0.94/m_1_1_20/image_a+0.94.1084.163_0_230.e9_6.2e9_9.70095e+26_20.dat
        85       0.568833        4.50879       -166.768        36.9253        12.5344        22.4866       -1293.97     /gpfs/hpu/EHT2/supplementary/Moscibrodzka+2016/a+0.94/m_1_1_20/image_a+0.94.1085.163_0_230.e9_6.2e9_9.70095e+26_20.dat
        86       0.664467        4.93298       -161.225        38.1781        21.1735        27.6569       -1315.36     /gpfs/hpu/EHT2/supplementary/Moscibrodzka+2016/a+0.94/m_1_1_20/image_a+0.94.1086.163_0_230.e9_6.2e9_9.70095e+26_20.dat
        87        0.37989        3.99751       -170.583        37.9292        22.0899        28.0424        -1294.6     /gpfs/hpu/EHT2/supplementary/Moscibrodzka+2016/a+0.94/m_1_1_20/image_a+0.94.1087.163_0_230.e9_6.2e9_9.70095e+26_20.dat
        88       0.818735        4.67336       -270.467        14.9175        13.9357         13.845       -710.886     /gpfs/hpu/EHT2/supplementary/Moscibrodzka+2016/a+0.94/m_1_1_20/image_a+0.94.1088.163_0_230.e9_6.2e9_9.70095e+26_20.dat
        89       0.669612        4.69525       -157.167         31.717        15.7147          21.97       -1059.67     /gpfs/hpu/EHT2/supplementary/Moscibrodzka+2016/a+0.94/m_1_1_20/image_a+0.94.1089.163_0_230.e9_6.2e9_9.70095e+26_20.dat
