   # Index         I (Jy)      M/D (uas)       PA (deg)  VA red. chisq  CP red. chisq     red. chisq     log-liklhd     FileName
         0       0.772261        4.15435        319.158        85.4493        47.1586        61.6035       -4503.96     /gpfs/hpu/EHT2/IHARM_inc+5/MAD_a-0.94_384x192x192_IHARM/m_1_1_20/image_a-0.94_0000_22_0_230.e9_6.2e9_1.86929e+25_20.dat
         1        1.31924        6.10246        315.598        46.2659        74.0441        61.1769        -4579.2     /gpfs/hpu/EHT2/IHARM_inc+5/MAD_a-0.94_384x192x192_IHARM/m_1_1_20/image_a-0.94_0001_22_0_230.e9_6.2e9_1.86929e+25_20.dat
         2       0.838037        3.34534        359.942        26.7811        30.7226        28.4509       -2330.56     /gpfs/hpu/EHT2/IHARM_inc+5/MAD_a-0.94_384x192x192_IHARM/m_1_1_20/image_a-0.94_0002_22_0_230.e9_6.2e9_1.86929e+25_20.dat
         3        1.39693        3.46028        288.168        35.9594        138.366        93.8996       -7065.31     /gpfs/hpu/EHT2/IHARM_inc+5/MAD_a-0.94_384x192x192_IHARM/m_1_1_20/image_a-0.94_0003_22_0_230.e9_6.2e9_1.86929e+25_20.dat
         4        1.01308        4.11094        359.994        54.2705        15.9807        31.1131       -2468.29     /gpfs/hpu/EHT2/IHARM_inc+5/MAD_a-0.94_384x192x192_IHARM/m_1_1_20/image_a-0.94_0004_22_0_230.e9_6.2e9_1.86929e+25_20.dat
         5       0.634141        3.94351        346.195        10.7982         13.017        11.8326       -1183.88     /gpfs/hpu/EHT2/IHARM_inc+5/MAD_a-0.94_384x192x192_IHARM/m_1_1_20/image_a-0.94_0005_22_0_230.e9_6.2e9_1.86929e+25_20.dat
         6       0.931145        3.31469        329.987        28.7461        52.0065        41.4525       -3261.79     /gpfs/hpu/EHT2/IHARM_inc+5/MAD_a-0.94_384x192x192_IHARM/m_1_1_20/image_a-0.94_0006_22_0_230.e9_6.2e9_1.86929e+25_20.dat
         7       0.918463        2.93932        282.944        40.6121        41.8307        40.4152       -3523.15     /gpfs/hpu/EHT2/IHARM_inc+5/MAD_a-0.94_384x192x192_IHARM/m_1_1_20/image_a-0.94_0007_22_0_230.e9_6.2e9_1.86929e+25_20.dat
         8       0.615996         3.5904        229.373        20.9355        14.2433        16.6355       -1407.41     /gpfs/hpu/EHT2/IHARM_inc+5/MAD_a-0.94_384x192x192_IHARM/m_1_1_20/image_a-0.94_0008_22_0_230.e9_6.2e9_1.86929e+25_20.dat
         9       0.686733        3.71867        213.987        12.0925        31.5491        22.9847       -1849.65     /gpfs/hpu/EHT2/IHARM_inc+5/MAD_a-0.94_384x192x192_IHARM/m_1_1_20/image_a-0.94_0009_22_0_230.e9_6.2e9_1.86929e+25_20.dat
        10       0.776934        3.74013        211.143         37.746        39.3454        37.8307       -2903.18     /gpfs/hpu/EHT2/IHARM_inc+5/MAD_a-0.94_384x192x192_IHARM/m_1_1_20/image_a-0.94_0010_22_0_230.e9_6.2e9_1.86929e+25_20.dat
        11        1.00645        4.59006        208.601        28.6395        58.2414        44.9853       -3426.68     /gpfs/hpu/EHT2/IHARM_inc+5/MAD_a-0.94_384x192x192_IHARM/m_1_1_20/image_a-0.94_0011_22_0_230.e9_6.2e9_1.86929e+25_20.dat
        12       0.791361        3.67818        271.592        27.3255        65.1957        48.4424       -3846.49     /gpfs/hpu/EHT2/IHARM_inc+5/MAD_a-0.94_384x192x192_IHARM/m_1_1_20/image_a-0.94_0012_22_0_230.e9_6.2e9_1.86929e+25_20.dat
        13       0.780657        4.10661        334.093        10.6778        18.5582        14.9619       -1418.78     /gpfs/hpu/EHT2/IHARM_inc+5/MAD_a-0.94_384x192x192_IHARM/m_1_1_20/image_a-0.94_0013_22_0_230.e9_6.2e9_1.86929e+25_20.dat
        14       0.628673        3.73943        266.989        3.88051         11.084        7.92631       -850.191     /gpfs/hpu/EHT2/IHARM_inc+5/MAD_a-0.94_384x192x192_IHARM/m_1_1_20/image_a-0.94_0014_22_0_230.e9_6.2e9_1.86929e+25_20.dat
        15        0.61487         3.8302        308.828        25.4859        18.1954        20.7424       -1716.73     /gpfs/hpu/EHT2/IHARM_inc+5/MAD_a-0.94_384x192x192_IHARM/m_1_1_20/image_a-0.94_0015_22_0_230.e9_6.2e9_1.86929e+25_20.dat
        16       0.753461        3.97633        244.168        16.1282         54.484        37.7706       -2877.69     /gpfs/hpu/EHT2/IHARM_inc+5/MAD_a-0.94_384x192x192_IHARM/m_1_1_20/image_a-0.94_0016_22_0_230.e9_6.2e9_1.86929e+25_20.dat
        17       0.846828        4.05979        328.699        29.2058        13.6366        19.6321       -1652.47     /gpfs/hpu/EHT2/IHARM_inc+5/MAD_a-0.94_384x192x192_IHARM/m_1_1_20/image_a-0.94_0017_22_0_230.e9_6.2e9_1.86929e+25_20.dat
        18        0.90064         3.3293         321.77        84.2421        30.7193        51.6869        -3897.2     /gpfs/hpu/EHT2/IHARM_inc+5/MAD_a-0.94_384x192x192_IHARM/m_1_1_20/image_a-0.94_0018_22_0_230.e9_6.2e9_1.86929e+25_20.dat
        19       0.586168        4.11082        344.708        30.7572        27.1364        28.0021       -2227.78     /gpfs/hpu/EHT2/IHARM_inc+5/MAD_a-0.94_384x192x192_IHARM/m_1_1_20/image_a-0.94_0019_22_0_230.e9_6.2e9_1.86929e+25_20.dat
        20       0.549542        3.96023        343.144        21.0344         16.972        18.2405       -1546.25     /gpfs/hpu/EHT2/IHARM_inc+5/MAD_a-0.94_384x192x192_IHARM/m_1_1_20/image_a-0.94_0020_22_0_230.e9_6.2e9_1.86929e+25_20.dat
        21       0.751387        3.77946        258.356         18.141        45.5691        33.4716       -2678.32     /gpfs/hpu/EHT2/IHARM_inc+5/MAD_a-0.94_384x192x192_IHARM/m_1_1_20/image_a-0.94_0021_22_0_230.e9_6.2e9_1.86929e+25_20.dat
        22       0.786618        4.30748        259.046         6.5789        36.9863        23.8733       -1922.11     /gpfs/hpu/EHT2/IHARM_inc+5/MAD_a-0.94_384x192x192_IHARM/m_1_1_20/image_a-0.94_0022_22_0_230.e9_6.2e9_1.86929e+25_20.dat
        23       0.949107        4.56188        278.282        16.9469        44.8165        32.5571       -2544.67     /gpfs/hpu/EHT2/IHARM_inc+5/MAD_a-0.94_384x192x192_IHARM/m_1_1_20/image_a-0.94_0023_22_0_230.e9_6.2e9_1.86929e+25_20.dat
        24       0.615777        4.02959        288.574        8.74222        8.78237         8.5724       -866.222     /gpfs/hpu/EHT2/IHARM_inc+5/MAD_a-0.94_384x192x192_IHARM/m_1_1_20/image_a-0.94_0024_22_0_230.e9_6.2e9_1.86929e+25_20.dat
        25       0.637715        3.56915         274.63        17.0583        20.5511        18.6852       -1583.58     /gpfs/hpu/EHT2/IHARM_inc+5/MAD_a-0.94_384x192x192_IHARM/m_1_1_20/image_a-0.94_0025_22_0_230.e9_6.2e9_1.86929e+25_20.dat
        26       0.604577        3.31563        308.757        33.3103        34.0269        32.9865       -2596.28     /gpfs/hpu/EHT2/IHARM_inc+5/MAD_a-0.94_384x192x192_IHARM/m_1_1_20/image_a-0.94_0026_22_0_230.e9_6.2e9_1.86929e+25_20.dat
        27       0.753484        3.45706         323.03        10.7965        12.6101        11.5985       -1136.72     /gpfs/hpu/EHT2/IHARM_inc+5/MAD_a-0.94_384x192x192_IHARM/m_1_1_20/image_a-0.94_0027_22_0_230.e9_6.2e9_1.86929e+25_20.dat
        28       0.733206        3.50352        314.712         19.958        16.8057        17.7098       -1551.98     /gpfs/hpu/EHT2/IHARM_inc+5/MAD_a-0.94_384x192x192_IHARM/m_1_1_20/image_a-0.94_0028_22_0_230.e9_6.2e9_1.86929e+25_20.dat
        29       0.710286        3.53815        327.277        22.8394        24.9161        23.5267       -1885.74     /gpfs/hpu/EHT2/IHARM_inc+5/MAD_a-0.94_384x192x192_IHARM/m_1_1_20/image_a-0.94_0029_22_0_230.e9_6.2e9_1.86929e+25_20.dat
        30       0.549161        3.69665        333.253        14.8677        22.2205        18.7568       -1578.74     /gpfs/hpu/EHT2/IHARM_inc+5/MAD_a-0.94_384x192x192_IHARM/m_1_1_20/image_a-0.94_0030_22_0_230.e9_6.2e9_1.86929e+25_20.dat
        31       0.765371        4.26471        265.563        5.24732        16.3599         11.505        -1123.3     /gpfs/hpu/EHT2/IHARM_inc+5/MAD_a-0.94_384x192x192_IHARM/m_1_1_20/image_a-0.94_0031_22_0_230.e9_6.2e9_1.86929e+25_20.dat
        32       0.636665        4.09648        289.794         16.219        19.2781        17.6157       -1486.88     /gpfs/hpu/EHT2/IHARM_inc+5/MAD_a-0.94_384x192x192_IHARM/m_1_1_20/image_a-0.94_0032_22_0_230.e9_6.2e9_1.86929e+25_20.dat
        33       0.593471         3.6222        306.963        31.8787        6.78225        16.7819       -1440.71     /gpfs/hpu/EHT2/IHARM_inc+5/MAD_a-0.94_384x192x192_IHARM/m_1_1_20/image_a-0.94_0033_22_0_230.e9_6.2e9_1.86929e+25_20.dat
        34       0.673247        3.36662         323.23        16.6682        25.7702        21.5208       -1813.97     /gpfs/hpu/EHT2/IHARM_inc+5/MAD_a-0.94_384x192x192_IHARM/m_1_1_20/image_a-0.94_0034_22_0_230.e9_6.2e9_1.86929e+25_20.dat
        35        0.81944        3.59603        353.568        40.2739        14.2231        24.4446       -2017.07     /gpfs/hpu/EHT2/IHARM_inc+5/MAD_a-0.94_384x192x192_IHARM/m_1_1_20/image_a-0.94_0035_22_0_230.e9_6.2e9_1.86929e+25_20.dat
        36        1.27902        3.02018        336.545        52.6063        42.8163         45.831       -4007.23     /gpfs/hpu/EHT2/IHARM_inc+5/MAD_a-0.94_384x192x192_IHARM/m_1_1_20/image_a-0.94_0036_22_0_230.e9_6.2e9_1.86929e+25_20.dat
        37       0.635768        3.84361        272.808        11.6162        44.4357        30.1829       -2388.39     /gpfs/hpu/EHT2/IHARM_inc+5/MAD_a-0.94_384x192x192_IHARM/m_1_1_20/image_a-0.94_0037_22_0_230.e9_6.2e9_1.86929e+25_20.dat
        38       0.650238        3.53658        337.888         37.182        82.4671        62.3341       -4540.73     /gpfs/hpu/EHT2/IHARM_inc+5/MAD_a-0.94_384x192x192_IHARM/m_1_1_20/image_a-0.94_0038_22_0_230.e9_6.2e9_1.86929e+25_20.dat
        39        0.88399        4.30257        303.629        13.2272        64.2706        42.2103       -3260.75     /gpfs/hpu/EHT2/IHARM_inc+5/MAD_a-0.94_384x192x192_IHARM/m_1_1_20/image_a-0.94_0039_22_0_230.e9_6.2e9_1.86929e+25_20.dat
        40         1.2507        4.04166        235.021        66.9108        34.8592        47.0523       -3790.19     /gpfs/hpu/EHT2/IHARM_inc+5/MAD_a-0.94_384x192x192_IHARM/m_1_1_20/image_a-0.94_0040_22_0_230.e9_6.2e9_1.86929e+25_20.dat
        41       0.602728         3.9427        318.807        14.8539        12.2018        13.0052       -1174.61     /gpfs/hpu/EHT2/IHARM_inc+5/MAD_a-0.94_384x192x192_IHARM/m_1_1_20/image_a-0.94_0041_22_0_230.e9_6.2e9_1.86929e+25_20.dat
        42        0.96435        4.14411        320.129        23.9614         14.762        18.1567       -1544.12     /gpfs/hpu/EHT2/IHARM_inc+5/MAD_a-0.94_384x192x192_IHARM/m_1_1_20/image_a-0.94_0042_22_0_230.e9_6.2e9_1.86929e+25_20.dat
        43        0.98777        3.87778        331.345        17.1168        9.73017        12.5028       -1189.06     /gpfs/hpu/EHT2/IHARM_inc+5/MAD_a-0.94_384x192x192_IHARM/m_1_1_20/image_a-0.94_0043_22_0_230.e9_6.2e9_1.86929e+25_20.dat
        44       0.952924        3.40885        278.739        20.9227        58.9331        42.2613       -3473.55     /gpfs/hpu/EHT2/IHARM_inc+5/MAD_a-0.94_384x192x192_IHARM/m_1_1_20/image_a-0.94_0044_22_0_230.e9_6.2e9_1.86929e+25_20.dat
        45       0.740983        3.39498        300.589        13.8747        26.7825        20.9717       -1811.79     /gpfs/hpu/EHT2/IHARM_inc+5/MAD_a-0.94_384x192x192_IHARM/m_1_1_20/image_a-0.94_0045_22_0_230.e9_6.2e9_1.86929e+25_20.dat
        46        1.11472        2.97594        309.022        15.8255        47.1073        33.4174       -2796.47     /gpfs/hpu/EHT2/IHARM_inc+5/MAD_a-0.94_384x192x192_IHARM/m_1_1_20/image_a-0.94_0046_22_0_230.e9_6.2e9_1.86929e+25_20.dat
        47       0.660949        3.30629        309.065        24.3967        117.846        77.4547       -6382.32     /gpfs/hpu/EHT2/IHARM_inc+5/MAD_a-0.94_384x192x192_IHARM/m_1_1_20/image_a-0.94_0047_22_0_230.e9_6.2e9_1.86929e+25_20.dat
        48        1.35928        5.05808        344.674        17.8673        75.3849        50.4612       -4465.52     /gpfs/hpu/EHT2/IHARM_inc+5/MAD_a-0.94_384x192x192_IHARM/m_1_1_20/image_a-0.94_0048_22_0_230.e9_6.2e9_1.86929e+25_20.dat
        49       0.789332        4.43361        355.993         17.945        39.0688        29.6643       -2423.62     /gpfs/hpu/EHT2/IHARM_inc+5/MAD_a-0.94_384x192x192_IHARM/m_1_1_20/image_a-0.94_0049_22_0_230.e9_6.2e9_1.86929e+25_20.dat
        50       0.728938         4.2342         359.95        30.3537        55.0814        43.8662       -3323.83     /gpfs/hpu/EHT2/IHARM_inc+5/MAD_a-0.94_384x192x192_IHARM/m_1_1_20/image_a-0.94_0050_22_0_230.e9_6.2e9_1.86929e+25_20.dat
        51       0.477587        3.90636        359.917        40.7018        29.5438        33.4045       -2555.11     /gpfs/hpu/EHT2/IHARM_inc+5/MAD_a-0.94_384x192x192_IHARM/m_1_1_20/image_a-0.94_0051_22_0_230.e9_6.2e9_1.86929e+25_20.dat
        52        1.07479        3.87655        294.235        31.8811        42.9575        37.5304        -3115.1     /gpfs/hpu/EHT2/IHARM_inc+5/MAD_a-0.94_384x192x192_IHARM/m_1_1_20/image_a-0.94_0052_22_0_230.e9_6.2e9_1.86929e+25_20.dat
        53       0.724448        3.77484        324.933        18.1102        29.3591        24.1623       -2040.84     /gpfs/hpu/EHT2/IHARM_inc+5/MAD_a-0.94_384x192x192_IHARM/m_1_1_20/image_a-0.94_0053_22_0_230.e9_6.2e9_1.86929e+25_20.dat
        54       0.489354        3.83182        339.915        15.0352        14.2709        14.2652        -1262.1     /gpfs/hpu/EHT2/IHARM_inc+5/MAD_a-0.94_384x192x192_IHARM/m_1_1_20/image_a-0.94_0054_22_0_230.e9_6.2e9_1.86929e+25_20.dat
        55       0.683908        3.74231        297.357        10.8751         11.373        10.9207       -1095.81     /gpfs/hpu/EHT2/IHARM_inc+5/MAD_a-0.94_384x192x192_IHARM/m_1_1_20/image_a-0.94_0055_22_0_230.e9_6.2e9_1.86929e+25_20.dat
        56       0.579243        3.92656        293.657        9.82834        19.4286        15.1176        -1350.4     /gpfs/hpu/EHT2/IHARM_inc+5/MAD_a-0.94_384x192x192_IHARM/m_1_1_20/image_a-0.94_0056_22_0_230.e9_6.2e9_1.86929e+25_20.dat
        57       0.612704        4.26115        240.454        11.5025        20.9118        16.6453       -1404.43     /gpfs/hpu/EHT2/IHARM_inc+5/MAD_a-0.94_384x192x192_IHARM/m_1_1_20/image_a-0.94_0057_22_0_230.e9_6.2e9_1.86929e+25_20.dat
        58       0.588774        3.53424        285.572        6.43165        9.13459        7.83999       -846.121     /gpfs/hpu/EHT2/IHARM_inc+5/MAD_a-0.94_384x192x192_IHARM/m_1_1_20/image_a-0.94_0058_22_0_230.e9_6.2e9_1.86929e+25_20.dat
        59       0.837311        3.72591        310.267        9.69064        15.4582        12.7848       -1223.56     /gpfs/hpu/EHT2/IHARM_inc+5/MAD_a-0.94_384x192x192_IHARM/m_1_1_20/image_a-0.94_0059_22_0_230.e9_6.2e9_1.86929e+25_20.dat
        60       0.845399         4.3321        329.523        11.8527        33.3708        23.9325       -2040.33     /gpfs/hpu/EHT2/IHARM_inc+5/MAD_a-0.94_384x192x192_IHARM/m_1_1_20/image_a-0.94_0060_22_0_230.e9_6.2e9_1.86929e+25_20.dat
        61       0.541529        4.34588        231.613        13.5614        59.1993        39.4369       -2971.77     /gpfs/hpu/EHT2/IHARM_inc+5/MAD_a-0.94_384x192x192_IHARM/m_1_1_20/image_a-0.94_0061_22_0_230.e9_6.2e9_1.86929e+25_20.dat
        62        1.24614         5.4945        288.814        40.4596        23.4491        29.8111       -2372.29     /gpfs/hpu/EHT2/IHARM_inc+5/MAD_a-0.94_384x192x192_IHARM/m_1_1_20/image_a-0.94_0062_22_0_230.e9_6.2e9_1.86929e+25_20.dat
        63       0.848555        4.38998        287.688        35.2253        43.5462        39.2205       -3022.31     /gpfs/hpu/EHT2/IHARM_inc+5/MAD_a-0.94_384x192x192_IHARM/m_1_1_20/image_a-0.94_0063_22_0_230.e9_6.2e9_1.86929e+25_20.dat
        64       0.448582        3.97194        359.985        40.4359        19.9488        27.7939       -2204.64     /gpfs/hpu/EHT2/IHARM_inc+5/MAD_a-0.94_384x192x192_IHARM/m_1_1_20/image_a-0.94_0064_22_0_230.e9_6.2e9_1.86929e+25_20.dat
        65       0.781243        3.73027        337.628        40.7804        21.1217         28.606       -2348.89     /gpfs/hpu/EHT2/IHARM_inc+5/MAD_a-0.94_384x192x192_IHARM/m_1_1_20/image_a-0.94_0065_22_0_230.e9_6.2e9_1.86929e+25_20.dat
        66         0.6086         3.3747        359.984        32.5324        25.9516        28.0405       -2296.32     /gpfs/hpu/EHT2/IHARM_inc+5/MAD_a-0.94_384x192x192_IHARM/m_1_1_20/image_a-0.94_0066_22_0_230.e9_6.2e9_1.86929e+25_20.dat
        67        1.25854        4.05118        273.049        9.51433        53.2545        34.3907       -2785.45     /gpfs/hpu/EHT2/IHARM_inc+5/MAD_a-0.94_384x192x192_IHARM/m_1_1_20/image_a-0.94_0067_22_0_230.e9_6.2e9_1.86929e+25_20.dat
        68       0.664486        3.80783        298.814        30.8276        33.6475        31.7649       -2476.94     /gpfs/hpu/EHT2/IHARM_inc+5/MAD_a-0.94_384x192x192_IHARM/m_1_1_20/image_a-0.94_0068_22_0_230.e9_6.2e9_1.86929e+25_20.dat
        69       0.768824        4.04034        294.769        28.8947        21.1879        23.8372       -1974.92     /gpfs/hpu/EHT2/IHARM_inc+5/MAD_a-0.94_384x192x192_IHARM/m_1_1_20/image_a-0.94_0069_22_0_230.e9_6.2e9_1.86929e+25_20.dat
        70       0.673001        3.74784        65.3043        33.7403        25.6752        28.3705       -2368.53     /gpfs/hpu/EHT2/IHARM_inc+5/MAD_a-0.94_384x192x192_IHARM/m_1_1_20/image_a-0.94_0070_22_0_230.e9_6.2e9_1.86929e+25_20.dat
        71       0.599517        3.80763       -348.795        15.9359        24.3651        20.4188       -1753.57     /gpfs/hpu/EHT2/IHARM_inc+5/MAD_a-0.94_384x192x192_IHARM/m_1_1_20/image_a-0.94_0071_22_0_230.e9_6.2e9_1.86929e+25_20.dat
        72       0.782382        3.66241        -236.85        35.8008        148.211        99.4819       -7134.29     /gpfs/hpu/EHT2/IHARM_inc+5/MAD_a-0.94_384x192x192_IHARM/m_1_1_20/image_a-0.94_0072_22_0_230.e9_6.2e9_1.86929e+25_20.dat
        73       0.728288         3.9645       -105.464         22.402         15.655        18.0382       -1524.15     /gpfs/hpu/EHT2/IHARM_inc+5/MAD_a-0.94_384x192x192_IHARM/m_1_1_20/image_a-0.94_0073_22_0_230.e9_6.2e9_1.86929e+25_20.dat
        74        1.30456        4.11175       -175.993        11.5826        12.7012        11.9687          -1225     /gpfs/hpu/EHT2/IHARM_inc+5/MAD_a-0.94_384x192x192_IHARM/m_1_1_20/image_a-0.94_0074_22_0_230.e9_6.2e9_1.86929e+25_20.dat
        75       0.642018        4.18144       -162.955        10.9931         26.925        19.8881       -1674.12     /gpfs/hpu/EHT2/IHARM_inc+5/MAD_a-0.94_384x192x192_IHARM/m_1_1_20/image_a-0.94_0075_22_0_230.e9_6.2e9_1.86929e+25_20.dat
        76       0.640645        4.18531       -111.821         16.354        22.6213        19.5877       -1614.63     /gpfs/hpu/EHT2/IHARM_inc+5/MAD_a-0.94_384x192x192_IHARM/m_1_1_20/image_a-0.94_0076_22_0_230.e9_6.2e9_1.86929e+25_20.dat
        77       0.537566        4.02369       -91.2426        23.4858        16.1239        18.7455       -1569.42     /gpfs/hpu/EHT2/IHARM_inc+5/MAD_a-0.94_384x192x192_IHARM/m_1_1_20/image_a-0.94_0077_22_0_230.e9_6.2e9_1.86929e+25_20.dat
        78       0.745711        4.42961       -11.5131        74.6097        36.6957        51.2191       -3878.69     /gpfs/hpu/EHT2/IHARM_inc+5/MAD_a-0.94_384x192x192_IHARM/m_1_1_20/image_a-0.94_0078_22_0_230.e9_6.2e9_1.86929e+25_20.dat
        79       0.764015        3.65212       -7.50067        46.4223        25.1921        33.2222       -2650.61     /gpfs/hpu/EHT2/IHARM_inc+5/MAD_a-0.94_384x192x192_IHARM/m_1_1_20/image_a-0.94_0079_22_0_230.e9_6.2e9_1.86929e+25_20.dat
        80       0.644937        3.95727       -44.3639        11.7074        24.3072        18.6755       -1610.84     /gpfs/hpu/EHT2/IHARM_inc+5/MAD_a-0.94_384x192x192_IHARM/m_1_1_20/image_a-0.94_0080_22_0_230.e9_6.2e9_1.86929e+25_20.dat
        81       0.507547        3.53728       -25.8314        38.3117         35.079        35.6125       -2723.45     /gpfs/hpu/EHT2/IHARM_inc+5/MAD_a-0.94_384x192x192_IHARM/m_1_1_20/image_a-0.94_0081_22_0_230.e9_6.2e9_1.86929e+25_20.dat
        82        1.01652        3.82863       -77.5865        5.88338        40.0514          25.35       -2071.51     /gpfs/hpu/EHT2/IHARM_inc+5/MAD_a-0.94_384x192x192_IHARM/m_1_1_20/image_a-0.94_0082_22_0_230.e9_6.2e9_1.86929e+25_20.dat
        83       0.896993        3.42273       -70.2202        31.9551         25.778        27.7074       -2337.63     /gpfs/hpu/EHT2/IHARM_inc+5/MAD_a-0.94_384x192x192_IHARM/m_1_1_20/image_a-0.94_0083_22_0_230.e9_6.2e9_1.86929e+25_20.dat
        84       0.714726        2.83619       -73.0584        26.3122        14.5077        18.9615       -1599.36     /gpfs/hpu/EHT2/IHARM_inc+5/MAD_a-0.94_384x192x192_IHARM/m_1_1_20/image_a-0.94_0084_22_0_230.e9_6.2e9_1.86929e+25_20.dat
        85       0.529622        3.42346        -26.802        17.5567        18.0545         17.455       -1493.56     /gpfs/hpu/EHT2/IHARM_inc+5/MAD_a-0.94_384x192x192_IHARM/m_1_1_20/image_a-0.94_0085_22_0_230.e9_6.2e9_1.86929e+25_20.dat
        86       0.495582        3.52537       -20.6631        16.1097        16.2683        15.8453       -1353.93     /gpfs/hpu/EHT2/IHARM_inc+5/MAD_a-0.94_384x192x192_IHARM/m_1_1_20/image_a-0.94_0086_22_0_230.e9_6.2e9_1.86929e+25_20.dat
        87        0.67199        3.72499       -23.7314        12.5194        23.6645        18.6353       -1561.48     /gpfs/hpu/EHT2/IHARM_inc+5/MAD_a-0.94_384x192x192_IHARM/m_1_1_20/image_a-0.94_0087_22_0_230.e9_6.2e9_1.86929e+25_20.dat
        88       0.993542        4.17098        20.9983        14.7514        57.8379        39.1373       -3019.43     /gpfs/hpu/EHT2/IHARM_inc+5/MAD_a-0.94_384x192x192_IHARM/m_1_1_20/image_a-0.94_0088_22_0_230.e9_6.2e9_1.86929e+25_20.dat
        89        1.03002        3.24419        -35.197        14.3906        16.1724        15.0951        -1440.1     /gpfs/hpu/EHT2/IHARM_inc+5/MAD_a-0.94_384x192x192_IHARM/m_1_1_20/image_a-0.94_0089_22_0_230.e9_6.2e9_1.86929e+25_20.dat
        90        1.05057        3.38026        19.6222        23.2911        9.26205        14.7312       -1348.92     /gpfs/hpu/EHT2/IHARM_inc+5/MAD_a-0.94_384x192x192_IHARM/m_1_1_20/image_a-0.94_0090_22_0_230.e9_6.2e9_1.86929e+25_20.dat
        91        1.00489        3.54634       -30.6239        44.2938        37.8664        39.6304        -3043.3     /gpfs/hpu/EHT2/IHARM_inc+5/MAD_a-0.94_384x192x192_IHARM/m_1_1_20/image_a-0.94_0091_22_0_230.e9_6.2e9_1.86929e+25_20.dat
        92       0.783072        3.75612        31.7123        56.7026        89.6684        74.3586       -5403.83     /gpfs/hpu/EHT2/IHARM_inc+5/MAD_a-0.94_384x192x192_IHARM/m_1_1_20/image_a-0.94_0092_22_0_230.e9_6.2e9_1.86929e+25_20.dat
        93       0.866863        3.88539         266.36        19.7742        51.8612        37.7409       -2986.55     /gpfs/hpu/EHT2/IHARM_inc+5/MAD_a-0.94_384x192x192_IHARM/m_1_1_20/image_a-0.94_0093_22_0_230.e9_6.2e9_1.86929e+25_20.dat
        94       0.875891        3.99206        229.392        38.7102        25.3275        30.1809       -2423.53     /gpfs/hpu/EHT2/IHARM_inc+5/MAD_a-0.94_384x192x192_IHARM/m_1_1_20/image_a-0.94_0094_22_0_230.e9_6.2e9_1.86929e+25_20.dat
        95       0.834549        3.79625        273.461        10.0356        13.7315        11.9339        -1109.2     /gpfs/hpu/EHT2/IHARM_inc+5/MAD_a-0.94_384x192x192_IHARM/m_1_1_20/image_a-0.94_0095_22_0_230.e9_6.2e9_1.86929e+25_20.dat
        96       0.874605        4.04626        254.378        13.1719        41.4291        29.0877       -2346.57     /gpfs/hpu/EHT2/IHARM_inc+5/MAD_a-0.94_384x192x192_IHARM/m_1_1_20/image_a-0.94_0096_22_0_230.e9_6.2e9_1.86929e+25_20.dat
        97       0.836238        3.93539         316.34        6.15845        14.9544        11.0674       -1157.55     /gpfs/hpu/EHT2/IHARM_inc+5/MAD_a-0.94_384x192x192_IHARM/m_1_1_20/image_a-0.94_0097_22_0_230.e9_6.2e9_1.86929e+25_20.dat
        98       0.999982         3.6181        320.727        4.61608        53.7311        32.6832       -2696.47     /gpfs/hpu/EHT2/IHARM_inc+5/MAD_a-0.94_384x192x192_IHARM/m_1_1_20/image_a-0.94_0098_22_0_230.e9_6.2e9_1.86929e+25_20.dat
        99       0.741099        3.46319        335.935        24.8418        24.3522        24.0131       -2012.02     /gpfs/hpu/EHT2/IHARM_inc+5/MAD_a-0.94_384x192x192_IHARM/m_1_1_20/image_a-0.94_0099_22_0_230.e9_6.2e9_1.86929e+25_20.dat
