   # Index         I (Jy)      M/D (uas)       PA (deg)  VA red. chisq  CP red. chisq     red. chisq     log-liklhd     FileName
         0        1.23521         4.4035       -343.698        5.95702        72.8152        42.9309       -4971.91     /gpfs/hpu/EHT2/IHARM_inc-5/MAD_a+0.94_384x192x192_IHARM/m_1_1_20/image_a+0.94_0000_168_0_230.e9_6.2e9_7.57527e+24_20.dat
         1       0.499406        4.08291        -276.67        16.0732        33.1309        25.2802       -2764.58     /gpfs/hpu/EHT2/IHARM_inc-5/MAD_a+0.94_384x192x192_IHARM/m_1_1_20/image_a+0.94_0001_168_0_230.e9_6.2e9_7.57527e+24_20.dat
         2       0.937796        4.30676       -169.635        7.67625         23.546        16.3552       -1944.08     /gpfs/hpu/EHT2/IHARM_inc-5/MAD_a+0.94_384x192x192_IHARM/m_1_1_20/image_a+0.94_0002_168_0_230.e9_6.2e9_7.57527e+24_20.dat
         3       0.735214        4.02874       -192.789        6.76322        13.0102        10.1214       -1337.99     /gpfs/hpu/EHT2/IHARM_inc-5/MAD_a+0.94_384x192x192_IHARM/m_1_1_20/image_a+0.94_0003_168_0_230.e9_6.2e9_7.57527e+24_20.dat
         4        0.48237        4.02695       -193.127        4.57578        13.5068        9.45602       -1217.62     /gpfs/hpu/EHT2/IHARM_inc-5/MAD_a+0.94_384x192x192_IHARM/m_1_1_20/image_a+0.94_0004_168_0_230.e9_6.2e9_7.57527e+24_20.dat
         5        0.53563        3.83574       -269.804        16.7513        13.6574        14.7757       -1733.76     /gpfs/hpu/EHT2/IHARM_inc-5/MAD_a+0.94_384x192x192_IHARM/m_1_1_20/image_a+0.94_0005_168_0_230.e9_6.2e9_7.57527e+24_20.dat
         6        0.57408        4.13084        -170.23        4.20069        15.9446        10.6462       -1401.57     /gpfs/hpu/EHT2/IHARM_inc-5/MAD_a+0.94_384x192x192_IHARM/m_1_1_20/image_a+0.94_0006_168_0_230.e9_6.2e9_7.57527e+24_20.dat
         7       0.577063        4.03726       -168.872        7.60048        18.7204        13.6473       -1656.62     /gpfs/hpu/EHT2/IHARM_inc-5/MAD_a+0.94_384x192x192_IHARM/m_1_1_20/image_a+0.94_0007_168_0_230.e9_6.2e9_7.57527e+24_20.dat
         8       0.529748        4.01968       -279.232        8.07147        22.7712        16.0956       -1867.63     /gpfs/hpu/EHT2/IHARM_inc-5/MAD_a+0.94_384x192x192_IHARM/m_1_1_20/image_a+0.94_0008_168_0_230.e9_6.2e9_7.57527e+24_20.dat
         9       0.537404        4.04065       -274.721        10.4873        10.6781        10.4301       -1317.03     /gpfs/hpu/EHT2/IHARM_inc-5/MAD_a+0.94_384x192x192_IHARM/m_1_1_20/image_a+0.94_0009_168_0_230.e9_6.2e9_7.57527e+24_20.dat
        10       0.494249        4.13869       -291.368         9.5789         11.661        10.5843       -1337.03     /gpfs/hpu/EHT2/IHARM_inc-5/MAD_a+0.94_384x192x192_IHARM/m_1_1_20/image_a+0.94_0010_168_0_230.e9_6.2e9_7.57527e+24_20.dat
        11       0.528218         4.0669       -310.472        7.90297         9.0582        8.42059       -1158.67     /gpfs/hpu/EHT2/IHARM_inc-5/MAD_a+0.94_384x192x192_IHARM/m_1_1_20/image_a+0.94_0011_168_0_230.e9_6.2e9_7.57527e+24_20.dat
        12       0.532855         4.1311         -217.6        8.41788        46.4132        29.3518       -3207.02     /gpfs/hpu/EHT2/IHARM_inc-5/MAD_a+0.94_384x192x192_IHARM/m_1_1_20/image_a+0.94_0012_168_0_230.e9_6.2e9_7.57527e+24_20.dat
        13       0.582796        4.13739       -313.215        14.3496        11.8465        12.7388       -1544.64     /gpfs/hpu/EHT2/IHARM_inc-5/MAD_a+0.94_384x192x192_IHARM/m_1_1_20/image_a+0.94_0013_168_0_230.e9_6.2e9_7.57527e+24_20.dat
        14         0.5264         4.2067       -212.872        4.48999        24.3271         15.418       -1801.35     /gpfs/hpu/EHT2/IHARM_inc-5/MAD_a+0.94_384x192x192_IHARM/m_1_1_20/image_a+0.94_0014_168_0_230.e9_6.2e9_7.57527e+24_20.dat
        15        0.49229         3.9805        -289.61        16.9481        17.3322        16.8976       -1964.19     /gpfs/hpu/EHT2/IHARM_inc-5/MAD_a+0.94_384x192x192_IHARM/m_1_1_20/image_a+0.94_0015_168_0_230.e9_6.2e9_7.57527e+24_20.dat
        16       0.627839        4.47929       -185.046         5.2493        26.2003         16.783       -1956.32     /gpfs/hpu/EHT2/IHARM_inc-5/MAD_a+0.94_384x192x192_IHARM/m_1_1_20/image_a+0.94_0016_168_0_230.e9_6.2e9_7.57527e+24_20.dat
        17       0.585544        3.92233       -215.465        7.43926        20.4954         14.562       -1728.51     /gpfs/hpu/EHT2/IHARM_inc-5/MAD_a+0.94_384x192x192_IHARM/m_1_1_20/image_a+0.94_0017_168_0_230.e9_6.2e9_7.57527e+24_20.dat
        18       0.853561        4.68979       -319.615        3.56354        71.5374        41.1931       -4395.87     /gpfs/hpu/EHT2/IHARM_inc-5/MAD_a+0.94_384x192x192_IHARM/m_1_1_20/image_a+0.94_0018_168_0_230.e9_6.2e9_7.57527e+24_20.dat
        19       0.462668        4.29041       -199.038        3.33551        12.3394        8.27546       -1101.93     /gpfs/hpu/EHT2/IHARM_inc-5/MAD_a+0.94_384x192x192_IHARM/m_1_1_20/image_a+0.94_0019_168_0_230.e9_6.2e9_7.57527e+24_20.dat
        20       0.539033        4.13648       -243.276        3.22647        12.4185        8.27243       -1093.97     /gpfs/hpu/EHT2/IHARM_inc-5/MAD_a+0.94_384x192x192_IHARM/m_1_1_20/image_a+0.94_0020_168_0_230.e9_6.2e9_7.57527e+24_20.dat
        21       0.572581          4.315       -207.187        6.41287        19.8601        13.7684       -1651.77     /gpfs/hpu/EHT2/IHARM_inc-5/MAD_a+0.94_384x192x192_IHARM/m_1_1_20/image_a+0.94_0021_168_0_230.e9_6.2e9_7.57527e+24_20.dat
        22       0.486679        3.98151       -229.112        3.62259        15.9872        10.4213       -1320.55     /gpfs/hpu/EHT2/IHARM_inc-5/MAD_a+0.94_384x192x192_IHARM/m_1_1_20/image_a+0.94_0022_168_0_230.e9_6.2e9_7.57527e+24_20.dat
        23       0.584137         3.9665       -334.642        9.39212        20.5884        15.4534       -1840.38     /gpfs/hpu/EHT2/IHARM_inc-5/MAD_a+0.94_384x192x192_IHARM/m_1_1_20/image_a+0.94_0023_168_0_230.e9_6.2e9_7.57527e+24_20.dat
        24         0.8112         4.3333       -354.725        17.7729        17.6679        17.4385       -2053.38     /gpfs/hpu/EHT2/IHARM_inc-5/MAD_a+0.94_384x192x192_IHARM/m_1_1_20/image_a+0.94_0024_168_0_230.e9_6.2e9_7.57527e+24_20.dat
        25         0.7205        4.31041        -355.97        3.50247        6.93678        5.35203       -862.542     /gpfs/hpu/EHT2/IHARM_inc-5/MAD_a+0.94_384x192x192_IHARM/m_1_1_20/image_a+0.94_0025_168_0_230.e9_6.2e9_7.57527e+24_20.dat
        26       0.767565        3.86276       -267.886        6.67765        7.72751         7.1559       -1023.79     /gpfs/hpu/EHT2/IHARM_inc-5/MAD_a+0.94_384x192x192_IHARM/m_1_1_20/image_a+0.94_0026_168_0_230.e9_6.2e9_7.57527e+24_20.dat
        27       0.677994        3.92243       -267.986        5.34559        18.6001        12.6108       -1543.53     /gpfs/hpu/EHT2/IHARM_inc-5/MAD_a+0.94_384x192x192_IHARM/m_1_1_20/image_a+0.94_0027_168_0_230.e9_6.2e9_7.57527e+24_20.dat
        28        0.61673        4.16366       -282.673        12.7022        26.1412        19.9554        -2223.3     /gpfs/hpu/EHT2/IHARM_inc-5/MAD_a+0.94_384x192x192_IHARM/m_1_1_20/image_a+0.94_0028_168_0_230.e9_6.2e9_7.57527e+24_20.dat
        29        0.54269        3.93861       -285.235        3.51942        6.82958        5.29988        -848.96     /gpfs/hpu/EHT2/IHARM_inc-5/MAD_a+0.94_384x192x192_IHARM/m_1_1_20/image_a+0.94_0029_168_0_230.e9_6.2e9_7.57527e+24_20.dat
        30       0.595062         3.7396       -185.834        6.55565        18.4926        13.0716       -1617.73     /gpfs/hpu/EHT2/IHARM_inc-5/MAD_a+0.94_384x192x192_IHARM/m_1_1_20/image_a+0.94_0030_168_0_230.e9_6.2e9_7.57527e+24_20.dat
        31       0.605276        4.12822        -198.88        3.37824        19.7857        12.4221       -1555.91     /gpfs/hpu/EHT2/IHARM_inc-5/MAD_a+0.94_384x192x192_IHARM/m_1_1_20/image_a+0.94_0031_168_0_230.e9_6.2e9_7.57527e+24_20.dat
        32       0.699636        4.37505       -282.495        9.91072        9.75965        9.67291       -1243.87     /gpfs/hpu/EHT2/IHARM_inc-5/MAD_a+0.94_384x192x192_IHARM/m_1_1_20/image_a+0.94_0032_168_0_230.e9_6.2e9_7.57527e+24_20.dat
        33       0.751415        4.31537       -323.051        29.1382        13.7642        20.1619       -2310.79     /gpfs/hpu/EHT2/IHARM_inc-5/MAD_a+0.94_384x192x192_IHARM/m_1_1_20/image_a+0.94_0033_168_0_230.e9_6.2e9_7.57527e+24_20.dat
        34       0.615194        3.90815       -217.605        2.89739        17.6298        11.0201        -1411.6     /gpfs/hpu/EHT2/IHARM_inc-5/MAD_a+0.94_384x192x192_IHARM/m_1_1_20/image_a+0.94_0034_168_0_230.e9_6.2e9_7.57527e+24_20.dat
        35        0.51197        4.34553       -209.436        4.02584        15.5168        10.3339       -1304.07     /gpfs/hpu/EHT2/IHARM_inc-5/MAD_a+0.94_384x192x192_IHARM/m_1_1_20/image_a+0.94_0035_168_0_230.e9_6.2e9_7.57527e+24_20.dat
        36       0.582219        4.30042       -199.388        4.42789        17.7149        11.7254       -1432.99     /gpfs/hpu/EHT2/IHARM_inc-5/MAD_a+0.94_384x192x192_IHARM/m_1_1_20/image_a+0.94_0036_168_0_230.e9_6.2e9_7.57527e+24_20.dat
        37       0.515442        3.88703       -233.138        6.08027        12.0535        9.29735       -1218.89     /gpfs/hpu/EHT2/IHARM_inc-5/MAD_a+0.94_384x192x192_IHARM/m_1_1_20/image_a+0.94_0037_168_0_230.e9_6.2e9_7.57527e+24_20.dat
        38       0.594609        4.40198       -317.772        6.88157        29.2066        19.1517       -2156.68     /gpfs/hpu/EHT2/IHARM_inc-5/MAD_a+0.94_384x192x192_IHARM/m_1_1_20/image_a+0.94_0038_168_0_230.e9_6.2e9_7.57527e+24_20.dat
        39       0.839678        4.27773       -237.792        1.47234        10.0979        6.23151       -1050.57     /gpfs/hpu/EHT2/IHARM_inc-5/MAD_a+0.94_384x192x192_IHARM/m_1_1_20/image_a+0.94_0039_168_0_230.e9_6.2e9_7.57527e+24_20.dat
        40       0.767793        4.41201       -210.055        7.12014        11.2519         9.3001        -1250.5     /gpfs/hpu/EHT2/IHARM_inc-5/MAD_a+0.94_384x192x192_IHARM/m_1_1_20/image_a+0.94_0040_168_0_230.e9_6.2e9_7.57527e+24_20.dat
        41        1.45574        4.56255       -201.673        15.7235        29.1125         22.902       -2637.02     /gpfs/hpu/EHT2/IHARM_inc-5/MAD_a+0.94_384x192x192_IHARM/m_1_1_20/image_a+0.94_0041_168_0_230.e9_6.2e9_7.57527e+24_20.dat
        42       0.644797        4.26681        2.28518         14.292        22.1938        18.4506       -2130.26     /gpfs/hpu/EHT2/IHARM_inc-5/MAD_a+0.94_384x192x192_IHARM/m_1_1_20/image_a+0.94_0042_168_0_230.e9_6.2e9_7.57527e+24_20.dat
        43       0.525393        3.69807        125.975        13.4295        15.2034        14.2042       -1718.96     /gpfs/hpu/EHT2/IHARM_inc-5/MAD_a+0.94_384x192x192_IHARM/m_1_1_20/image_a+0.94_0043_168_0_230.e9_6.2e9_7.57527e+24_20.dat
        44       0.553163        4.34464        92.3656        8.18402        4.01479        5.74536       -869.004     /gpfs/hpu/EHT2/IHARM_inc-5/MAD_a+0.94_384x192x192_IHARM/m_1_1_20/image_a+0.94_0044_168_0_230.e9_6.2e9_7.57527e+24_20.dat
        45       0.693697        4.29179        109.773        12.2509        13.4076        12.7017       -1520.55     /gpfs/hpu/EHT2/IHARM_inc-5/MAD_a+0.94_384x192x192_IHARM/m_1_1_20/image_a+0.94_0045_168_0_230.e9_6.2e9_7.57527e+24_20.dat
        46        0.94597        4.40007        96.3172        25.5398        40.0265        33.1743       -3802.31     /gpfs/hpu/EHT2/IHARM_inc-5/MAD_a+0.94_384x192x192_IHARM/m_1_1_20/image_a+0.94_0046_168_0_230.e9_6.2e9_7.57527e+24_20.dat
        47       0.841684        4.48914        75.3167        23.1518        19.2294        20.6173       -2315.41     /gpfs/hpu/EHT2/IHARM_inc-5/MAD_a+0.94_384x192x192_IHARM/m_1_1_20/image_a+0.94_0047_168_0_230.e9_6.2e9_7.57527e+24_20.dat
        48       0.688772        4.40385        181.744        12.3233        21.3375        17.1292       -2011.45     /gpfs/hpu/EHT2/IHARM_inc-5/MAD_a+0.94_384x192x192_IHARM/m_1_1_20/image_a+0.94_0048_168_0_230.e9_6.2e9_7.57527e+24_20.dat
        49       0.822249         4.5426        78.5433        15.0433        24.5285        20.0681       -2295.73     /gpfs/hpu/EHT2/IHARM_inc-5/MAD_a+0.94_384x192x192_IHARM/m_1_1_20/image_a+0.94_0049_168_0_230.e9_6.2e9_7.57527e+24_20.dat
        50       0.651765        4.60588        38.1011         16.453        14.4468         15.085       -1756.64     /gpfs/hpu/EHT2/IHARM_inc-5/MAD_a+0.94_384x192x192_IHARM/m_1_1_20/image_a+0.94_0050_168_0_230.e9_6.2e9_7.57527e+24_20.dat
        51       0.762085        4.76701        18.6941        28.7246        25.5073        26.4944       -2898.64     /gpfs/hpu/EHT2/IHARM_inc-5/MAD_a+0.94_384x192x192_IHARM/m_1_1_20/image_a+0.94_0051_168_0_230.e9_6.2e9_7.57527e+24_20.dat
        52       0.609769        4.92123        3.34322        20.6865        61.5705        43.0312       -4476.29     /gpfs/hpu/EHT2/IHARM_inc-5/MAD_a+0.94_384x192x192_IHARM/m_1_1_20/image_a+0.94_0052_168_0_230.e9_6.2e9_7.57527e+24_20.dat
        53       0.898687        4.45823        98.7224        18.1297        28.4209        23.5534        -3031.8     /gpfs/hpu/EHT2/IHARM_inc-5/MAD_a+0.94_384x192x192_IHARM/m_1_1_20/image_a+0.94_0053_168_0_230.e9_6.2e9_7.57527e+24_20.dat
        54       0.688961        4.90379        125.634        4.81567        13.5189        9.56593       -1254.69     /gpfs/hpu/EHT2/IHARM_inc-5/MAD_a+0.94_384x192x192_IHARM/m_1_1_20/image_a+0.94_0054_168_0_230.e9_6.2e9_7.57527e+24_20.dat
        55       0.537787        4.07486        56.6645        6.81718        11.2526        9.17023       -1203.58     /gpfs/hpu/EHT2/IHARM_inc-5/MAD_a+0.94_384x192x192_IHARM/m_1_1_20/image_a+0.94_0055_168_0_230.e9_6.2e9_7.57527e+24_20.dat
        56        0.63142        4.55277         55.857        2.36061        6.12171        4.40909       -801.041     /gpfs/hpu/EHT2/IHARM_inc-5/MAD_a+0.94_384x192x192_IHARM/m_1_1_20/image_a+0.94_0056_168_0_230.e9_6.2e9_7.57527e+24_20.dat
        57       0.586789        4.60031        100.932        4.53689         9.1871        7.04447       -998.768     /gpfs/hpu/EHT2/IHARM_inc-5/MAD_a+0.94_384x192x192_IHARM/m_1_1_20/image_a+0.94_0057_168_0_230.e9_6.2e9_7.57527e+24_20.dat
        58       0.472835        4.54693        67.9899        10.5784         20.095          15.69       -1824.48     /gpfs/hpu/EHT2/IHARM_inc-5/MAD_a+0.94_384x192x192_IHARM/m_1_1_20/image_a+0.94_0058_168_0_230.e9_6.2e9_7.57527e+24_20.dat
        59       0.455097        4.28101        101.483        10.4498         19.847        15.4972       -1802.38     /gpfs/hpu/EHT2/IHARM_inc-5/MAD_a+0.94_384x192x192_IHARM/m_1_1_20/image_a+0.94_0059_168_0_230.e9_6.2e9_7.57527e+24_20.dat
        60       0.432606        4.34435        113.002        7.15513        12.0875        9.77844       -1258.25     /gpfs/hpu/EHT2/IHARM_inc-5/MAD_a+0.94_384x192x192_IHARM/m_1_1_20/image_a+0.94_0060_168_0_230.e9_6.2e9_7.57527e+24_20.dat
        61       0.478018        4.30553         168.93        10.4503        22.0862        16.7388       -1939.92     /gpfs/hpu/EHT2/IHARM_inc-5/MAD_a+0.94_384x192x192_IHARM/m_1_1_20/image_a+0.94_0061_168_0_230.e9_6.2e9_7.57527e+24_20.dat
        62       0.546092        4.35255        57.5138        5.70341        14.3756        10.4227       -1325.63     /gpfs/hpu/EHT2/IHARM_inc-5/MAD_a+0.94_384x192x192_IHARM/m_1_1_20/image_a+0.94_0062_168_0_230.e9_6.2e9_7.57527e+24_20.dat
        63       0.642676        4.07573        129.547        2.65364        48.3213        27.9307       -3088.61     /gpfs/hpu/EHT2/IHARM_inc-5/MAD_a+0.94_384x192x192_IHARM/m_1_1_20/image_a+0.94_0063_168_0_230.e9_6.2e9_7.57527e+24_20.dat
        64       0.623549         4.4933        165.679        7.20381        21.6829        15.1191       -1811.96     /gpfs/hpu/EHT2/IHARM_inc-5/MAD_a+0.94_384x192x192_IHARM/m_1_1_20/image_a+0.94_0064_168_0_230.e9_6.2e9_7.57527e+24_20.dat
        65       0.549745        4.21549        134.745        2.62533        12.1587        7.86988       -1066.77     /gpfs/hpu/EHT2/IHARM_inc-5/MAD_a+0.94_384x192x192_IHARM/m_1_1_20/image_a+0.94_0065_168_0_230.e9_6.2e9_7.57527e+24_20.dat
        66       0.636924        4.11517        84.7529        5.64644        27.3902        17.6135       -2122.21     /gpfs/hpu/EHT2/IHARM_inc-5/MAD_a+0.94_384x192x192_IHARM/m_1_1_20/image_a+0.94_0066_168_0_230.e9_6.2e9_7.57527e+24_20.dat
        67       0.555987        4.26488        95.4266        7.73549        7.27233        7.35848       -1030.28     /gpfs/hpu/EHT2/IHARM_inc-5/MAD_a+0.94_384x192x192_IHARM/m_1_1_20/image_a+0.94_0067_168_0_230.e9_6.2e9_7.57527e+24_20.dat
        68        0.58636        4.07703       -222.822         16.147        8.54323        11.6804       -1457.36     /gpfs/hpu/EHT2/IHARM_inc-5/MAD_a+0.94_384x192x192_IHARM/m_1_1_20/image_a+0.94_0068_168_0_230.e9_6.2e9_7.57527e+24_20.dat
        69       0.489313        3.56529       -242.953        5.67611        7.89506        6.81807       -956.907     /gpfs/hpu/EHT2/IHARM_inc-5/MAD_a+0.94_384x192x192_IHARM/m_1_1_20/image_a+0.94_0069_168_0_230.e9_6.2e9_7.57527e+24_20.dat
        70        0.58672        4.24675       -279.961        6.92458        4.90677        5.69826       -841.443     /gpfs/hpu/EHT2/IHARM_inc-5/MAD_a+0.94_384x192x192_IHARM/m_1_1_20/image_a+0.94_0070_168_0_230.e9_6.2e9_7.57527e+24_20.dat
        71       0.786274        4.23496       -288.977        4.74469        6.09641        5.42034       -923.361     /gpfs/hpu/EHT2/IHARM_inc-5/MAD_a+0.94_384x192x192_IHARM/m_1_1_20/image_a+0.94_0071_168_0_230.e9_6.2e9_7.57527e+24_20.dat
        72       0.771203        4.21709       -314.104         16.141        13.4943        14.4228        -1755.7     /gpfs/hpu/EHT2/IHARM_inc-5/MAD_a+0.94_384x192x192_IHARM/m_1_1_20/image_a+0.94_0072_168_0_230.e9_6.2e9_7.57527e+24_20.dat
        73       0.575056        4.35935       -305.984         5.1062        15.4391        10.7554       -1339.56     /gpfs/hpu/EHT2/IHARM_inc-5/MAD_a+0.94_384x192x192_IHARM/m_1_1_20/image_a+0.94_0073_168_0_230.e9_6.2e9_7.57527e+24_20.dat
        74       0.552493        3.94817       -324.078        6.91951        23.6886        16.1088       -1898.72     /gpfs/hpu/EHT2/IHARM_inc-5/MAD_a+0.94_384x192x192_IHARM/m_1_1_20/image_a+0.94_0074_168_0_230.e9_6.2e9_7.57527e+24_20.dat
        75        0.56799        4.03951       -263.245        13.8548        20.2545        17.1875       -1986.31     /gpfs/hpu/EHT2/IHARM_inc-5/MAD_a+0.94_384x192x192_IHARM/m_1_1_20/image_a+0.94_0075_168_0_230.e9_6.2e9_7.57527e+24_20.dat
        76        0.78468        3.90703       -77.7988        3.67379        22.7728        14.2052       -1764.03     /gpfs/hpu/EHT2/IHARM_inc-5/MAD_a+0.94_384x192x192_IHARM/m_1_1_20/image_a+0.94_0076_168_0_230.e9_6.2e9_7.57527e+24_20.dat
        77       0.676844        4.12989       -206.062        9.83956        12.3625        11.0853       -1383.02     /gpfs/hpu/EHT2/IHARM_inc-5/MAD_a+0.94_384x192x192_IHARM/m_1_1_20/image_a+0.94_0077_168_0_230.e9_6.2e9_7.57527e+24_20.dat
        78       0.606372        4.31873        -240.82        8.80684        12.0603        10.4737       -1314.44     /gpfs/hpu/EHT2/IHARM_inc-5/MAD_a+0.94_384x192x192_IHARM/m_1_1_20/image_a+0.94_0078_168_0_230.e9_6.2e9_7.57527e+24_20.dat
        79       0.704756        3.73468       -335.476        12.7843        23.9679        18.7858       -2196.09     /gpfs/hpu/EHT2/IHARM_inc-5/MAD_a+0.94_384x192x192_IHARM/m_1_1_20/image_a+0.94_0079_168_0_230.e9_6.2e9_7.57527e+24_20.dat
        80        1.14028        4.21385       -286.524        24.8523        29.7407        27.1761       -3307.16     /gpfs/hpu/EHT2/IHARM_inc-5/MAD_a+0.94_384x192x192_IHARM/m_1_1_20/image_a+0.94_0080_168_0_230.e9_6.2e9_7.57527e+24_20.dat
        81       0.579546        4.52751       -276.627        8.66749        15.6759        12.4183       -1505.68     /gpfs/hpu/EHT2/IHARM_inc-5/MAD_a+0.94_384x192x192_IHARM/m_1_1_20/image_a+0.94_0081_168_0_230.e9_6.2e9_7.57527e+24_20.dat
        82       0.716816        4.42376       -162.847        6.04311        37.5591        23.4218       -2669.81     /gpfs/hpu/EHT2/IHARM_inc-5/MAD_a+0.94_384x192x192_IHARM/m_1_1_20/image_a+0.94_0082_168_0_230.e9_6.2e9_7.57527e+24_20.dat
        83       0.512384        4.27604       -306.189         13.284        32.9336        23.9713       -2633.63     /gpfs/hpu/EHT2/IHARM_inc-5/MAD_a+0.94_384x192x192_IHARM/m_1_1_20/image_a+0.94_0083_168_0_230.e9_6.2e9_7.57527e+24_20.dat
        84       0.511961        4.03466       -263.951        6.61906        10.8235        8.84711       -1165.33     /gpfs/hpu/EHT2/IHARM_inc-5/MAD_a+0.94_384x192x192_IHARM/m_1_1_20/image_a+0.94_0084_168_0_230.e9_6.2e9_7.57527e+24_20.dat
        85       0.605356        3.84144        -308.92        18.2245        27.0343        22.8254       -2525.41     /gpfs/hpu/EHT2/IHARM_inc-5/MAD_a+0.94_384x192x192_IHARM/m_1_1_20/image_a+0.94_0085_168_0_230.e9_6.2e9_7.57527e+24_20.dat
        86       0.633688        3.88643       -304.833        4.81446        121.467        69.4121       -8089.83     /gpfs/hpu/EHT2/IHARM_inc-5/MAD_a+0.94_384x192x192_IHARM/m_1_1_20/image_a+0.94_0086_168_0_230.e9_6.2e9_7.57527e+24_20.dat
        87       0.534112        4.31848       -245.278         9.8821         33.157        22.6322       -2614.13     /gpfs/hpu/EHT2/IHARM_inc-5/MAD_a+0.94_384x192x192_IHARM/m_1_1_20/image_a+0.94_0087_168_0_230.e9_6.2e9_7.57527e+24_20.dat
        88       0.681631        4.17139       -296.627        4.81571        69.7822        40.7586       -4454.81     /gpfs/hpu/EHT2/IHARM_inc-5/MAD_a+0.94_384x192x192_IHARM/m_1_1_20/image_a+0.94_0088_168_0_230.e9_6.2e9_7.57527e+24_20.dat
        89       0.934297        4.55263       -211.208        14.9589        35.1854          25.94       -3172.79     /gpfs/hpu/EHT2/IHARM_inc-5/MAD_a+0.94_384x192x192_IHARM/m_1_1_20/image_a+0.94_0089_168_0_230.e9_6.2e9_7.57527e+24_20.dat
        90       0.538003        3.71078       -220.552        13.9415        20.8447        17.5519       -2008.62     /gpfs/hpu/EHT2/IHARM_inc-5/MAD_a+0.94_384x192x192_IHARM/m_1_1_20/image_a+0.94_0090_168_0_230.e9_6.2e9_7.57527e+24_20.dat
        91       0.589052        3.95646       -295.432        27.5361        26.4625        26.5129       -2940.59     /gpfs/hpu/EHT2/IHARM_inc-5/MAD_a+0.94_384x192x192_IHARM/m_1_1_20/image_a+0.94_0091_168_0_230.e9_6.2e9_7.57527e+24_20.dat
        92       0.672752        4.20551       -285.726        9.11053        15.1062         12.293       -1544.34     /gpfs/hpu/EHT2/IHARM_inc-5/MAD_a+0.94_384x192x192_IHARM/m_1_1_20/image_a+0.94_0092_168_0_230.e9_6.2e9_7.57527e+24_20.dat
        93       0.540014        4.36926       -193.883        6.41599        14.2429        10.6555       -1350.11     /gpfs/hpu/EHT2/IHARM_inc-5/MAD_a+0.94_384x192x192_IHARM/m_1_1_20/image_a+0.94_0093_168_0_230.e9_6.2e9_7.57527e+24_20.dat
        94       0.658168        4.11938       -220.714        3.89075        28.5612        17.5077        -2016.1     /gpfs/hpu/EHT2/IHARM_inc-5/MAD_a+0.94_384x192x192_IHARM/m_1_1_20/image_a+0.94_0094_168_0_230.e9_6.2e9_7.57527e+24_20.dat
        95       0.610898        3.86767       -274.787        5.97717        7.63553        6.80367       -986.944     /gpfs/hpu/EHT2/IHARM_inc-5/MAD_a+0.94_384x192x192_IHARM/m_1_1_20/image_a+0.94_0095_168_0_230.e9_6.2e9_7.57527e+24_20.dat
        96       0.509571        4.15388       -273.902        2.39179        5.53283        4.09602       -685.779     /gpfs/hpu/EHT2/IHARM_inc-5/MAD_a+0.94_384x192x192_IHARM/m_1_1_20/image_a+0.94_0096_168_0_230.e9_6.2e9_7.57527e+24_20.dat
        97       0.604559        4.02446        -176.06        5.80882         19.105          13.09       -1591.89     /gpfs/hpu/EHT2/IHARM_inc-5/MAD_a+0.94_384x192x192_IHARM/m_1_1_20/image_a+0.94_0097_168_0_230.e9_6.2e9_7.57527e+24_20.dat
        98       0.550385         4.1667       -258.029        6.62008        8.93591        7.80108       -1070.44     /gpfs/hpu/EHT2/IHARM_inc-5/MAD_a+0.94_384x192x192_IHARM/m_1_1_20/image_a+0.94_0098_168_0_230.e9_6.2e9_7.57527e+24_20.dat
        99       0.597413        4.11133       -171.482        4.69673        16.3845        11.1035       -1420.47     /gpfs/hpu/EHT2/IHARM_inc-5/MAD_a+0.94_384x192x192_IHARM/m_1_1_20/image_a+0.94_0099_168_0_230.e9_6.2e9_7.57527e+24_20.dat
