   # Index         I (Jy)      M/D (uas)       PA (deg)  VA red. chisq  CP red. chisq     red. chisq     log-liklhd     FileName
         0        1.08547        4.78182       -281.142        26.6361        12.8416        18.5743       -2132.69     /gpfs/hpu/EHT2/IHARM_inc+5/MAD_a+0.94_384x192x192_IHARM/m_1_1_20/image_a+0.94_0000_158_0_230.e9_6.2e9_7.37722e+24_20.dat
         1       0.542424        4.51535        -288.89        17.3438        31.2437        24.7804       -2691.51     /gpfs/hpu/EHT2/IHARM_inc+5/MAD_a+0.94_384x192x192_IHARM/m_1_1_20/image_a+0.94_0001_158_0_230.e9_6.2e9_7.37722e+24_20.dat
         2       0.796723         4.3097       -314.375        15.7547         30.533         23.703       -2622.92     /gpfs/hpu/EHT2/IHARM_inc+5/MAD_a+0.94_384x192x192_IHARM/m_1_1_20/image_a+0.94_0002_158_0_230.e9_6.2e9_7.37722e+24_20.dat
         3       0.667961         3.9238       -314.928        31.4658             28        29.0552       -3173.01     /gpfs/hpu/EHT2/IHARM_inc+5/MAD_a+0.94_384x192x192_IHARM/m_1_1_20/image_a+0.94_0003_158_0_230.e9_6.2e9_7.37722e+24_20.dat
         4       0.712983        4.41033        -323.61         19.584         31.162        25.6985       -2821.55     /gpfs/hpu/EHT2/IHARM_inc+5/MAD_a+0.94_384x192x192_IHARM/m_1_1_20/image_a+0.94_0004_158_0_230.e9_6.2e9_7.37722e+24_20.dat
         5       0.663428        4.19162        -296.54        25.3368        13.6907        18.4863       -2105.26     /gpfs/hpu/EHT2/IHARM_inc+5/MAD_a+0.94_384x192x192_IHARM/m_1_1_20/image_a+0.94_0005_158_0_230.e9_6.2e9_7.37722e+24_20.dat
         6       0.749283        4.61916       -311.207        24.0674        19.5386        21.1825       -2388.54     /gpfs/hpu/EHT2/IHARM_inc+5/MAD_a+0.94_384x192x192_IHARM/m_1_1_20/image_a+0.94_0006_158_0_230.e9_6.2e9_7.37722e+24_20.dat
         7       0.704526        4.31092       -320.918        22.8389        34.2131        28.7898       -3161.82     /gpfs/hpu/EHT2/IHARM_inc+5/MAD_a+0.94_384x192x192_IHARM/m_1_1_20/image_a+0.94_0007_158_0_230.e9_6.2e9_7.37722e+24_20.dat
         8       0.558805         4.2755       -311.297        19.9329        25.7195        22.8312       -2533.42     /gpfs/hpu/EHT2/IHARM_inc+5/MAD_a+0.94_384x192x192_IHARM/m_1_1_20/image_a+0.94_0008_158_0_230.e9_6.2e9_7.37722e+24_20.dat
         9       0.511615        4.30683       -291.731        25.0493        18.4287        20.9895       -2332.72     /gpfs/hpu/EHT2/IHARM_inc+5/MAD_a+0.94_384x192x192_IHARM/m_1_1_20/image_a+0.94_0009_158_0_230.e9_6.2e9_7.37722e+24_20.dat
        10       0.588203        4.54916       -302.086        13.5808         12.158        12.5809       -1515.68     /gpfs/hpu/EHT2/IHARM_inc+5/MAD_a+0.94_384x192x192_IHARM/m_1_1_20/image_a+0.94_0010_158_0_230.e9_6.2e9_7.37722e+24_20.dat
        11        0.48351        4.34923       -317.046        6.46897        14.8689        11.0254       -1384.27     /gpfs/hpu/EHT2/IHARM_inc+5/MAD_a+0.94_384x192x192_IHARM/m_1_1_20/image_a+0.94_0011_158_0_230.e9_6.2e9_7.37722e+24_20.dat
        12       0.486168        4.23155       -274.913        9.78404        17.7465        14.0464       -1651.69     /gpfs/hpu/EHT2/IHARM_inc+5/MAD_a+0.94_384x192x192_IHARM/m_1_1_20/image_a+0.94_0012_158_0_230.e9_6.2e9_7.37722e+24_20.dat
        13       0.546602        4.20873       -304.064        21.3162        17.0907        18.6422          -2099     /gpfs/hpu/EHT2/IHARM_inc+5/MAD_a+0.94_384x192x192_IHARM/m_1_1_20/image_a+0.94_0013_158_0_230.e9_6.2e9_7.37722e+24_20.dat
        14       0.477009        4.08414       -311.283        9.09086        27.5498        19.1833       -2178.61     /gpfs/hpu/EHT2/IHARM_inc+5/MAD_a+0.94_384x192x192_IHARM/m_1_1_20/image_a+0.94_0014_158_0_230.e9_6.2e9_7.37722e+24_20.dat
        15       0.534414        4.31957       -304.329        18.1348        19.3976         18.553       -2110.83     /gpfs/hpu/EHT2/IHARM_inc+5/MAD_a+0.94_384x192x192_IHARM/m_1_1_20/image_a+0.94_0015_158_0_230.e9_6.2e9_7.37722e+24_20.dat
        16       0.672576         4.6478       -175.126        12.6471        31.5174        22.9123       -2552.57     /gpfs/hpu/EHT2/IHARM_inc+5/MAD_a+0.94_384x192x192_IHARM/m_1_1_20/image_a+0.94_0016_158_0_230.e9_6.2e9_7.37722e+24_20.dat
        17       0.576531        3.93016        -204.62        24.3172        36.8229        30.8724        -3312.4     /gpfs/hpu/EHT2/IHARM_inc+5/MAD_a+0.94_384x192x192_IHARM/m_1_1_20/image_a+0.94_0017_158_0_230.e9_6.2e9_7.37722e+24_20.dat
        18       0.597606        4.51689       -309.646        4.30346        17.6881        11.6571       -1454.21     /gpfs/hpu/EHT2/IHARM_inc+5/MAD_a+0.94_384x192x192_IHARM/m_1_1_20/image_a+0.94_0018_158_0_230.e9_6.2e9_7.37722e+24_20.dat
        19       0.532538         4.1749       -314.764        7.92867         30.984        20.5874       -2313.38     /gpfs/hpu/EHT2/IHARM_inc+5/MAD_a+0.94_384x192x192_IHARM/m_1_1_20/image_a+0.94_0019_158_0_230.e9_6.2e9_7.37722e+24_20.dat
        20       0.552161        4.28596       -206.478        12.4489        33.9466        24.1738       -2658.29     /gpfs/hpu/EHT2/IHARM_inc+5/MAD_a+0.94_384x192x192_IHARM/m_1_1_20/image_a+0.94_0020_158_0_230.e9_6.2e9_7.37722e+24_20.dat
        21       0.579616        4.35397       -331.348        10.0934        34.3466        23.3826       -2600.75     /gpfs/hpu/EHT2/IHARM_inc+5/MAD_a+0.94_384x192x192_IHARM/m_1_1_20/image_a+0.94_0021_158_0_230.e9_6.2e9_7.37722e+24_20.dat
        22       0.591255        4.18917       -334.574        6.73062         32.626        20.9825       -2378.28     /gpfs/hpu/EHT2/IHARM_inc+5/MAD_a+0.94_384x192x192_IHARM/m_1_1_20/image_a+0.94_0022_158_0_230.e9_6.2e9_7.37722e+24_20.dat
        23       0.634431        4.15974       -335.856        7.03339        18.5463        13.3068       -1602.91     /gpfs/hpu/EHT2/IHARM_inc+5/MAD_a+0.94_384x192x192_IHARM/m_1_1_20/image_a+0.94_0023_158_0_230.e9_6.2e9_7.37722e+24_20.dat
        24       0.604511        4.36877       -306.652        22.1592        25.4046         23.614       -2612.77     /gpfs/hpu/EHT2/IHARM_inc+5/MAD_a+0.94_384x192x192_IHARM/m_1_1_20/image_a+0.94_0024_158_0_230.e9_6.2e9_7.37722e+24_20.dat
        25       0.891317        4.49352       -344.763        3.19821        20.6771        12.8389       -1619.74     /gpfs/hpu/EHT2/IHARM_inc+5/MAD_a+0.94_384x192x192_IHARM/m_1_1_20/image_a+0.94_0025_158_0_230.e9_6.2e9_7.37722e+24_20.dat
        26       0.753179        3.54641       -284.545         25.377        17.7856        20.7739       -2394.57     /gpfs/hpu/EHT2/IHARM_inc+5/MAD_a+0.94_384x192x192_IHARM/m_1_1_20/image_a+0.94_0026_158_0_230.e9_6.2e9_7.37722e+24_20.dat
        27       0.715161        3.86464       -257.391        12.3654        35.1507        24.8055        -2737.9     /gpfs/hpu/EHT2/IHARM_inc+5/MAD_a+0.94_384x192x192_IHARM/m_1_1_20/image_a+0.94_0027_158_0_230.e9_6.2e9_7.37722e+24_20.dat
        28       0.652867        4.40105       -301.413        37.2321        20.9051        27.6016       -2978.02     /gpfs/hpu/EHT2/IHARM_inc+5/MAD_a+0.94_384x192x192_IHARM/m_1_1_20/image_a+0.94_0028_158_0_230.e9_6.2e9_7.37722e+24_20.dat
        29       0.541908        3.92207       -292.667        13.0077        9.41979        10.8164       -1357.12     /gpfs/hpu/EHT2/IHARM_inc+5/MAD_a+0.94_384x192x192_IHARM/m_1_1_20/image_a+0.94_0029_158_0_230.e9_6.2e9_7.37722e+24_20.dat
        30        0.76666        4.11338       -317.848        16.5304        23.3026         20.028       -2299.48     /gpfs/hpu/EHT2/IHARM_inc+5/MAD_a+0.94_384x192x192_IHARM/m_1_1_20/image_a+0.94_0030_158_0_230.e9_6.2e9_7.37722e+24_20.dat
        31       0.540729        4.44049       -319.863        13.8119        26.6414        20.7099       -2314.96     /gpfs/hpu/EHT2/IHARM_inc+5/MAD_a+0.94_384x192x192_IHARM/m_1_1_20/image_a+0.94_0031_158_0_230.e9_6.2e9_7.37722e+24_20.dat
        32       0.719022        4.51442       -287.836        26.4567        13.0951        18.6377       -2101.94     /gpfs/hpu/EHT2/IHARM_inc+5/MAD_a+0.94_384x192x192_IHARM/m_1_1_20/image_a+0.94_0032_158_0_230.e9_6.2e9_7.37722e+24_20.dat
        33       0.977187        4.12012       -192.849        20.9498        35.9502        28.9404       -3451.28     /gpfs/hpu/EHT2/IHARM_inc+5/MAD_a+0.94_384x192x192_IHARM/m_1_1_20/image_a+0.94_0033_158_0_230.e9_6.2e9_7.37722e+24_20.dat
        34       0.640088        4.36688        -197.95        7.29504        27.2688        18.2552       -2110.22     /gpfs/hpu/EHT2/IHARM_inc+5/MAD_a+0.94_384x192x192_IHARM/m_1_1_20/image_a+0.94_0034_158_0_230.e9_6.2e9_7.37722e+24_20.dat
        35       0.516418        4.33084       -312.845        13.0997        38.5861        27.0259       -2942.56     /gpfs/hpu/EHT2/IHARM_inc+5/MAD_a+0.94_384x192x192_IHARM/m_1_1_20/image_a+0.94_0035_158_0_230.e9_6.2e9_7.37722e+24_20.dat
        36         0.5847        4.03032       -321.345        15.3653        48.0298        33.2358       -3569.46     /gpfs/hpu/EHT2/IHARM_inc+5/MAD_a+0.94_384x192x192_IHARM/m_1_1_20/image_a+0.94_0036_158_0_230.e9_6.2e9_7.37722e+24_20.dat
        37       0.635378        4.29143       -309.326        16.7204        37.8866        28.1951       -3072.03     /gpfs/hpu/EHT2/IHARM_inc+5/MAD_a+0.94_384x192x192_IHARM/m_1_1_20/image_a+0.94_0037_158_0_230.e9_6.2e9_7.37722e+24_20.dat
        38       0.652025         4.7666       -322.521        22.8892        39.8209        31.9204       -3408.29     /gpfs/hpu/EHT2/IHARM_inc+5/MAD_a+0.94_384x192x192_IHARM/m_1_1_20/image_a+0.94_0038_158_0_230.e9_6.2e9_7.37722e+24_20.dat
        39       0.694879        4.80253        -205.97        10.7498        22.6506        17.1806       -1991.72     /gpfs/hpu/EHT2/IHARM_inc+5/MAD_a+0.94_384x192x192_IHARM/m_1_1_20/image_a+0.94_0039_158_0_230.e9_6.2e9_7.37722e+24_20.dat
        40       0.598647        4.42568       -197.782         5.1915        23.0577        15.0159       -1784.34     /gpfs/hpu/EHT2/IHARM_inc+5/MAD_a+0.94_384x192x192_IHARM/m_1_1_20/image_a+0.94_0040_158_0_230.e9_6.2e9_7.37722e+24_20.dat
        41        1.04619        4.66836        -197.28        23.3246        38.4902        31.3699       -3433.21     /gpfs/hpu/EHT2/IHARM_inc+5/MAD_a+0.94_384x192x192_IHARM/m_1_1_20/image_a+0.94_0041_158_0_230.e9_6.2e9_7.37722e+24_20.dat
        42       0.761121        4.69484        -228.17        7.41702         35.747         23.008       -2578.72     /gpfs/hpu/EHT2/IHARM_inc+5/MAD_a+0.94_384x192x192_IHARM/m_1_1_20/image_a+0.94_0042_158_0_230.e9_6.2e9_7.37722e+24_20.dat
        43       0.439637        4.12341       -190.689        11.0437         27.451        19.9683       -2267.46     /gpfs/hpu/EHT2/IHARM_inc+5/MAD_a+0.94_384x192x192_IHARM/m_1_1_20/image_a+0.94_0043_158_0_230.e9_6.2e9_7.37722e+24_20.dat
        44       0.441443        4.12004       -277.796        11.3806        17.7567        14.7386       -1734.61     /gpfs/hpu/EHT2/IHARM_inc+5/MAD_a+0.94_384x192x192_IHARM/m_1_1_20/image_a+0.94_0044_158_0_230.e9_6.2e9_7.37722e+24_20.dat
        45       0.631317        3.60934       -297.798        18.6323        16.4394         17.127       -2057.21     /gpfs/hpu/EHT2/IHARM_inc+5/MAD_a+0.94_384x192x192_IHARM/m_1_1_20/image_a+0.94_0045_158_0_230.e9_6.2e9_7.37722e+24_20.dat
        46       0.776612        3.93102       -144.185        3.74104        87.1421        49.9208       -6412.07     /gpfs/hpu/EHT2/IHARM_inc+5/MAD_a+0.94_384x192x192_IHARM/m_1_1_20/image_a+0.94_0046_158_0_230.e9_6.2e9_7.37722e+24_20.dat
        47       0.811139        4.55046       -151.662        26.9563        45.1879         36.645       -3926.85     /gpfs/hpu/EHT2/IHARM_inc+5/MAD_a+0.94_384x192x192_IHARM/m_1_1_20/image_a+0.94_0047_158_0_230.e9_6.2e9_7.37722e+24_20.dat
        48        1.13502        4.84721        -177.27          38.65        28.3008        32.3116       -3575.15     /gpfs/hpu/EHT2/IHARM_inc+5/MAD_a+0.94_384x192x192_IHARM/m_1_1_20/image_a+0.94_0048_158_0_230.e9_6.2e9_7.37722e+24_20.dat
        49       0.946447        4.80816       -177.171        19.8587         40.685        31.0962       -3488.61     /gpfs/hpu/EHT2/IHARM_inc+5/MAD_a+0.94_384x192x192_IHARM/m_1_1_20/image_a+0.94_0049_158_0_230.e9_6.2e9_7.37722e+24_20.dat
        50       0.693301         4.8935       -325.071        36.6935         22.092         28.028       -3019.24     /gpfs/hpu/EHT2/IHARM_inc+5/MAD_a+0.94_384x192x192_IHARM/m_1_1_20/image_a+0.94_0050_158_0_230.e9_6.2e9_7.37722e+24_20.dat
        51       0.803407        4.94966       -335.315        67.0597        42.1145        52.1876       -5811.82     /gpfs/hpu/EHT2/IHARM_inc+5/MAD_a+0.94_384x192x192_IHARM/m_1_1_20/image_a+0.94_0051_158_0_230.e9_6.2e9_7.37722e+24_20.dat
        52       0.608759        5.24726       -348.531        21.3476        74.3209        50.3844       -5206.28     /gpfs/hpu/EHT2/IHARM_inc+5/MAD_a+0.94_384x192x192_IHARM/m_1_1_20/image_a+0.94_0052_158_0_230.e9_6.2e9_7.37722e+24_20.dat
        53       0.529528        5.20251       -222.364         18.733        37.2325         28.698       -3077.49     /gpfs/hpu/EHT2/IHARM_inc+5/MAD_a+0.94_384x192x192_IHARM/m_1_1_20/image_a+0.94_0053_158_0_230.e9_6.2e9_7.37722e+24_20.dat
        54       0.490765         4.4391       -282.833         17.623        22.7245        20.1773       -2249.91     /gpfs/hpu/EHT2/IHARM_inc+5/MAD_a+0.94_384x192x192_IHARM/m_1_1_20/image_a+0.94_0054_158_0_230.e9_6.2e9_7.37722e+24_20.dat
        55        0.60304        4.39599       -308.534        4.82114        6.16606        5.49183       -847.745     /gpfs/hpu/EHT2/IHARM_inc+5/MAD_a+0.94_384x192x192_IHARM/m_1_1_20/image_a+0.94_0055_158_0_230.e9_6.2e9_7.37722e+24_20.dat
        56       0.593715        4.89374       -309.792        4.67422        7.55926        6.20104       -919.039     /gpfs/hpu/EHT2/IHARM_inc+5/MAD_a+0.94_384x192x192_IHARM/m_1_1_20/image_a+0.94_0056_158_0_230.e9_6.2e9_7.37722e+24_20.dat
        57        0.60372        4.63294       -283.901        41.2064        12.3873        24.5885       -2774.64     /gpfs/hpu/EHT2/IHARM_inc+5/MAD_a+0.94_384x192x192_IHARM/m_1_1_20/image_a+0.94_0057_158_0_230.e9_6.2e9_7.37722e+24_20.dat
        58       0.531419        4.97606       -308.983        23.8512        27.0973        25.2801        -2753.8     /gpfs/hpu/EHT2/IHARM_inc+5/MAD_a+0.94_384x192x192_IHARM/m_1_1_20/image_a+0.94_0058_158_0_230.e9_6.2e9_7.37722e+24_20.dat
        59       0.516413        4.66928       -284.075        20.2907        13.8483        16.4036       -1889.06     /gpfs/hpu/EHT2/IHARM_inc+5/MAD_a+0.94_384x192x192_IHARM/m_1_1_20/image_a+0.94_0059_158_0_230.e9_6.2e9_7.37722e+24_20.dat
        60       0.391389        4.46378       -286.286         14.944         22.191        18.7295       -2098.75     /gpfs/hpu/EHT2/IHARM_inc+5/MAD_a+0.94_384x192x192_IHARM/m_1_1_20/image_a+0.94_0060_158_0_230.e9_6.2e9_7.37722e+24_20.dat
        61       0.465776        4.64185       -312.378        25.2432        36.9031        31.3151       -3350.08     /gpfs/hpu/EHT2/IHARM_inc+5/MAD_a+0.94_384x192x192_IHARM/m_1_1_20/image_a+0.94_0061_158_0_230.e9_6.2e9_7.37722e+24_20.dat
        62       0.519129        4.56155       -314.615        11.0811        19.2465        15.4358       -1786.73     /gpfs/hpu/EHT2/IHARM_inc+5/MAD_a+0.94_384x192x192_IHARM/m_1_1_20/image_a+0.94_0062_158_0_230.e9_6.2e9_7.37722e+24_20.dat
        63       0.463754        3.78998       -263.647        14.9552        12.0329        13.1026       -1585.61     /gpfs/hpu/EHT2/IHARM_inc+5/MAD_a+0.94_384x192x192_IHARM/m_1_1_20/image_a+0.94_0063_158_0_230.e9_6.2e9_7.37722e+24_20.dat
        64       0.600644        4.69201       -181.043         12.824        25.4898        19.6466       -2243.39     /gpfs/hpu/EHT2/IHARM_inc+5/MAD_a+0.94_384x192x192_IHARM/m_1_1_20/image_a+0.94_0064_158_0_230.e9_6.2e9_7.37722e+24_20.dat
        65       0.408616        3.93731       -259.329         9.2984        12.0148        10.6599       -1332.16     /gpfs/hpu/EHT2/IHARM_inc+5/MAD_a+0.94_384x192x192_IHARM/m_1_1_20/image_a+0.94_0065_158_0_230.e9_6.2e9_7.37722e+24_20.dat
        66       0.819468        4.08523       -291.488        6.68864        15.8406        11.6585       -1497.32     /gpfs/hpu/EHT2/IHARM_inc+5/MAD_a+0.94_384x192x192_IHARM/m_1_1_20/image_a+0.94_0066_158_0_230.e9_6.2e9_7.37722e+24_20.dat
        67       0.566111        4.23144        -276.11        8.88281        16.1884         12.795        -1541.2     /gpfs/hpu/EHT2/IHARM_inc+5/MAD_a+0.94_384x192x192_IHARM/m_1_1_20/image_a+0.94_0067_158_0_230.e9_6.2e9_7.37722e+24_20.dat
        68       0.584896        4.08051       -251.745        13.1653        7.02326        9.55547        -1228.8     /gpfs/hpu/EHT2/IHARM_inc+5/MAD_a+0.94_384x192x192_IHARM/m_1_1_20/image_a+0.94_0068_158_0_230.e9_6.2e9_7.37722e+24_20.dat
        69        0.61084        3.50283       -280.859        29.1762        28.9607        28.6032       -3096.51     /gpfs/hpu/EHT2/IHARM_inc+5/MAD_a+0.94_384x192x192_IHARM/m_1_1_20/image_a+0.94_0069_158_0_230.e9_6.2e9_7.37722e+24_20.dat
        70       0.631728        4.20703       -291.327        12.0361        9.25217        10.3056       -1297.21     /gpfs/hpu/EHT2/IHARM_inc+5/MAD_a+0.94_384x192x192_IHARM/m_1_1_20/image_a+0.94_0070_158_0_230.e9_6.2e9_7.37722e+24_20.dat
        71        0.80219        4.03278       -301.643         18.122        13.0669        15.0377       -1913.45     /gpfs/hpu/EHT2/IHARM_inc+5/MAD_a+0.94_384x192x192_IHARM/m_1_1_20/image_a+0.94_0071_158_0_230.e9_6.2e9_7.37722e+24_20.dat
        72       0.954196         4.4419       -320.857        29.6595        11.0518        18.8823       -2207.99     /gpfs/hpu/EHT2/IHARM_inc+5/MAD_a+0.94_384x192x192_IHARM/m_1_1_20/image_a+0.94_0072_158_0_230.e9_6.2e9_7.37722e+24_20.dat
        73       0.649104         4.4078       -313.576        11.6702        25.8794        19.3664        -2222.1     /gpfs/hpu/EHT2/IHARM_inc+5/MAD_a+0.94_384x192x192_IHARM/m_1_1_20/image_a+0.94_0073_158_0_230.e9_6.2e9_7.37722e+24_20.dat
        74       0.675964        4.15852       -326.515        10.0949        26.1275        18.8265       -2211.24     /gpfs/hpu/EHT2/IHARM_inc+5/MAD_a+0.94_384x192x192_IHARM/m_1_1_20/image_a+0.94_0074_158_0_230.e9_6.2e9_7.37722e+24_20.dat
        75       0.606604        4.40196       -327.445        27.2008        39.8006        33.7633       -3581.18     /gpfs/hpu/EHT2/IHARM_inc+5/MAD_a+0.94_384x192x192_IHARM/m_1_1_20/image_a+0.94_0075_158_0_230.e9_6.2e9_7.37722e+24_20.dat
        76       0.575423        3.84634       -197.512        8.67332        13.7561        11.3564       -1415.31     /gpfs/hpu/EHT2/IHARM_inc+5/MAD_a+0.94_384x192x192_IHARM/m_1_1_20/image_a+0.94_0076_158_0_230.e9_6.2e9_7.37722e+24_20.dat
        77       0.576059        4.38384        -229.25         12.729        17.0957         14.952       -1757.78     /gpfs/hpu/EHT2/IHARM_inc+5/MAD_a+0.94_384x192x192_IHARM/m_1_1_20/image_a+0.94_0077_158_0_230.e9_6.2e9_7.37722e+24_20.dat
        78       0.569564        4.43628       -258.667        12.1109        13.6601        12.7816       -1531.55     /gpfs/hpu/EHT2/IHARM_inc+5/MAD_a+0.94_384x192x192_IHARM/m_1_1_20/image_a+0.94_0078_158_0_230.e9_6.2e9_7.37722e+24_20.dat
        79       0.778722        3.89697        -258.74        17.8094        22.3512        20.0506       -2320.34     /gpfs/hpu/EHT2/IHARM_inc+5/MAD_a+0.94_384x192x192_IHARM/m_1_1_20/image_a+0.94_0079_158_0_230.e9_6.2e9_7.37722e+24_20.dat
        80       0.822533        3.56047       -192.076        29.7266          60.39        46.2645       -4999.11     /gpfs/hpu/EHT2/IHARM_inc+5/MAD_a+0.94_384x192x192_IHARM/m_1_1_20/image_a+0.94_0080_158_0_230.e9_6.2e9_7.37722e+24_20.dat
        81       0.578593        4.70837       -284.662        20.6689        12.7115         15.936       -1830.55     /gpfs/hpu/EHT2/IHARM_inc+5/MAD_a+0.94_384x192x192_IHARM/m_1_1_20/image_a+0.94_0081_158_0_230.e9_6.2e9_7.37722e+24_20.dat
        82       0.692771        4.56134       -291.459        34.0274        21.1964        26.3849       -2887.35     /gpfs/hpu/EHT2/IHARM_inc+5/MAD_a+0.94_384x192x192_IHARM/m_1_1_20/image_a+0.94_0082_158_0_230.e9_6.2e9_7.37722e+24_20.dat
        83       0.514909        4.47179        -311.75        17.0753         29.939        23.9416       -2612.14     /gpfs/hpu/EHT2/IHARM_inc+5/MAD_a+0.94_384x192x192_IHARM/m_1_1_20/image_a+0.94_0083_158_0_230.e9_6.2e9_7.37722e+24_20.dat
        84       0.498709        4.04495        -295.53        10.8391        26.3782        19.2856       -2191.67     /gpfs/hpu/EHT2/IHARM_inc+5/MAD_a+0.94_384x192x192_IHARM/m_1_1_20/image_a+0.94_0084_158_0_230.e9_6.2e9_7.37722e+24_20.dat
        85       0.624066          3.974       -202.488        4.29434        16.2864         10.876       -1409.13     /gpfs/hpu/EHT2/IHARM_inc+5/MAD_a+0.94_384x192x192_IHARM/m_1_1_20/image_a+0.94_0085_158_0_230.e9_6.2e9_7.37722e+24_20.dat
        86       0.514477        3.94145       -224.815        7.36459        11.9711          9.804       -1266.82     /gpfs/hpu/EHT2/IHARM_inc+5/MAD_a+0.94_384x192x192_IHARM/m_1_1_20/image_a+0.94_0086_158_0_230.e9_6.2e9_7.37722e+24_20.dat
        87       0.486284        4.18824       -263.842         7.2219        9.15036        8.17879       -1105.94     /gpfs/hpu/EHT2/IHARM_inc+5/MAD_a+0.94_384x192x192_IHARM/m_1_1_20/image_a+0.94_0087_158_0_230.e9_6.2e9_7.37722e+24_20.dat
        88       0.552606        3.96191       -202.014        6.00914        13.4606        10.0469       -1359.79     /gpfs/hpu/EHT2/IHARM_inc+5/MAD_a+0.94_384x192x192_IHARM/m_1_1_20/image_a+0.94_0088_158_0_230.e9_6.2e9_7.37722e+24_20.dat
        89       0.792961         4.9324        -192.38           10.4        24.0099        17.7838       -2060.28     /gpfs/hpu/EHT2/IHARM_inc+5/MAD_a+0.94_384x192x192_IHARM/m_1_1_20/image_a+0.94_0089_158_0_230.e9_6.2e9_7.37722e+24_20.dat
        90       0.604183        3.80435       -194.674        25.1968        62.4225        45.4432       -4757.62     /gpfs/hpu/EHT2/IHARM_inc+5/MAD_a+0.94_384x192x192_IHARM/m_1_1_20/image_a+0.94_0090_158_0_230.e9_6.2e9_7.37722e+24_20.dat
        91       0.568496        4.53574       -306.719        17.0474         23.587         20.408       -2285.22     /gpfs/hpu/EHT2/IHARM_inc+5/MAD_a+0.94_384x192x192_IHARM/m_1_1_20/image_a+0.94_0091_158_0_230.e9_6.2e9_7.37722e+24_20.dat
        92       0.710592        4.24546       -160.122        14.5585         30.948        23.4186       -2603.79     /gpfs/hpu/EHT2/IHARM_inc+5/MAD_a+0.94_384x192x192_IHARM/m_1_1_20/image_a+0.94_0092_158_0_230.e9_6.2e9_7.37722e+24_20.dat
        93       0.624778        4.66786        -186.48        26.4736        32.9014        29.6257       -3199.35     /gpfs/hpu/EHT2/IHARM_inc+5/MAD_a+0.94_384x192x192_IHARM/m_1_1_20/image_a+0.94_0093_158_0_230.e9_6.2e9_7.37722e+24_20.dat
        94       0.685799        4.44435        -195.61          27.81        27.6569        27.2928       -2936.35     /gpfs/hpu/EHT2/IHARM_inc+5/MAD_a+0.94_384x192x192_IHARM/m_1_1_20/image_a+0.94_0094_158_0_230.e9_6.2e9_7.37722e+24_20.dat
        95       0.510049        3.99781       -293.159        14.3683        17.3905        15.8205       -1830.09     /gpfs/hpu/EHT2/IHARM_inc+5/MAD_a+0.94_384x192x192_IHARM/m_1_1_20/image_a+0.94_0095_158_0_230.e9_6.2e9_7.37722e+24_20.dat
        96       0.417102        4.28039       -304.832        16.0344        14.4958        14.9321       -1758.29     /gpfs/hpu/EHT2/IHARM_inc+5/MAD_a+0.94_384x192x192_IHARM/m_1_1_20/image_a+0.94_0096_158_0_230.e9_6.2e9_7.37722e+24_20.dat
        97       0.443696        4.10584       -300.303         10.272        27.8191        19.8405       -2220.27     /gpfs/hpu/EHT2/IHARM_inc+5/MAD_a+0.94_384x192x192_IHARM/m_1_1_20/image_a+0.94_0097_158_0_230.e9_6.2e9_7.37722e+24_20.dat
        98        0.62506        4.19348       -291.064        16.6582        16.5713        16.3511       -1897.17     /gpfs/hpu/EHT2/IHARM_inc+5/MAD_a+0.94_384x192x192_IHARM/m_1_1_20/image_a+0.94_0098_158_0_230.e9_6.2e9_7.37722e+24_20.dat
        99       0.501915        4.45149       -293.836          14.14        29.8323        22.6201       -2480.91     /gpfs/hpu/EHT2/IHARM_inc+5/MAD_a+0.94_384x192x192_IHARM/m_1_1_20/image_a+0.94_0099_158_0_230.e9_6.2e9_7.37722e+24_20.dat
