   # Index         I (Jy)      M/D (uas)       PA (deg)  VA red. chisq  CP red. chisq     red. chisq     log-liklhd     FileName
         0       0.820662        3.85879        97.8261        24.5645        47.0146        36.8984       -2839.61     /gpfs/hpu/EHT2/KORAL/SANE/SANE_a+0.75_300x192x192_KORAL/m_1_1_160/image_a+0.75_900_163_0_230.e9_6.2e9_1.52787e+29_160.dat
         1       0.533664        3.75563         190.89        36.8496        27.2573        30.5353       -2412.91     /gpfs/hpu/EHT2/KORAL/SANE/SANE_a+0.75_300x192x192_KORAL/m_1_1_160/image_a+0.75_901_163_0_230.e9_6.2e9_1.52787e+29_160.dat
         2       0.779743        3.80369        193.875        28.3295        25.2615         25.945       -2163.38     /gpfs/hpu/EHT2/KORAL/SANE/SANE_a+0.75_300x192x192_KORAL/m_1_1_160/image_a+0.75_902_163_0_230.e9_6.2e9_1.52787e+29_160.dat
         3       0.707008        3.66523         210.02        25.4003        20.7672        22.1828       -1891.61     /gpfs/hpu/EHT2/KORAL/SANE/SANE_a+0.75_300x192x192_KORAL/m_1_1_160/image_a+0.75_903_163_0_230.e9_6.2e9_1.52787e+29_160.dat
         4       0.632892        3.73023        202.377        50.1188        26.7643        35.6187       -2781.46     /gpfs/hpu/EHT2/KORAL/SANE/SANE_a+0.75_300x192x192_KORAL/m_1_1_160/image_a+0.75_904_163_0_230.e9_6.2e9_1.52787e+29_160.dat
         5       0.604925        3.55108        185.569        62.9386        21.4508        37.7557       -2918.58     /gpfs/hpu/EHT2/KORAL/SANE/SANE_a+0.75_300x192x192_KORAL/m_1_1_160/image_a+0.75_905_163_0_230.e9_6.2e9_1.52787e+29_160.dat
         6       0.631172        3.81297        92.2249        16.9157        37.2747        28.2191        -2213.4     /gpfs/hpu/EHT2/KORAL/SANE/SANE_a+0.75_300x192x192_KORAL/m_1_1_160/image_a+0.75_906_163_0_230.e9_6.2e9_1.52787e+29_160.dat
         7       0.618489          3.888        133.233        34.3487        27.9004        29.8927        -2342.8     /gpfs/hpu/EHT2/KORAL/SANE/SANE_a+0.75_300x192x192_KORAL/m_1_1_160/image_a+0.75_907_163_0_230.e9_6.2e9_1.52787e+29_160.dat
         8       0.722624        3.99884        98.4513        16.2226        44.3211        31.9801          -2481     /gpfs/hpu/EHT2/KORAL/SANE/SANE_a+0.75_300x192x192_KORAL/m_1_1_160/image_a+0.75_908_163_0_230.e9_6.2e9_1.52787e+29_160.dat
         9       0.832259        3.42696        191.191        46.2113        29.6895        35.7162       -2830.29     /gpfs/hpu/EHT2/KORAL/SANE/SANE_a+0.75_300x192x192_KORAL/m_1_1_160/image_a+0.75_909_163_0_230.e9_6.2e9_1.52787e+29_160.dat
        10       0.850552        3.72739         207.94        31.4275        23.4069        26.1342       -2175.62     /gpfs/hpu/EHT2/KORAL/SANE/SANE_a+0.75_300x192x192_KORAL/m_1_1_160/image_a+0.75_910_163_0_230.e9_6.2e9_1.52787e+29_160.dat
        11       0.716358        3.55083        195.415         52.715        21.1151        33.4287       -2652.85     /gpfs/hpu/EHT2/KORAL/SANE/SANE_a+0.75_300x192x192_KORAL/m_1_1_160/image_a+0.75_911_163_0_230.e9_6.2e9_1.52787e+29_160.dat
        12       0.507566        3.44982        182.771         52.686        19.7411        32.6289       -2557.91     /gpfs/hpu/EHT2/KORAL/SANE/SANE_a+0.75_300x192x192_KORAL/m_1_1_160/image_a+0.75_912_163_0_230.e9_6.2e9_1.52787e+29_160.dat
        13       0.518052        3.38227        175.696        68.2128        26.7185        42.9099       -3239.36     /gpfs/hpu/EHT2/KORAL/SANE/SANE_a+0.75_300x192x192_KORAL/m_1_1_160/image_a+0.75_913_163_0_230.e9_6.2e9_1.52787e+29_160.dat
        14       0.543101         3.3471        171.245        81.7634        30.2791        50.4321       -3751.53     /gpfs/hpu/EHT2/KORAL/SANE/SANE_a+0.75_300x192x192_KORAL/m_1_1_160/image_a+0.75_914_163_0_230.e9_6.2e9_1.52787e+29_160.dat
        15       0.591464        3.33477        164.013        84.2719        41.5551        57.9136       -4258.36     /gpfs/hpu/EHT2/KORAL/SANE/SANE_a+0.75_300x192x192_KORAL/m_1_1_160/image_a+0.75_915_163_0_230.e9_6.2e9_1.52787e+29_160.dat
        16       0.601297        3.77703        73.9338        21.7864        42.6368        33.2641       -2550.88     /gpfs/hpu/EHT2/KORAL/SANE/SANE_a+0.75_300x192x192_KORAL/m_1_1_160/image_a+0.75_916_163_0_230.e9_6.2e9_1.52787e+29_160.dat
        17       0.565329        3.52605       -192.186        41.9278        27.4635        32.7072       -2520.48     /gpfs/hpu/EHT2/KORAL/SANE/SANE_a+0.75_300x192x192_KORAL/m_1_1_160/image_a+0.75_917_163_0_230.e9_6.2e9_1.52787e+29_160.dat
        18       0.670577        3.55851       -262.613        23.2147        47.5031        36.6327       -2798.12     /gpfs/hpu/EHT2/KORAL/SANE/SANE_a+0.75_300x192x192_KORAL/m_1_1_160/image_a+0.75_918_163_0_230.e9_6.2e9_1.52787e+29_160.dat
        19       0.505941        3.24626       -193.582        55.2636        38.5216        44.4425       -3351.68     /gpfs/hpu/EHT2/KORAL/SANE/SANE_a+0.75_300x192x192_KORAL/m_1_1_160/image_a+0.75_919_163_0_230.e9_6.2e9_1.52787e+29_160.dat
        20       0.798127        3.54375       -175.813        49.2813        18.5426        30.5646       -2486.26     /gpfs/hpu/EHT2/KORAL/SANE/SANE_a+0.75_300x192x192_KORAL/m_1_1_160/image_a+0.75_920_163_0_230.e9_6.2e9_1.52787e+29_160.dat
        21       0.595577        3.61603       -181.699        41.7022        18.3201         27.372       -2209.47     /gpfs/hpu/EHT2/KORAL/SANE/SANE_a+0.75_300x192x192_KORAL/m_1_1_160/image_a+0.75_921_163_0_230.e9_6.2e9_1.52787e+29_160.dat
        22       0.558106        3.54115       -185.748        42.2213        16.2126        26.3732        -2129.1     /gpfs/hpu/EHT2/KORAL/SANE/SANE_a+0.75_300x192x192_KORAL/m_1_1_160/image_a+0.75_922_163_0_230.e9_6.2e9_1.52787e+29_160.dat
        23       0.454918        3.63296       -180.438        31.6758        15.0171        21.4228       -1778.33     /gpfs/hpu/EHT2/KORAL/SANE/SANE_a+0.75_300x192x192_KORAL/m_1_1_160/image_a+0.75_923_163_0_230.e9_6.2e9_1.52787e+29_160.dat
        24       0.643675        3.69123       -257.209         31.859        27.9247        28.8998       -2285.58     /gpfs/hpu/EHT2/KORAL/SANE/SANE_a+0.75_300x192x192_KORAL/m_1_1_160/image_a+0.75_924_163_0_230.e9_6.2e9_1.52787e+29_160.dat
        25       0.639453        3.70133       -260.096        29.7684        32.8778        30.8951          -2407     /gpfs/hpu/EHT2/KORAL/SANE/SANE_a+0.75_300x192x192_KORAL/m_1_1_160/image_a+0.75_925_163_0_230.e9_6.2e9_1.52787e+29_160.dat
        26       0.545272         3.7208       -267.877        20.7558        37.1832        29.7195       -2312.12     /gpfs/hpu/EHT2/KORAL/SANE/SANE_a+0.75_300x192x192_KORAL/m_1_1_160/image_a+0.75_926_163_0_230.e9_6.2e9_1.52787e+29_160.dat
        27       0.474294         3.6143       -191.057        50.8069        30.6466        38.1236       -2907.06     /gpfs/hpu/EHT2/KORAL/SANE/SANE_a+0.75_300x192x192_KORAL/m_1_1_160/image_a+0.75_927_163_0_230.e9_6.2e9_1.52787e+29_160.dat
        28       0.583499        3.59277       -191.248        50.2385        45.5025        46.4141       -3500.92     /gpfs/hpu/EHT2/KORAL/SANE/SANE_a+0.75_300x192x192_KORAL/m_1_1_160/image_a+0.75_928_163_0_230.e9_6.2e9_1.52787e+29_160.dat
        29       0.625179        3.65818       -223.628        63.0783        21.9977        38.1259       -2904.12     /gpfs/hpu/EHT2/KORAL/SANE/SANE_a+0.75_300x192x192_KORAL/m_1_1_160/image_a+0.75_929_163_0_230.e9_6.2e9_1.52787e+29_160.dat
        30       0.869491         3.7755       -279.413        21.0126        35.6564        28.9478       -2283.67     /gpfs/hpu/EHT2/KORAL/SANE/SANE_a+0.75_300x192x192_KORAL/m_1_1_160/image_a+0.75_930_163_0_230.e9_6.2e9_1.52787e+29_160.dat
        31       0.712029        3.78809        -225.12        33.6851        14.8481        22.1385       -1835.98     /gpfs/hpu/EHT2/KORAL/SANE/SANE_a+0.75_300x192x192_KORAL/m_1_1_160/image_a+0.75_931_163_0_230.e9_6.2e9_1.52787e+29_160.dat
        32       0.473916        3.60836       -171.397        44.1555        23.0052        31.0512       -2404.44     /gpfs/hpu/EHT2/KORAL/SANE/SANE_a+0.75_300x192x192_KORAL/m_1_1_160/image_a+0.75_932_163_0_230.e9_6.2e9_1.52787e+29_160.dat
        33       0.487746        3.60635       -180.154        29.3314        18.7852        22.6358       -1874.22     /gpfs/hpu/EHT2/KORAL/SANE/SANE_a+0.75_300x192x192_KORAL/m_1_1_160/image_a+0.75_933_163_0_230.e9_6.2e9_1.52787e+29_160.dat
        34       0.500244        3.69901       -184.033        27.2533        16.0987        20.2546       -1706.94     /gpfs/hpu/EHT2/KORAL/SANE/SANE_a+0.75_300x192x192_KORAL/m_1_1_160/image_a+0.75_934_163_0_230.e9_6.2e9_1.52787e+29_160.dat
        35       0.463055        3.73303       -271.522        13.3978        27.8867        21.4121       -1732.61     /gpfs/hpu/EHT2/KORAL/SANE/SANE_a+0.75_300x192x192_KORAL/m_1_1_160/image_a+0.75_935_163_0_230.e9_6.2e9_1.52787e+29_160.dat
        36       0.493101          3.538        -186.64        45.1275        20.5748        30.0503       -2367.54     /gpfs/hpu/EHT2/KORAL/SANE/SANE_a+0.75_300x192x192_KORAL/m_1_1_160/image_a+0.75_936_163_0_230.e9_6.2e9_1.52787e+29_160.dat
        37       0.462353         3.6597       -190.309        41.7036        19.3227        27.9476       -2214.35     /gpfs/hpu/EHT2/KORAL/SANE/SANE_a+0.75_300x192x192_KORAL/m_1_1_160/image_a+0.75_937_163_0_230.e9_6.2e9_1.52787e+29_160.dat
        38       0.518663        3.45234       -187.673        49.6904        18.6961        30.8182       -2436.49     /gpfs/hpu/EHT2/KORAL/SANE/SANE_a+0.75_300x192x192_KORAL/m_1_1_160/image_a+0.75_938_163_0_230.e9_6.2e9_1.52787e+29_160.dat
        39       0.513701        3.67952       -181.422        48.2324        16.0557        28.7141       -2280.03     /gpfs/hpu/EHT2/KORAL/SANE/SANE_a+0.75_300x192x192_KORAL/m_1_1_160/image_a+0.75_939_163_0_230.e9_6.2e9_1.52787e+29_160.dat
        40       0.489407        3.69794       -180.303        40.5914        19.1207        27.3819       -2186.25     /gpfs/hpu/EHT2/KORAL/SANE/SANE_a+0.75_300x192x192_KORAL/m_1_1_160/image_a+0.75_940_163_0_230.e9_6.2e9_1.52787e+29_160.dat
        41       0.619045        3.68329       -165.892        42.4397        17.5842        27.2482       -2200.92     /gpfs/hpu/EHT2/KORAL/SANE/SANE_a+0.75_300x192x192_KORAL/m_1_1_160/image_a+0.75_941_163_0_230.e9_6.2e9_1.52787e+29_160.dat
        42       0.609863         3.6452       -165.743        40.0392         17.661        26.3214       -2140.18     /gpfs/hpu/EHT2/KORAL/SANE/SANE_a+0.75_300x192x192_KORAL/m_1_1_160/image_a+0.75_942_163_0_230.e9_6.2e9_1.52787e+29_160.dat
        43       0.543207        3.61355       -163.188        41.9898        22.7146        30.0086       -2380.37     /gpfs/hpu/EHT2/KORAL/SANE/SANE_a+0.75_300x192x192_KORAL/m_1_1_160/image_a+0.75_943_163_0_230.e9_6.2e9_1.52787e+29_160.dat
        44       0.471323        3.51603       -173.409        66.7927        32.3202        45.5483       -3434.74     /gpfs/hpu/EHT2/KORAL/SANE/SANE_a+0.75_300x192x192_KORAL/m_1_1_160/image_a+0.75_944_163_0_230.e9_6.2e9_1.52787e+29_160.dat
        45       0.549231        3.52519       -177.685        66.4316        24.2123        40.7522       -3092.55     /gpfs/hpu/EHT2/KORAL/SANE/SANE_a+0.75_300x192x192_KORAL/m_1_1_160/image_a+0.75_945_163_0_230.e9_6.2e9_1.52787e+29_160.dat
        46       0.527206        3.52812        -172.76          55.37        24.8341        36.6354       -2831.59     /gpfs/hpu/EHT2/KORAL/SANE/SANE_a+0.75_300x192x192_KORAL/m_1_1_160/image_a+0.75_946_163_0_230.e9_6.2e9_1.52787e+29_160.dat
        47       0.549597        3.53057       -171.479        55.5002        35.0679        42.5574       -3249.48     /gpfs/hpu/EHT2/KORAL/SANE/SANE_a+0.75_300x192x192_KORAL/m_1_1_160/image_a+0.75_947_163_0_230.e9_6.2e9_1.52787e+29_160.dat
        48       0.578111        3.52922       -170.204        66.9041        55.9197        59.1284       -4372.76     /gpfs/hpu/EHT2/KORAL/SANE/SANE_a+0.75_300x192x192_KORAL/m_1_1_160/image_a+0.75_948_163_0_230.e9_6.2e9_1.52787e+29_160.dat
        49        2.26577        5.34372       -248.713        50.8207        35.4867        40.9051        -3243.8     /gpfs/hpu/EHT2/KORAL/SANE/SANE_a+0.75_300x192x192_KORAL/m_1_1_160/image_a+0.75_949_163_0_230.e9_6.2e9_1.52787e+29_160.dat
        50       0.536579        3.60648       -185.805         71.028        36.8392        49.8529       -3727.37     /gpfs/hpu/EHT2/KORAL/SANE/SANE_a+0.75_300x192x192_KORAL/m_1_1_160/image_a+0.75_950_163_0_230.e9_6.2e9_1.52787e+29_160.dat
        51       0.539802        3.52759       -193.614        68.0738        26.9651        42.9951       -3245.09     /gpfs/hpu/EHT2/KORAL/SANE/SANE_a+0.75_300x192x192_KORAL/m_1_1_160/image_a+0.75_951_163_0_230.e9_6.2e9_1.52787e+29_160.dat
        52       0.452065        3.45404       -189.312        51.5876        23.2516        34.1981       -2642.78     /gpfs/hpu/EHT2/KORAL/SANE/SANE_a+0.75_300x192x192_KORAL/m_1_1_160/image_a+0.75_952_163_0_230.e9_6.2e9_1.52787e+29_160.dat
        53       0.451216        3.30292       -192.872        37.0437        22.0805        27.6447       -2195.03     /gpfs/hpu/EHT2/KORAL/SANE/SANE_a+0.75_300x192x192_KORAL/m_1_1_160/image_a+0.75_953_163_0_230.e9_6.2e9_1.52787e+29_160.dat
        54       0.640955        3.22462       -173.577        36.4788        17.7624        24.9397       -2087.18     /gpfs/hpu/EHT2/KORAL/SANE/SANE_a+0.75_300x192x192_KORAL/m_1_1_160/image_a+0.75_954_163_0_230.e9_6.2e9_1.52787e+29_160.dat
        55       0.539197          3.219       -166.878        34.5701        17.0673        23.7691       -1984.35     /gpfs/hpu/EHT2/KORAL/SANE/SANE_a+0.75_300x192x192_KORAL/m_1_1_160/image_a+0.75_955_163_0_230.e9_6.2e9_1.52787e+29_160.dat
        56       0.606523        3.30678       -164.708         50.917        19.7472         31.917       -2551.81     /gpfs/hpu/EHT2/KORAL/SANE/SANE_a+0.75_300x192x192_KORAL/m_1_1_160/image_a+0.75_956_163_0_230.e9_6.2e9_1.52787e+29_160.dat
        57       0.828995        3.50544       -158.937        59.2373        22.7507        37.0045        -2956.3     /gpfs/hpu/EHT2/KORAL/SANE/SANE_a+0.75_300x192x192_KORAL/m_1_1_160/image_a+0.75_957_163_0_230.e9_6.2e9_1.52787e+29_160.dat
        58       0.433483        3.46199       -174.195        57.5099        20.9013        35.2452       -2715.76     /gpfs/hpu/EHT2/KORAL/SANE/SANE_a+0.75_300x192x192_KORAL/m_1_1_160/image_a+0.75_958_163_0_230.e9_6.2e9_1.52787e+29_160.dat
        59       0.461756         3.4594       -174.177        56.6759        20.0262         34.406       -2676.32     /gpfs/hpu/EHT2/KORAL/SANE/SANE_a+0.75_300x192x192_KORAL/m_1_1_160/image_a+0.75_959_163_0_230.e9_6.2e9_1.52787e+29_160.dat
        60        0.39761        3.40302       -182.712        70.9967        21.3813        40.9747       -3106.08     /gpfs/hpu/EHT2/KORAL/SANE/SANE_a+0.75_300x192x192_KORAL/m_1_1_160/image_a+0.75_960_163_0_230.e9_6.2e9_1.52787e+29_160.dat
        61        0.45548        3.60043       -178.752         64.813        26.3119        41.3018       -3135.82     /gpfs/hpu/EHT2/KORAL/SANE/SANE_a+0.75_300x192x192_KORAL/m_1_1_160/image_a+0.75_961_163_0_230.e9_6.2e9_1.52787e+29_160.dat
        62       0.493754        3.59619       -175.587        54.8875        22.6729        35.2007        -2725.8     /gpfs/hpu/EHT2/KORAL/SANE/SANE_a+0.75_300x192x192_KORAL/m_1_1_160/image_a+0.75_962_163_0_230.e9_6.2e9_1.52787e+29_160.dat
        63       0.501171        3.46322       -183.243        64.3442        23.0304        39.2302       -2994.82     /gpfs/hpu/EHT2/KORAL/SANE/SANE_a+0.75_300x192x192_KORAL/m_1_1_160/image_a+0.75_963_163_0_230.e9_6.2e9_1.52787e+29_160.dat
        64       0.549145        3.37931       -175.264        69.5748        25.5605        42.7966        -3246.9     /gpfs/hpu/EHT2/KORAL/SANE/SANE_a+0.75_300x192x192_KORAL/m_1_1_160/image_a+0.75_964_163_0_230.e9_6.2e9_1.52787e+29_160.dat
        65       0.602369        3.35023       -164.931        57.4243        23.4527        36.6738       -2856.31     /gpfs/hpu/EHT2/KORAL/SANE/SANE_a+0.75_300x192x192_KORAL/m_1_1_160/image_a+0.75_965_163_0_230.e9_6.2e9_1.52787e+29_160.dat
        66       0.848769        3.68271       -156.602        91.9343        29.3305        54.0012        -4088.4     /gpfs/hpu/EHT2/KORAL/SANE/SANE_a+0.75_300x192x192_KORAL/m_1_1_160/image_a+0.75_966_163_0_230.e9_6.2e9_1.52787e+29_160.dat
        67       0.565713        3.76368       -172.582        90.2964        31.2512        54.4404       -4049.44     /gpfs/hpu/EHT2/KORAL/SANE/SANE_a+0.75_300x192x192_KORAL/m_1_1_160/image_a+0.75_967_163_0_230.e9_6.2e9_1.52787e+29_160.dat
        68       0.553531        3.53528       -170.637        94.3048        30.9324        55.8786       -4136.68     /gpfs/hpu/EHT2/KORAL/SANE/SANE_a+0.75_300x192x192_KORAL/m_1_1_160/image_a+0.75_968_163_0_230.e9_6.2e9_1.52787e+29_160.dat
        69       0.904259        3.91867       -155.304        80.6552        37.4034        54.0698       -4139.91     /gpfs/hpu/EHT2/KORAL/SANE/SANE_a+0.75_300x192x192_KORAL/m_1_1_160/image_a+0.75_969_163_0_230.e9_6.2e9_1.52787e+29_160.dat
        70       0.995439        4.44482       -158.068         62.452        40.6616        48.5769       -3784.07     /gpfs/hpu/EHT2/KORAL/SANE/SANE_a+0.75_300x192x192_KORAL/m_1_1_160/image_a+0.75_970_163_0_230.e9_6.2e9_1.52787e+29_160.dat
        71       0.657427        3.78972       -161.247        69.5738         28.619        44.5503       -3422.76     /gpfs/hpu/EHT2/KORAL/SANE/SANE_a+0.75_300x192x192_KORAL/m_1_1_160/image_a+0.75_971_163_0_230.e9_6.2e9_1.52787e+29_160.dat
        72       0.577703        3.76432       -165.937         60.628        26.6974        39.8304       -3079.74     /gpfs/hpu/EHT2/KORAL/SANE/SANE_a+0.75_300x192x192_KORAL/m_1_1_160/image_a+0.75_972_163_0_230.e9_6.2e9_1.52787e+29_160.dat
        73          0.533        3.65983       -171.291        69.0408        27.1952        43.5182       -3307.66     /gpfs/hpu/EHT2/KORAL/SANE/SANE_a+0.75_300x192x192_KORAL/m_1_1_160/image_a+0.75_973_163_0_230.e9_6.2e9_1.52787e+29_160.dat
        74        1.94861        5.58758       -257.971         58.341        51.3745        53.0586       -4146.23     /gpfs/hpu/EHT2/KORAL/SANE/SANE_a+0.75_300x192x192_KORAL/m_1_1_160/image_a+0.75_974_163_0_230.e9_6.2e9_1.52787e+29_160.dat
        75       0.585133        3.67305       -182.305        78.1158        35.2561        51.8113       -3861.52     /gpfs/hpu/EHT2/KORAL/SANE/SANE_a+0.75_300x192x192_KORAL/m_1_1_160/image_a+0.75_975_163_0_230.e9_6.2e9_1.52787e+29_160.dat
        76       0.679418        3.60975       -178.197        56.7877        22.5683        35.9092       -2797.63     /gpfs/hpu/EHT2/KORAL/SANE/SANE_a+0.75_300x192x192_KORAL/m_1_1_160/image_a+0.75_976_163_0_230.e9_6.2e9_1.52787e+29_160.dat
        77       0.491937        3.41457       -184.321        63.0614        25.0745        39.8837       -3030.86     /gpfs/hpu/EHT2/KORAL/SANE/SANE_a+0.75_300x192x192_KORAL/m_1_1_160/image_a+0.75_977_163_0_230.e9_6.2e9_1.52787e+29_160.dat
        78       0.528922        3.39015       -191.137        50.9192        29.4036        37.4562       -2856.84     /gpfs/hpu/EHT2/KORAL/SANE/SANE_a+0.75_300x192x192_KORAL/m_1_1_160/image_a+0.75_978_163_0_230.e9_6.2e9_1.52787e+29_160.dat
        79       0.517813         3.2915       -275.556        23.2134        45.4049        35.4288       -2689.95     /gpfs/hpu/EHT2/KORAL/SANE/SANE_a+0.75_300x192x192_KORAL/m_1_1_160/image_a+0.75_979_163_0_230.e9_6.2e9_1.52787e+29_160.dat
        80       0.767791        3.19951       -169.564        44.9733        26.4573        33.3618       -2692.11     /gpfs/hpu/EHT2/KORAL/SANE/SANE_a+0.75_300x192x192_KORAL/m_1_1_160/image_a+0.75_980_163_0_230.e9_6.2e9_1.52787e+29_160.dat
        81       0.795852        3.40007       -157.634        39.5815         27.079        31.5378       -2529.14     /gpfs/hpu/EHT2/KORAL/SANE/SANE_a+0.75_300x192x192_KORAL/m_1_1_160/image_a+0.75_981_163_0_230.e9_6.2e9_1.52787e+29_160.dat
        82       0.639162        3.35754       -171.723        45.6983        19.5925        29.7178       -2363.47     /gpfs/hpu/EHT2/KORAL/SANE/SANE_a+0.75_300x192x192_KORAL/m_1_1_160/image_a+0.75_982_163_0_230.e9_6.2e9_1.52787e+29_160.dat
        83       0.727075        3.38273       -154.324        42.9867        22.9901        30.5698       -2468.18     /gpfs/hpu/EHT2/KORAL/SANE/SANE_a+0.75_300x192x192_KORAL/m_1_1_160/image_a+0.75_983_163_0_230.e9_6.2e9_1.52787e+29_160.dat
        84        0.73951        3.50906       -148.163        37.4443         20.209        26.7334       -2212.58     /gpfs/hpu/EHT2/KORAL/SANE/SANE_a+0.75_300x192x192_KORAL/m_1_1_160/image_a+0.75_984_163_0_230.e9_6.2e9_1.52787e+29_160.dat
        85       0.711606        3.82513       -154.283        32.1135        15.5078        21.8812       -1869.61     /gpfs/hpu/EHT2/KORAL/SANE/SANE_a+0.75_300x192x192_KORAL/m_1_1_160/image_a+0.75_985_163_0_230.e9_6.2e9_1.52787e+29_160.dat
        86       0.593956        3.70001       -166.654        41.6812        20.7943        28.7825       -2291.43     /gpfs/hpu/EHT2/KORAL/SANE/SANE_a+0.75_300x192x192_KORAL/m_1_1_160/image_a+0.75_986_163_0_230.e9_6.2e9_1.52787e+29_160.dat
        87       0.886308        3.77828       -159.005        47.9721        23.5653        32.9159       -2659.46     /gpfs/hpu/EHT2/KORAL/SANE/SANE_a+0.75_300x192x192_KORAL/m_1_1_160/image_a+0.75_987_163_0_230.e9_6.2e9_1.52787e+29_160.dat
        88       0.784204        3.69329       -161.625        69.6962        22.3706        41.0162       -3175.77     /gpfs/hpu/EHT2/KORAL/SANE/SANE_a+0.75_300x192x192_KORAL/m_1_1_160/image_a+0.75_988_163_0_230.e9_6.2e9_1.52787e+29_160.dat
        89       0.848368        4.00824       -155.436        72.6639        30.5998         46.936       -3596.67     /gpfs/hpu/EHT2/KORAL/SANE/SANE_a+0.75_300x192x192_KORAL/m_1_1_160/image_a+0.75_989_163_0_230.e9_6.2e9_1.52787e+29_160.dat
        90       0.551519        3.81314       -175.771        71.2067        26.4533        43.9686       -3317.14     /gpfs/hpu/EHT2/KORAL/SANE/SANE_a+0.75_300x192x192_KORAL/m_1_1_160/image_a+0.75_990_163_0_230.e9_6.2e9_1.52787e+29_160.dat
        91        1.04866        3.90602       -144.025         55.379        36.2179         43.168       -3421.23     /gpfs/hpu/EHT2/KORAL/SANE/SANE_a+0.75_300x192x192_KORAL/m_1_1_160/image_a+0.75_991_163_0_230.e9_6.2e9_1.52787e+29_160.dat
        92       0.603972        3.68439       -147.562         61.263        25.8966        39.6279        -3034.8     /gpfs/hpu/EHT2/KORAL/SANE/SANE_a+0.75_300x192x192_KORAL/m_1_1_160/image_a+0.75_992_163_0_230.e9_6.2e9_1.52787e+29_160.dat
        93       0.577997        4.42026        -151.55        125.487        36.5836        71.7302       -9042.22     /gpfs/hpu/EHT2/KORAL/SANE/SANE_a+0.75_300x192x192_KORAL/m_1_1_160/image_a+0.75_993_163_0_230.e9_6.2e9_1.52787e+29_160.dat
        94       0.485374        3.48163       -173.698        69.9106        20.7134        40.1524       -3041.69     /gpfs/hpu/EHT2/KORAL/SANE/SANE_a+0.75_300x192x192_KORAL/m_1_1_160/image_a+0.75_994_163_0_230.e9_6.2e9_1.52787e+29_160.dat
        95       0.549101        3.84082       -179.144        72.4038        27.8985        45.2816        -3398.7     /gpfs/hpu/EHT2/KORAL/SANE/SANE_a+0.75_300x192x192_KORAL/m_1_1_160/image_a+0.75_995_163_0_230.e9_6.2e9_1.52787e+29_160.dat
        96       0.556422        3.65724       -171.673        73.0717        26.9527        45.0093       -3413.34     /gpfs/hpu/EHT2/KORAL/SANE/SANE_a+0.75_300x192x192_KORAL/m_1_1_160/image_a+0.75_996_163_0_230.e9_6.2e9_1.52787e+29_160.dat
        97       0.559323        3.73228       -170.548        56.5423         24.309        36.8083       -2860.47     /gpfs/hpu/EHT2/KORAL/SANE/SANE_a+0.75_300x192x192_KORAL/m_1_1_160/image_a+0.75_997_163_0_230.e9_6.2e9_1.52787e+29_160.dat
        98        0.54257        3.64007       -175.406        56.2224        23.1505        36.0145       -2785.93     /gpfs/hpu/EHT2/KORAL/SANE/SANE_a+0.75_300x192x192_KORAL/m_1_1_160/image_a+0.75_998_163_0_230.e9_6.2e9_1.52787e+29_160.dat
        99       0.602322        3.91472       -179.612        68.0974          32.05         45.921       -3464.72     /gpfs/hpu/EHT2/KORAL/SANE/SANE_a+0.75_300x192x192_KORAL/m_1_1_160/image_a+0.75_999_163_0_230.e9_6.2e9_1.52787e+29_160.dat
