   # Index         I (Jy)      M/D (uas)       PA (deg)  VA red. chisq  CP red. chisq     red. chisq     log-liklhd     FileName
         0       0.782704        3.28377        317.446        11.6352        12.2088        11.7092       -1144.53     /gpfs/hpu/EHT2/IHARM_inc+5/SANE_a-0.94_288x128x128_IHARM/m_1_1_80/image_a-0.94_1200_22_0_230.e9_6.2e9_1.21728e+29_80.dat
         1       0.466717        3.34816        305.082        18.0856        22.9228        20.5145       -1652.17     /gpfs/hpu/EHT2/IHARM_inc+5/SANE_a-0.94_288x128x128_IHARM/m_1_1_80/image_a-0.94_1206_22_0_230.e9_6.2e9_1.21728e+29_80.dat
         2       0.441844        3.23695        324.689        15.1785        15.0299         14.749       -1253.59     /gpfs/hpu/EHT2/IHARM_inc+5/SANE_a-0.94_288x128x128_IHARM/m_1_1_80/image_a-0.94_1212_22_0_230.e9_6.2e9_1.21728e+29_80.dat
         3       0.718681        3.16358        297.619        22.3901        11.4299        15.4573       -1380.74     /gpfs/hpu/EHT2/IHARM_inc+5/SANE_a-0.94_288x128x128_IHARM/m_1_1_80/image_a-0.94_1218_22_0_230.e9_6.2e9_1.21728e+29_80.dat
         4       0.774747        3.30109        323.422        7.57514        9.94269        8.79276       -952.451     /gpfs/hpu/EHT2/IHARM_inc+5/SANE_a-0.94_288x128x128_IHARM/m_1_1_80/image_a-0.94_1224_22_0_230.e9_6.2e9_1.21728e+29_80.dat
         5       0.587145         3.4898        250.888        10.6672        36.9224        25.8244       -2058.91     /gpfs/hpu/EHT2/IHARM_inc+5/SANE_a-0.94_288x128x128_IHARM/m_1_1_80/image_a-0.94_1230_22_0_230.e9_6.2e9_1.21728e+29_80.dat
         6       0.646741        3.39258        326.574        21.1902        36.6907        29.8027       -2457.59     /gpfs/hpu/EHT2/IHARM_inc+5/SANE_a-0.94_288x128x128_IHARM/m_1_1_80/image_a-0.94_1236_22_0_230.e9_6.2e9_1.21728e+29_80.dat
         7       0.461606        3.36755         297.79        5.74188        18.6572        13.1868       -1191.87     /gpfs/hpu/EHT2/IHARM_inc+5/SANE_a-0.94_288x128x128_IHARM/m_1_1_80/image_a-0.94_1242_22_0_230.e9_6.2e9_1.21728e+29_80.dat
         8       0.691115        4.02304        327.921        13.5469        21.1282        17.6875       -1538.32     /gpfs/hpu/EHT2/IHARM_inc+5/SANE_a-0.94_288x128x128_IHARM/m_1_1_80/image_a-0.94_1248_22_0_230.e9_6.2e9_1.21728e+29_80.dat
         9       0.974002        3.32001        309.973        15.0588        15.2794        14.8485       -1423.75     /gpfs/hpu/EHT2/IHARM_inc+5/SANE_a-0.94_288x128x128_IHARM/m_1_1_80/image_a-0.94_1254_22_0_230.e9_6.2e9_1.21728e+29_80.dat
        10       0.830719        3.72467        251.144        10.1808         46.713        31.3761       -2515.25     /gpfs/hpu/EHT2/IHARM_inc+5/SANE_a-0.94_288x128x128_IHARM/m_1_1_80/image_a-0.94_1260_22_0_230.e9_6.2e9_1.21728e+29_80.dat
        11       0.511774        3.40897        307.825        19.2574        10.3081        13.5746       -1214.22     /gpfs/hpu/EHT2/IHARM_inc+5/SANE_a-0.94_288x128x128_IHARM/m_1_1_80/image_a-0.94_1266_22_0_230.e9_6.2e9_1.21728e+29_80.dat
        12       0.507453         3.5963        311.766        10.1047        8.90623        9.17391       -896.825     /gpfs/hpu/EHT2/IHARM_inc+5/SANE_a-0.94_288x128x128_IHARM/m_1_1_80/image_a-0.94_1272_22_0_230.e9_6.2e9_1.21728e+29_80.dat
        13       0.509127        3.25435        325.895        8.59468        12.2289        10.5321       -1025.77     /gpfs/hpu/EHT2/IHARM_inc+5/SANE_a-0.94_288x128x128_IHARM/m_1_1_80/image_a-0.94_1278_22_0_230.e9_6.2e9_1.21728e+29_80.dat
        14       0.582101        3.65215        279.136        5.71646        13.9321        10.4057       -1017.98     /gpfs/hpu/EHT2/IHARM_inc+5/SANE_a-0.94_288x128x128_IHARM/m_1_1_80/image_a-0.94_1284_22_0_230.e9_6.2e9_1.21728e+29_80.dat
        15       0.505842        3.52829        294.902        6.96999        10.3739        8.80906       -919.218     /gpfs/hpu/EHT2/IHARM_inc+5/SANE_a-0.94_288x128x128_IHARM/m_1_1_80/image_a-0.94_1290_22_0_230.e9_6.2e9_1.21728e+29_80.dat
        16        0.51907        3.43064        288.898         15.595        16.0479        15.5088       -1346.59     /gpfs/hpu/EHT2/IHARM_inc+5/SANE_a-0.94_288x128x128_IHARM/m_1_1_80/image_a-0.94_1296_22_0_230.e9_6.2e9_1.21728e+29_80.dat
        17       0.569509        3.47938        338.028        32.6377        11.4106        19.4525       -1579.51     /gpfs/hpu/EHT2/IHARM_inc+5/SANE_a-0.94_288x128x128_IHARM/m_1_1_80/image_a-0.94_1302_22_0_230.e9_6.2e9_1.21728e+29_80.dat
        18       0.349906        3.53254        308.775        23.8827        22.3022        22.4171       -1770.18     /gpfs/hpu/EHT2/IHARM_inc+5/SANE_a-0.94_288x128x128_IHARM/m_1_1_80/image_a-0.94_1308_22_0_230.e9_6.2e9_1.21728e+29_80.dat
        19       0.510493        3.84491        295.197        3.61918        7.67109        5.91385       -699.102     /gpfs/hpu/EHT2/IHARM_inc+5/SANE_a-0.94_288x128x128_IHARM/m_1_1_80/image_a-0.94_1314_22_0_230.e9_6.2e9_1.21728e+29_80.dat
        20        0.60016        3.88851         324.09         7.6486        13.8326        11.1028       -1030.26     /gpfs/hpu/EHT2/IHARM_inc+5/SANE_a-0.94_288x128x128_IHARM/m_1_1_80/image_a-0.94_1320_22_0_230.e9_6.2e9_1.21728e+29_80.dat
        21       0.761798        3.79752         359.95        14.1884        15.1936        14.4579       -1397.71     /gpfs/hpu/EHT2/IHARM_inc+5/SANE_a-0.94_288x128x128_IHARM/m_1_1_80/image_a-0.94_1326_22_0_230.e9_6.2e9_1.21728e+29_80.dat
        22       0.545142        3.69696        359.991        11.0509         13.259        12.0967       -1115.54     /gpfs/hpu/EHT2/IHARM_inc+5/SANE_a-0.94_288x128x128_IHARM/m_1_1_80/image_a-0.94_1332_22_0_230.e9_6.2e9_1.21728e+29_80.dat
        23       0.869307        3.47954        327.184        16.0341        23.3388        19.9564       -1836.39     /gpfs/hpu/EHT2/IHARM_inc+5/SANE_a-0.94_288x128x128_IHARM/m_1_1_80/image_a-0.94_1338_22_0_230.e9_6.2e9_1.21728e+29_80.dat
        24       0.505779        3.49248        319.465        21.2095        10.5162        14.4599       -1259.35     /gpfs/hpu/EHT2/IHARM_inc+5/SANE_a-0.94_288x128x128_IHARM/m_1_1_80/image_a-0.94_1344_22_0_230.e9_6.2e9_1.21728e+29_80.dat
        25        1.03614        3.22829        299.477        22.5297        20.7339        20.9683       -1924.51     /gpfs/hpu/EHT2/IHARM_inc+5/SANE_a-0.94_288x128x128_IHARM/m_1_1_80/image_a-0.94_1350_22_0_230.e9_6.2e9_1.21728e+29_80.dat
        26       0.443995        3.23266        338.387         11.206        16.3812        13.9883       -1248.59     /gpfs/hpu/EHT2/IHARM_inc+5/SANE_a-0.94_288x128x128_IHARM/m_1_1_80/image_a-0.94_1356_22_0_230.e9_6.2e9_1.21728e+29_80.dat
        27       0.496789        3.58094        324.672         9.9097        8.80939        9.04088       -907.304     /gpfs/hpu/EHT2/IHARM_inc+5/SANE_a-0.94_288x128x128_IHARM/m_1_1_80/image_a-0.94_1362_22_0_230.e9_6.2e9_1.21728e+29_80.dat
        28       0.528048        3.39228        336.528         17.412        20.8546        19.0382       -1590.87     /gpfs/hpu/EHT2/IHARM_inc+5/SANE_a-0.94_288x128x128_IHARM/m_1_1_80/image_a-0.94_1368_22_0_230.e9_6.2e9_1.21728e+29_80.dat
        29       0.528397        3.63569        284.276        18.8968        16.7919        17.2361       -1452.89     /gpfs/hpu/EHT2/IHARM_inc+5/SANE_a-0.94_288x128x128_IHARM/m_1_1_80/image_a-0.94_1374_22_0_230.e9_6.2e9_1.21728e+29_80.dat
        30       0.492483        3.30199        289.674        9.18331         16.197        13.0894       -1176.16     /gpfs/hpu/EHT2/IHARM_inc+5/SANE_a-0.94_288x128x128_IHARM/m_1_1_80/image_a-0.94_1380_22_0_230.e9_6.2e9_1.21728e+29_80.dat
        31       0.587683        3.27352        337.461         24.134        10.4574        15.5688       -1375.03     /gpfs/hpu/EHT2/IHARM_inc+5/SANE_a-0.94_288x128x128_IHARM/m_1_1_80/image_a-0.94_1386_22_0_230.e9_6.2e9_1.21728e+29_80.dat
        32        0.86759        3.59904         319.09        26.7913        29.2428        27.6247       -2268.76     /gpfs/hpu/EHT2/IHARM_inc+5/SANE_a-0.94_288x128x128_IHARM/m_1_1_80/image_a-0.94_1392_22_0_230.e9_6.2e9_1.21728e+29_80.dat
        33       0.723972        3.43198        299.156         7.6113         11.335        9.62347       -993.363     /gpfs/hpu/EHT2/IHARM_inc+5/SANE_a-0.94_288x128x128_IHARM/m_1_1_80/image_a-0.94_1398_22_0_230.e9_6.2e9_1.21728e+29_80.dat
        34       0.582507         3.3511        319.474        15.1047        10.8176        12.2497       -1110.79     /gpfs/hpu/EHT2/IHARM_inc+5/SANE_a-0.94_288x128x128_IHARM/m_1_1_80/image_a-0.94_1404_22_0_230.e9_6.2e9_1.21728e+29_80.dat
        35       0.613941        3.79114        231.646        14.8644         38.648        28.4774       -2253.25     /gpfs/hpu/EHT2/IHARM_inc+5/SANE_a-0.94_288x128x128_IHARM/m_1_1_80/image_a-0.94_1410_22_0_230.e9_6.2e9_1.21728e+29_80.dat
        36        0.46242        3.78268        241.098        5.18693        19.4188        13.4164       -1178.93     /gpfs/hpu/EHT2/IHARM_inc+5/SANE_a-0.94_288x128x128_IHARM/m_1_1_80/image_a-0.94_1416_22_0_230.e9_6.2e9_1.21728e+29_80.dat
        37       0.640623        3.95482        255.103        18.3829        32.5044          26.25       -2096.91     /gpfs/hpu/EHT2/IHARM_inc+5/SANE_a-0.94_288x128x128_IHARM/m_1_1_80/image_a-0.94_1422_22_0_230.e9_6.2e9_1.21728e+29_80.dat
        38       0.846366         3.9016        281.273        37.6342        21.5364        27.3445       -2154.44     /gpfs/hpu/EHT2/IHARM_inc+5/SANE_a-0.94_288x128x128_IHARM/m_1_1_80/image_a-0.94_1428_22_0_230.e9_6.2e9_1.21728e+29_80.dat
        39       0.560313        3.83863        305.283        22.3609        20.1051        20.5336       -1717.63     /gpfs/hpu/EHT2/IHARM_inc+5/SANE_a-0.94_288x128x128_IHARM/m_1_1_80/image_a-0.94_1434_22_0_230.e9_6.2e9_1.21728e+29_80.dat
        40        0.42431        3.47515        306.473        10.3237        11.3069        10.6674       -989.334     /gpfs/hpu/EHT2/IHARM_inc+5/SANE_a-0.94_288x128x128_IHARM/m_1_1_80/image_a-0.94_1440_22_0_230.e9_6.2e9_1.21728e+29_80.dat
        41       0.662238        3.17438        340.512        51.6505         41.494         44.529       -3362.23     /gpfs/hpu/EHT2/IHARM_inc+5/SANE_a-0.94_288x128x128_IHARM/m_1_1_80/image_a-0.94_1446_22_0_230.e9_6.2e9_1.21728e+29_80.dat
        42        0.49744        3.42036         335.26        23.1584        9.11336        14.3991       -1250.31     /gpfs/hpu/EHT2/IHARM_inc+5/SANE_a-0.94_288x128x128_IHARM/m_1_1_80/image_a-0.94_1452_22_0_230.e9_6.2e9_1.21728e+29_80.dat
        43       0.709354        3.57477        310.575        17.8264        9.48625        12.5331       -1148.01     /gpfs/hpu/EHT2/IHARM_inc+5/SANE_a-0.94_288x128x128_IHARM/m_1_1_80/image_a-0.94_1458_22_0_230.e9_6.2e9_1.21728e+29_80.dat
        44       0.768434        3.69968        316.405        9.33839        13.1903        11.3868       -1142.33     /gpfs/hpu/EHT2/IHARM_inc+5/SANE_a-0.94_288x128x128_IHARM/m_1_1_80/image_a-0.94_1464_22_0_230.e9_6.2e9_1.21728e+29_80.dat
        45       0.391375        3.65354        313.468        8.76481        8.39321        8.34918       -823.661     /gpfs/hpu/EHT2/IHARM_inc+5/SANE_a-0.94_288x128x128_IHARM/m_1_1_80/image_a-0.94_1470_22_0_230.e9_6.2e9_1.21728e+29_80.dat
        46       0.396868         3.4072        330.346        12.4717        12.2064        12.0348       -1103.03     /gpfs/hpu/EHT2/IHARM_inc+5/SANE_a-0.94_288x128x128_IHARM/m_1_1_80/image_a-0.94_1476_22_0_230.e9_6.2e9_1.21728e+29_80.dat
        47       0.734487        3.09416        333.416        29.4659        16.6828        21.3044       -1789.18     /gpfs/hpu/EHT2/IHARM_inc+5/SANE_a-0.94_288x128x128_IHARM/m_1_1_80/image_a-0.94_1482_22_0_230.e9_6.2e9_1.21728e+29_80.dat
        48       0.423905        3.15041        330.288        17.3685        17.3716        16.9785       -1435.32     /gpfs/hpu/EHT2/IHARM_inc+5/SANE_a-0.94_288x128x128_IHARM/m_1_1_80/image_a-0.94_1488_22_0_230.e9_6.2e9_1.21728e+29_80.dat
        49       0.500327        3.53921        308.818        16.2073        14.6801        14.9461       -1274.84     /gpfs/hpu/EHT2/IHARM_inc+5/SANE_a-0.94_288x128x128_IHARM/m_1_1_80/image_a-0.94_1494_22_0_230.e9_6.2e9_1.21728e+29_80.dat
        50       0.453762        3.56442        332.728        7.94771         10.659        9.35854        -903.37     /gpfs/hpu/EHT2/IHARM_inc+5/SANE_a-0.94_288x128x128_IHARM/m_1_1_80/image_a-0.94_1500_22_0_230.e9_6.2e9_1.21728e+29_80.dat
        51       0.399404        3.40855        333.502        24.7579        21.2484        22.1413       -1762.04     /gpfs/hpu/EHT2/IHARM_inc+5/SANE_a-0.94_288x128x128_IHARM/m_1_1_80/image_a-0.94_1506_22_0_230.e9_6.2e9_1.21728e+29_80.dat
        52       0.788893        3.23919        348.387        13.5801        40.7108         29.185       -2372.95     /gpfs/hpu/EHT2/IHARM_inc+5/SANE_a-0.94_288x128x128_IHARM/m_1_1_80/image_a-0.94_1512_22_0_230.e9_6.2e9_1.21728e+29_80.dat
        53       0.474061        3.37454        359.857        15.9378        17.3445        16.4033       -1403.57     /gpfs/hpu/EHT2/IHARM_inc+5/SANE_a-0.94_288x128x128_IHARM/m_1_1_80/image_a-0.94_1518_22_0_230.e9_6.2e9_1.21728e+29_80.dat
        54       0.440626        3.52313        305.646        30.2897          35.32        32.5566       -2590.27     /gpfs/hpu/EHT2/IHARM_inc+5/SANE_a-0.94_288x128x128_IHARM/m_1_1_80/image_a-0.94_1524_22_0_230.e9_6.2e9_1.21728e+29_80.dat
        55        0.65765         3.7465        309.298        14.7323        11.7648        12.6597       -1135.68     /gpfs/hpu/EHT2/IHARM_inc+5/SANE_a-0.94_288x128x128_IHARM/m_1_1_80/image_a-0.94_1530_22_0_230.e9_6.2e9_1.21728e+29_80.dat
        56       0.489911        3.34495        293.894        13.4852        25.8356        20.4241       -1688.46     /gpfs/hpu/EHT2/IHARM_inc+5/SANE_a-0.94_288x128x128_IHARM/m_1_1_80/image_a-0.94_1536_22_0_230.e9_6.2e9_1.21728e+29_80.dat
        57       0.593347         3.6483         233.17        22.5188        40.3465        32.4662       -2465.72     /gpfs/hpu/EHT2/IHARM_inc+5/SANE_a-0.94_288x128x128_IHARM/m_1_1_80/image_a-0.94_1542_22_0_230.e9_6.2e9_1.21728e+29_80.dat
        58       0.711592        3.39544        292.367        18.2718        29.5099        24.4504       -1967.53     /gpfs/hpu/EHT2/IHARM_inc+5/SANE_a-0.94_288x128x128_IHARM/m_1_1_80/image_a-0.94_1548_22_0_230.e9_6.2e9_1.21728e+29_80.dat
        59       0.546252        3.39707         316.86        11.8365        26.0419        19.9005       -1637.38     /gpfs/hpu/EHT2/IHARM_inc+5/SANE_a-0.94_288x128x128_IHARM/m_1_1_80/image_a-0.94_1554_22_0_230.e9_6.2e9_1.21728e+29_80.dat
        60       0.712698        3.61176        337.098        28.1366        26.4005        26.4838       -2093.99     /gpfs/hpu/EHT2/IHARM_inc+5/SANE_a-0.94_288x128x128_IHARM/m_1_1_80/image_a-0.94_1560_22_0_230.e9_6.2e9_1.21728e+29_80.dat
        61       0.491012        3.38191         357.47        18.4322        29.5273        24.5234       -1935.17     /gpfs/hpu/EHT2/IHARM_inc+5/SANE_a-0.94_288x128x128_IHARM/m_1_1_80/image_a-0.94_1566_22_0_230.e9_6.2e9_1.21728e+29_80.dat
        62       0.488554        3.63337        292.456        6.55302        7.59257        7.01487       -780.017     /gpfs/hpu/EHT2/IHARM_inc+5/SANE_a-0.94_288x128x128_IHARM/m_1_1_80/image_a-0.94_1572_22_0_230.e9_6.2e9_1.21728e+29_80.dat
        63       0.491222        3.56901        272.655        3.67702        9.83959        7.20822       -772.322     /gpfs/hpu/EHT2/IHARM_inc+5/SANE_a-0.94_288x128x128_IHARM/m_1_1_80/image_a-0.94_1578_22_0_230.e9_6.2e9_1.21728e+29_80.dat
        64       0.493952        3.49557        319.313        11.0479        12.8912        11.8797       -1119.65     /gpfs/hpu/EHT2/IHARM_inc+5/SANE_a-0.94_288x128x128_IHARM/m_1_1_80/image_a-0.94_1584_22_0_230.e9_6.2e9_1.21728e+29_80.dat
        65       0.619873        3.67869         273.79        17.7505         18.247        17.6413       -1534.95     /gpfs/hpu/EHT2/IHARM_inc+5/SANE_a-0.94_288x128x128_IHARM/m_1_1_80/image_a-0.94_1590_22_0_230.e9_6.2e9_1.21728e+29_80.dat
        66       0.530895        3.74314        280.155        13.5865        21.1701        17.7276       -1497.37     /gpfs/hpu/EHT2/IHARM_inc+5/SANE_a-0.94_288x128x128_IHARM/m_1_1_80/image_a-0.94_1596_22_0_230.e9_6.2e9_1.21728e+29_80.dat
        67       0.486816        3.36691          291.6        15.7766        26.4767         21.696       -1765.34     /gpfs/hpu/EHT2/IHARM_inc+5/SANE_a-0.94_288x128x128_IHARM/m_1_1_80/image_a-0.94_1602_22_0_230.e9_6.2e9_1.21728e+29_80.dat
        68       0.553652         3.5602        278.885        50.3876        28.7115        36.5387       -2765.45     /gpfs/hpu/EHT2/IHARM_inc+5/SANE_a-0.94_288x128x128_IHARM/m_1_1_80/image_a-0.94_1608_22_0_230.e9_6.2e9_1.21728e+29_80.dat
        69       0.550946         3.8871        244.971        4.94984        17.6469        12.2846       -1099.39     /gpfs/hpu/EHT2/IHARM_inc+5/SANE_a-0.94_288x128x128_IHARM/m_1_1_80/image_a-0.94_1614_22_0_230.e9_6.2e9_1.21728e+29_80.dat
        70       0.613092        3.62538         312.25        8.10246        7.36005         7.4843        -808.17     /gpfs/hpu/EHT2/IHARM_inc+5/SANE_a-0.94_288x128x128_IHARM/m_1_1_80/image_a-0.94_1620_22_0_230.e9_6.2e9_1.21728e+29_80.dat
        71       0.511976        3.72862        278.975        6.69978        8.08176        7.35914       -781.604     /gpfs/hpu/EHT2/IHARM_inc+5/SANE_a-0.94_288x128x128_IHARM/m_1_1_80/image_a-0.94_1626_22_0_230.e9_6.2e9_1.21728e+29_80.dat
        72       0.583625        3.31505        304.538        18.4276        11.8876        14.1764       -1264.19     /gpfs/hpu/EHT2/IHARM_inc+5/SANE_a-0.94_288x128x128_IHARM/m_1_1_80/image_a-0.94_1632_22_0_230.e9_6.2e9_1.21728e+29_80.dat
        73       0.536804        3.23332        300.008         15.238        20.7715        18.1395       -1508.91     /gpfs/hpu/EHT2/IHARM_inc+5/SANE_a-0.94_288x128x128_IHARM/m_1_1_80/image_a-0.94_1638_22_0_230.e9_6.2e9_1.21728e+29_80.dat
        74       0.641245        3.90256        287.217        7.63909        23.3544        16.6833       -1410.52     /gpfs/hpu/EHT2/IHARM_inc+5/SANE_a-0.94_288x128x128_IHARM/m_1_1_80/image_a-0.94_1644_22_0_230.e9_6.2e9_1.21728e+29_80.dat
        75       0.383402        3.67501        271.178        12.5774        21.0304        17.2511       -1448.36     /gpfs/hpu/EHT2/IHARM_inc+5/SANE_a-0.94_288x128x128_IHARM/m_1_1_80/image_a-0.94_1650_22_0_230.e9_6.2e9_1.21728e+29_80.dat
        76       0.602248        3.83408         288.68        7.58708         22.907        16.4006       -1395.76     /gpfs/hpu/EHT2/IHARM_inc+5/SANE_a-0.94_288x128x128_IHARM/m_1_1_80/image_a-0.94_1656_22_0_230.e9_6.2e9_1.21728e+29_80.dat
        77       0.597535        3.77018        332.822        6.65299        7.33142         6.9008        -768.26     /gpfs/hpu/EHT2/IHARM_inc+5/SANE_a-0.94_288x128x128_IHARM/m_1_1_80/image_a-0.94_1662_22_0_230.e9_6.2e9_1.21728e+29_80.dat
        78       0.640436        3.68999        307.103        17.0009         12.477        13.9643       -1293.21     /gpfs/hpu/EHT2/IHARM_inc+5/SANE_a-0.94_288x128x128_IHARM/m_1_1_80/image_a-0.94_1668_22_0_230.e9_6.2e9_1.21728e+29_80.dat
        79       0.581686        3.55151        331.346        42.6835        27.0465        32.5502       -2494.29     /gpfs/hpu/EHT2/IHARM_inc+5/SANE_a-0.94_288x128x128_IHARM/m_1_1_80/image_a-0.94_1674_22_0_230.e9_6.2e9_1.21728e+29_80.dat
        80       0.656243        3.81542        308.382        13.3188        17.4864        15.4625        -1370.5     /gpfs/hpu/EHT2/IHARM_inc+5/SANE_a-0.94_288x128x128_IHARM/m_1_1_80/image_a-0.94_1680_22_0_230.e9_6.2e9_1.21728e+29_80.dat
        81       0.626156        4.06735        345.849        13.0374        14.2929        13.4796        -1196.1     /gpfs/hpu/EHT2/IHARM_inc+5/SANE_a-0.94_288x128x128_IHARM/m_1_1_80/image_a-0.94_1686_22_0_230.e9_6.2e9_1.21728e+29_80.dat
        82       0.684767        3.11649        301.636        33.2838        13.5509        20.9604       -1769.75     /gpfs/hpu/EHT2/IHARM_inc+5/SANE_a-0.94_288x128x128_IHARM/m_1_1_80/image_a-0.94_1692_22_0_230.e9_6.2e9_1.21728e+29_80.dat
        83       0.890206        3.89197         222.35        26.1434        93.8487        65.2606       -4856.13     /gpfs/hpu/EHT2/IHARM_inc+5/SANE_a-0.94_288x128x128_IHARM/m_1_1_80/image_a-0.94_1698_22_0_230.e9_6.2e9_1.21728e+29_80.dat
        84       0.812124        3.96929        246.207        13.7119        46.1522        32.4278       -2540.92     /gpfs/hpu/EHT2/IHARM_inc+5/SANE_a-0.94_288x128x128_IHARM/m_1_1_80/image_a-0.94_1704_22_0_230.e9_6.2e9_1.21728e+29_80.dat
        85       0.780214         3.1409        338.465        15.6115         33.826        25.9416       -2171.92     /gpfs/hpu/EHT2/IHARM_inc+5/SANE_a-0.94_288x128x128_IHARM/m_1_1_80/image_a-0.94_1710_22_0_230.e9_6.2e9_1.21728e+29_80.dat
        86       0.533032        3.69023        299.996        17.3638        40.2412        30.3889       -2302.08     /gpfs/hpu/EHT2/IHARM_inc+5/SANE_a-0.94_288x128x128_IHARM/m_1_1_80/image_a-0.94_1716_22_0_230.e9_6.2e9_1.21728e+29_80.dat
        87       0.798841        3.51715        316.238        9.65982        36.1679         24.988       -2038.86     /gpfs/hpu/EHT2/IHARM_inc+5/SANE_a-0.94_288x128x128_IHARM/m_1_1_80/image_a-0.94_1722_22_0_230.e9_6.2e9_1.21728e+29_80.dat
        88        1.00297        4.22794         310.93          16.12        28.1276        22.7985       -2009.72     /gpfs/hpu/EHT2/IHARM_inc+5/SANE_a-0.94_288x128x128_IHARM/m_1_1_80/image_a-0.94_1728_22_0_230.e9_6.2e9_1.21728e+29_80.dat
        89        0.60825        3.89418        340.056        13.5318        17.5666        15.5928       -1358.38     /gpfs/hpu/EHT2/IHARM_inc+5/SANE_a-0.94_288x128x128_IHARM/m_1_1_80/image_a-0.94_1734_22_0_230.e9_6.2e9_1.21728e+29_80.dat
        90       0.430738        3.63349        273.016         11.788        20.5742        16.6749       -1387.71     /gpfs/hpu/EHT2/IHARM_inc+5/SANE_a-0.94_288x128x128_IHARM/m_1_1_80/image_a-0.94_1740_22_0_230.e9_6.2e9_1.21728e+29_80.dat
        91       0.451807        3.64021        331.743        9.22219        16.1487        13.0763       -1166.19     /gpfs/hpu/EHT2/IHARM_inc+5/SANE_a-0.94_288x128x128_IHARM/m_1_1_80/image_a-0.94_1746_22_0_230.e9_6.2e9_1.21728e+29_80.dat
        92       0.914627        3.49704        303.631        11.3065        31.2212        22.7308       -1898.51     /gpfs/hpu/EHT2/IHARM_inc+5/SANE_a-0.94_288x128x128_IHARM/m_1_1_80/image_a-0.94_1752_22_0_230.e9_6.2e9_1.21728e+29_80.dat
        93       0.493234        3.37664        294.224        15.9764        27.5418        22.3988       -1797.56     /gpfs/hpu/EHT2/IHARM_inc+5/SANE_a-0.94_288x128x128_IHARM/m_1_1_80/image_a-0.94_1758_22_0_230.e9_6.2e9_1.21728e+29_80.dat
        94       0.511934        3.39994        291.788        18.3945        14.5439        15.7213        -1446.7     /gpfs/hpu/EHT2/IHARM_inc+5/SANE_a-0.94_288x128x128_IHARM/m_1_1_80/image_a-0.94_1764_22_0_230.e9_6.2e9_1.21728e+29_80.dat
        95       0.420398        3.42266        317.602         14.064        17.8629        15.9747       -1371.13     /gpfs/hpu/EHT2/IHARM_inc+5/SANE_a-0.94_288x128x128_IHARM/m_1_1_80/image_a-0.94_1770_22_0_230.e9_6.2e9_1.21728e+29_80.dat
        96       0.616616        3.73366         267.24        20.9727        27.4702        24.3102       -1939.07     /gpfs/hpu/EHT2/IHARM_inc+5/SANE_a-0.94_288x128x128_IHARM/m_1_1_80/image_a-0.94_1776_22_0_230.e9_6.2e9_1.21728e+29_80.dat
        97       0.504002        3.68245         291.99        24.4463        11.1916        16.1214       -1374.77     /gpfs/hpu/EHT2/IHARM_inc+5/SANE_a-0.94_288x128x128_IHARM/m_1_1_80/image_a-0.94_1782_22_0_230.e9_6.2e9_1.21728e+29_80.dat
        98       0.763293        3.46035        256.535         9.4792        9.04563        9.01111       -958.147     /gpfs/hpu/EHT2/IHARM_inc+5/SANE_a-0.94_288x128x128_IHARM/m_1_1_80/image_a-0.94_1788_22_0_230.e9_6.2e9_1.21728e+29_80.dat
        99       0.833143         3.5111        268.359         14.903        27.1856        21.7702       -1838.69     /gpfs/hpu/EHT2/IHARM_inc+5/SANE_a-0.94_288x128x128_IHARM/m_1_1_80/image_a-0.94_1794_22_0_230.e9_6.2e9_1.21728e+29_80.dat
