   # Index         I (Jy)      M/D (uas)       PA (deg)  VA red. chisq  CP red. chisq     red. chisq     log-liklhd     FileName
         0       0.552628        3.60046       -171.919        20.3806        17.9943        18.3545       -964.919     /gpfs/hpu/EHT2/supplementary/Moscibrodzka+2016/a+0.94/m_1_1_160/image_a+0.94.1000.163_0_230.e9_6.2e9_3.25e27_160.dat
         1        0.57238        3.73326       -298.365        20.6397        26.3017        22.9228        -1068.9     /gpfs/hpu/EHT2/supplementary/Moscibrodzka+2016/a+0.94/m_1_1_160/image_a+0.94.1001.163_0_230.e9_6.2e9_3.25e27_160.dat
         2       0.528246        3.64285       -178.622        21.2147        19.8946        19.7302       -1012.85     /gpfs/hpu/EHT2/supplementary/Moscibrodzka+2016/a+0.94/m_1_1_160/image_a+0.94.1002.163_0_230.e9_6.2e9_3.25e27_160.dat
         3        0.85512        3.70054       -316.973        21.5992        30.9681        25.8362        -1230.7     /gpfs/hpu/EHT2/supplementary/Moscibrodzka+2016/a+0.94/m_1_1_160/image_a+0.94.1003.163_0_230.e9_6.2e9_3.25e27_160.dat
         4       0.606979        3.58367        -317.02        13.0847        32.3198        22.9273       -1098.29     /gpfs/hpu/EHT2/supplementary/Moscibrodzka+2016/a+0.94/m_1_1_160/image_a+0.94.1004.163_0_230.e9_6.2e9_3.25e27_160.dat
         5       0.550833        3.63817        -284.12        23.4912          28.35        25.2389       -1176.32     /gpfs/hpu/EHT2/supplementary/Moscibrodzka+2016/a+0.94/m_1_1_160/image_a+0.94.1005.163_0_230.e9_6.2e9_3.25e27_160.dat
         6        0.54869        3.61279       -280.954        22.8839        17.7486        19.2911       -922.912     /gpfs/hpu/EHT2/supplementary/Moscibrodzka+2016/a+0.94/m_1_1_160/image_a+0.94.1006.163_0_230.e9_6.2e9_3.25e27_160.dat
         7       0.693603         3.5684       -315.245        17.5905        33.5884        25.5312       -1215.73     /gpfs/hpu/EHT2/supplementary/Moscibrodzka+2016/a+0.94/m_1_1_160/image_a+0.94.1007.163_0_230.e9_6.2e9_3.25e27_160.dat
         8       0.560799        3.65188       -311.941        19.3817        33.4376        26.2148       -1224.63     /gpfs/hpu/EHT2/supplementary/Moscibrodzka+2016/a+0.94/m_1_1_160/image_a+0.94.1008.163_0_230.e9_6.2e9_3.25e27_160.dat
         9       0.797778        3.68494       -301.282        18.3221        24.2131        20.8128       -1014.24     /gpfs/hpu/EHT2/supplementary/Moscibrodzka+2016/a+0.94/m_1_1_160/image_a+0.94.1009.163_0_230.e9_6.2e9_3.25e27_160.dat
        10       0.525269        3.45884       -154.786        13.8963        13.9673         13.426       -773.009     /gpfs/hpu/EHT2/supplementary/Moscibrodzka+2016/a+0.94/m_1_1_160/image_a+0.94.1010.163_0_230.e9_6.2e9_3.25e27_160.dat
        11       0.601904        3.53509       -158.222        10.7722        11.3807        10.7046       -652.546     /gpfs/hpu/EHT2/supplementary/Moscibrodzka+2016/a+0.94/m_1_1_160/image_a+0.94.1011.163_0_230.e9_6.2e9_3.25e27_160.dat
        12       0.693219        3.58074       -151.877        10.5901         15.473        12.8228       -763.762     /gpfs/hpu/EHT2/supplementary/Moscibrodzka+2016/a+0.94/m_1_1_160/image_a+0.94.1012.163_0_230.e9_6.2e9_3.25e27_160.dat
        13       0.743873        3.54951       -161.004        15.4937        13.5426        13.8799       -906.153     /gpfs/hpu/EHT2/supplementary/Moscibrodzka+2016/a+0.94/m_1_1_160/image_a+0.94.1013.163_0_230.e9_6.2e9_3.25e27_160.dat
        14       0.797225        3.57181       -158.054        11.3616        16.6578        13.7878       -894.195     /gpfs/hpu/EHT2/supplementary/Moscibrodzka+2016/a+0.94/m_1_1_160/image_a+0.94.1014.163_0_230.e9_6.2e9_3.25e27_160.dat
        15       0.810284        3.61136        -155.78        12.4553        13.1545        12.3748       -736.236     /gpfs/hpu/EHT2/supplementary/Moscibrodzka+2016/a+0.94/m_1_1_160/image_a+0.94.1015.163_0_230.e9_6.2e9_3.25e27_160.dat
        16       0.738342        3.59401       -155.258        11.6861        10.9737        10.8763       -643.779     /gpfs/hpu/EHT2/supplementary/Moscibrodzka+2016/a+0.94/m_1_1_160/image_a+0.94.1016.163_0_230.e9_6.2e9_3.25e27_160.dat
        17       0.709328        3.56832       -154.727        10.0542        10.3454        9.84263       -602.348     /gpfs/hpu/EHT2/supplementary/Moscibrodzka+2016/a+0.94/m_1_1_160/image_a+0.94.1017.163_0_230.e9_6.2e9_3.25e27_160.dat
        18       0.704163        3.56634       -158.929        9.66179          11.97        10.5469       -607.289     /gpfs/hpu/EHT2/supplementary/Moscibrodzka+2016/a+0.94/m_1_1_160/image_a+0.94.1018.163_0_230.e9_6.2e9_3.25e27_160.dat
        19       0.555651        3.62753       -157.736        9.24898        10.3113        9.48063       -553.172     /gpfs/hpu/EHT2/supplementary/Moscibrodzka+2016/a+0.94/m_1_1_160/image_a+0.94.1019.163_0_230.e9_6.2e9_3.25e27_160.dat
        20       0.604452        3.62668       -152.546        14.6456        10.8319        12.0634       -652.976     /gpfs/hpu/EHT2/supplementary/Moscibrodzka+2016/a+0.94/m_1_1_160/image_a+0.94.1020.163_0_230.e9_6.2e9_3.25e27_160.dat
        21       0.496256        3.53037       -157.493        19.5857        14.8795        16.3439       -833.444     /gpfs/hpu/EHT2/supplementary/Moscibrodzka+2016/a+0.94/m_1_1_160/image_a+0.94.1021.163_0_230.e9_6.2e9_3.25e27_160.dat
        22       0.632431        3.67917       -156.544        28.1807        15.3636        20.2722        -1061.4     /gpfs/hpu/EHT2/supplementary/Moscibrodzka+2016/a+0.94/m_1_1_160/image_a+0.94.1022.163_0_230.e9_6.2e9_3.25e27_160.dat
        23       0.695896         3.6747       -165.553        40.3497        15.6509        25.6205       -1297.96     /gpfs/hpu/EHT2/supplementary/Moscibrodzka+2016/a+0.94/m_1_1_160/image_a+0.94.1023.163_0_230.e9_6.2e9_3.25e27_160.dat
        24       0.673694        3.58699       -164.776        22.0744         16.655        18.3588       -961.102     /gpfs/hpu/EHT2/supplementary/Moscibrodzka+2016/a+0.94/m_1_1_160/image_a+0.94.1024.163_0_230.e9_6.2e9_3.25e27_160.dat
        25       0.656502        3.48921       -160.079        15.4275        17.8952        16.1872       -874.785     /gpfs/hpu/EHT2/supplementary/Moscibrodzka+2016/a+0.94/m_1_1_160/image_a+0.94.1025.163_0_230.e9_6.2e9_3.25e27_160.dat
        26       0.590719        3.41364       -164.249        14.7066        15.5009        14.5948       -805.105     /gpfs/hpu/EHT2/supplementary/Moscibrodzka+2016/a+0.94/m_1_1_160/image_a+0.94.1026.163_0_230.e9_6.2e9_3.25e27_160.dat
        27       0.582143        3.50271       -160.243        19.0287        22.3526        20.1161       -1021.57     /gpfs/hpu/EHT2/supplementary/Moscibrodzka+2016/a+0.94/m_1_1_160/image_a+0.94.1027.163_0_230.e9_6.2e9_3.25e27_160.dat
        28       0.544684        3.57134       -159.517        20.7704        17.5334        18.2735        -916.82     /gpfs/hpu/EHT2/supplementary/Moscibrodzka+2016/a+0.94/m_1_1_160/image_a+0.94.1028.163_0_230.e9_6.2e9_3.25e27_160.dat
        29       0.613465        3.60102       -164.923        30.0723        17.3387        22.1394       -1072.37     /gpfs/hpu/EHT2/supplementary/Moscibrodzka+2016/a+0.94/m_1_1_160/image_a+0.94.1029.163_0_230.e9_6.2e9_3.25e27_160.dat
        30       0.574795         3.5293       -170.243        31.7373        19.5473        24.0352       -1147.28     /gpfs/hpu/EHT2/supplementary/Moscibrodzka+2016/a+0.94/m_1_1_160/image_a+0.94.1030.163_0_230.e9_6.2e9_3.25e27_160.dat
        31        0.46389        3.64265       -306.992         15.907        33.9491        25.0062       -1164.62     /gpfs/hpu/EHT2/supplementary/Moscibrodzka+2016/a+0.94/m_1_1_160/image_a+0.94.1031.163_0_230.e9_6.2e9_3.25e27_160.dat
        32       0.522254        3.66808        -299.88        15.1796        30.4851         22.837       -1079.97     /gpfs/hpu/EHT2/supplementary/Moscibrodzka+2016/a+0.94/m_1_1_160/image_a+0.94.1032.163_0_230.e9_6.2e9_3.25e27_160.dat
        33       0.576046        3.70046       -298.148        17.9809        29.7097        23.6165       -1119.27     /gpfs/hpu/EHT2/supplementary/Moscibrodzka+2016/a+0.94/m_1_1_160/image_a+0.94.1033.163_0_230.e9_6.2e9_3.25e27_160.dat
        34       0.535256        3.66873       -300.753        18.1514        28.8648        23.2359        -1098.7     /gpfs/hpu/EHT2/supplementary/Moscibrodzka+2016/a+0.94/m_1_1_160/image_a+0.94.1034.163_0_230.e9_6.2e9_3.25e27_160.dat
        35       0.523176        3.45046        -176.67        30.3018        16.1813        21.6164        -1054.6     /gpfs/hpu/EHT2/supplementary/Moscibrodzka+2016/a+0.94/m_1_1_160/image_a+0.94.1035.163_0_230.e9_6.2e9_3.25e27_160.dat
        36       0.560463        3.49282       -177.517        33.3749        17.4348        23.6006       -1137.84     /gpfs/hpu/EHT2/supplementary/Moscibrodzka+2016/a+0.94/m_1_1_160/image_a+0.94.1036.163_0_230.e9_6.2e9_3.25e27_160.dat
        37       0.527891        3.50032       -300.538        19.2101        30.8358        24.7455        -1164.3     /gpfs/hpu/EHT2/supplementary/Moscibrodzka+2016/a+0.94/m_1_1_160/image_a+0.94.1037.163_0_230.e9_6.2e9_3.25e27_160.dat
        38       0.507485        3.48001       -298.895          16.98        30.2458         23.477       -1112.71     /gpfs/hpu/EHT2/supplementary/Moscibrodzka+2016/a+0.94/m_1_1_160/image_a+0.94.1038.163_0_230.e9_6.2e9_3.25e27_160.dat
        39       0.643225        3.59434       -161.074        20.2477        19.6151        19.1675       -954.006     /gpfs/hpu/EHT2/supplementary/Moscibrodzka+2016/a+0.94/m_1_1_160/image_a+0.94.1039.163_0_230.e9_6.2e9_3.25e27_160.dat
        40       0.675874        3.67586       -162.659        19.1718        21.4479        19.6917       -990.887     /gpfs/hpu/EHT2/supplementary/Moscibrodzka+2016/a+0.94/m_1_1_160/image_a+0.94.1040.163_0_230.e9_6.2e9_3.25e27_160.dat
        41       0.611956        3.60025        -300.24        15.9086        28.4339        22.0475       -1044.81     /gpfs/hpu/EHT2/supplementary/Moscibrodzka+2016/a+0.94/m_1_1_160/image_a+0.94.1041.163_0_230.e9_6.2e9_3.25e27_160.dat
        42        0.57654        3.46849       -291.815        20.5703        34.1395        27.0987       -1246.79     /gpfs/hpu/EHT2/supplementary/Moscibrodzka+2016/a+0.94/m_1_1_160/image_a+0.94.1042.163_0_230.e9_6.2e9_3.25e27_160.dat
        43       0.734821        3.57717       -306.624        20.7038        32.3065        26.1722       -1244.09     /gpfs/hpu/EHT2/supplementary/Moscibrodzka+2016/a+0.94/m_1_1_160/image_a+0.94.1043.163_0_230.e9_6.2e9_3.25e27_160.dat
        44       0.719834        3.65622       -165.134         28.288        22.7451        24.2788       -1279.08     /gpfs/hpu/EHT2/supplementary/Moscibrodzka+2016/a+0.94/m_1_1_160/image_a+0.94.1044.163_0_230.e9_6.2e9_3.25e27_160.dat
        45       0.609797        3.59501       -162.118        20.1975        18.8055        18.7116       -1012.74     /gpfs/hpu/EHT2/supplementary/Moscibrodzka+2016/a+0.94/m_1_1_160/image_a+0.94.1045.163_0_230.e9_6.2e9_3.25e27_160.dat
        46       0.675453        3.63175       -166.873         22.602         37.425        29.7289       -1428.61     /gpfs/hpu/EHT2/supplementary/Moscibrodzka+2016/a+0.94/m_1_1_160/image_a+0.94.1046.163_0_230.e9_6.2e9_3.25e27_160.dat
        47       0.627728        3.71067       -278.433        33.4729         22.013        26.0991       -1199.12     /gpfs/hpu/EHT2/supplementary/Moscibrodzka+2016/a+0.94/m_1_1_160/image_a+0.94.1047.163_0_230.e9_6.2e9_3.25e27_160.dat
        48       0.699239        3.74984       -169.571        17.3224        24.4657        20.5216        -1089.1     /gpfs/hpu/EHT2/supplementary/Moscibrodzka+2016/a+0.94/m_1_1_160/image_a+0.94.1048.163_0_230.e9_6.2e9_3.25e27_160.dat
        49       0.635704        3.68221       -164.243         17.912        19.0369        17.8603       -964.567     /gpfs/hpu/EHT2/supplementary/Moscibrodzka+2016/a+0.94/m_1_1_160/image_a+0.94.1049.163_0_230.e9_6.2e9_3.25e27_160.dat
        50       0.561402        3.57072       -162.642        12.8224        14.1815        13.0825       -746.893     /gpfs/hpu/EHT2/supplementary/Moscibrodzka+2016/a+0.94/m_1_1_160/image_a+0.94.1050.163_0_230.e9_6.2e9_3.25e27_160.dat
        51       0.569965        3.54056       -163.667        16.1136        15.7094        15.3072       -811.172     /gpfs/hpu/EHT2/supplementary/Moscibrodzka+2016/a+0.94/m_1_1_160/image_a+0.94.1051.163_0_230.e9_6.2e9_3.25e27_160.dat
        52       0.537748        3.64119        -173.34        21.0569        13.8755        16.4331       -870.705     /gpfs/hpu/EHT2/supplementary/Moscibrodzka+2016/a+0.94/m_1_1_160/image_a+0.94.1052.163_0_230.e9_6.2e9_3.25e27_160.dat
        53       0.558726        3.60998       -164.413         17.905        14.7444         15.554       -839.678     /gpfs/hpu/EHT2/supplementary/Moscibrodzka+2016/a+0.94/m_1_1_160/image_a+0.94.1053.163_0_230.e9_6.2e9_3.25e27_160.dat
        54       0.562673        3.59705        -159.93        13.5681         20.382         16.728       -886.942     /gpfs/hpu/EHT2/supplementary/Moscibrodzka+2016/a+0.94/m_1_1_160/image_a+0.94.1054.163_0_230.e9_6.2e9_3.25e27_160.dat
        55        0.56665        3.45055       -159.267        13.0347        17.7232        15.0736       -824.558     /gpfs/hpu/EHT2/supplementary/Moscibrodzka+2016/a+0.94/m_1_1_160/image_a+0.94.1055.163_0_230.e9_6.2e9_3.25e27_160.dat
        56       0.620816        3.42793       -154.545        11.9235        11.6131        11.3207       -678.424     /gpfs/hpu/EHT2/supplementary/Moscibrodzka+2016/a+0.94/m_1_1_160/image_a+0.94.1056.163_0_230.e9_6.2e9_3.25e27_160.dat
        57       0.800933        3.52984       -161.293        24.2481         11.746        16.6525       -908.982     /gpfs/hpu/EHT2/supplementary/Moscibrodzka+2016/a+0.94/m_1_1_160/image_a+0.94.1057.163_0_230.e9_6.2e9_3.25e27_160.dat
        58        1.01162        3.71484       -163.791        37.1403        19.6691        26.4067       -1569.28     /gpfs/hpu/EHT2/supplementary/Moscibrodzka+2016/a+0.94/m_1_1_160/image_a+0.94.1058.163_0_230.e9_6.2e9_3.25e27_160.dat
        59       0.904313        3.80717       -163.561        36.1754        16.1204        24.0907       -1257.43     /gpfs/hpu/EHT2/supplementary/Moscibrodzka+2016/a+0.94/m_1_1_160/image_a+0.94.1059.163_0_230.e9_6.2e9_3.25e27_160.dat
        60       0.959126        3.87685       -163.768        38.3692        15.3249        24.6002       -1296.59     /gpfs/hpu/EHT2/supplementary/Moscibrodzka+2016/a+0.94/m_1_1_160/image_a+0.94.1060.163_0_230.e9_6.2e9_3.25e27_160.dat
        61       0.723107        3.76077       -170.521        36.4854        14.5173        23.3628       -1257.15     /gpfs/hpu/EHT2/supplementary/Moscibrodzka+2016/a+0.94/m_1_1_160/image_a+0.94.1061.163_0_230.e9_6.2e9_3.25e27_160.dat
        62       0.659064        3.86126       -155.087         16.344        15.0689        15.0619       -788.574     /gpfs/hpu/EHT2/supplementary/Moscibrodzka+2016/a+0.94/m_1_1_160/image_a+0.94.1062.163_0_230.e9_6.2e9_3.25e27_160.dat
        63         0.6606        3.69137       -153.032        13.1126        10.8872        11.4387       -655.802     /gpfs/hpu/EHT2/supplementary/Moscibrodzka+2016/a+0.94/m_1_1_160/image_a+0.94.1063.163_0_230.e9_6.2e9_3.25e27_160.dat
        64       0.882755        3.97899       -156.265        23.8275        22.2039        22.0846       -1181.76     /gpfs/hpu/EHT2/supplementary/Moscibrodzka+2016/a+0.94/m_1_1_160/image_a+0.94.1064.163_0_230.e9_6.2e9_3.25e27_160.dat
        65       0.731695        3.83914       -153.411        23.6547        25.0193        23.5215       -1174.31     /gpfs/hpu/EHT2/supplementary/Moscibrodzka+2016/a+0.94/m_1_1_160/image_a+0.94.1065.163_0_230.e9_6.2e9_3.25e27_160.dat
        66       0.832556        3.72244       -152.788         25.739        21.8303           22.7       -1109.82     /gpfs/hpu/EHT2/supplementary/Moscibrodzka+2016/a+0.94/m_1_1_160/image_a+0.94.1066.163_0_230.e9_6.2e9_3.25e27_160.dat
        67       0.751949        3.66194       -156.182        12.9563        10.4614        11.1435       -661.013     /gpfs/hpu/EHT2/supplementary/Moscibrodzka+2016/a+0.94/m_1_1_160/image_a+0.94.1067.163_0_230.e9_6.2e9_3.25e27_160.dat
        68       0.827152        3.78065       -156.413        18.8372          15.33        16.2661       -850.355     /gpfs/hpu/EHT2/supplementary/Moscibrodzka+2016/a+0.94/m_1_1_160/image_a+0.94.1068.163_0_230.e9_6.2e9_3.25e27_160.dat
        69       0.764267        3.72482       -158.181          34.87        23.7349        27.6194       -1302.72     /gpfs/hpu/EHT2/supplementary/Moscibrodzka+2016/a+0.94/m_1_1_160/image_a+0.94.1069.163_0_230.e9_6.2e9_3.25e27_160.dat
        70       0.862826        3.85721       -154.881        39.4831        22.2257        28.7785       -1381.09     /gpfs/hpu/EHT2/supplementary/Moscibrodzka+2016/a+0.94/m_1_1_160/image_a+0.94.1070.163_0_230.e9_6.2e9_3.25e27_160.dat
        71       0.800987        3.96862       -154.402         34.173        15.0047        22.6373       -1150.46     /gpfs/hpu/EHT2/supplementary/Moscibrodzka+2016/a+0.94/m_1_1_160/image_a+0.94.1071.163_0_230.e9_6.2e9_3.25e27_160.dat
        72       0.728514        3.76219       -150.753        26.0688        13.8915        18.5809       -940.044     /gpfs/hpu/EHT2/supplementary/Moscibrodzka+2016/a+0.94/m_1_1_160/image_a+0.94.1072.163_0_230.e9_6.2e9_3.25e27_160.dat
        73       0.823836        3.77112       -162.929         53.078        25.7061        36.4487       -1710.81     /gpfs/hpu/EHT2/supplementary/Moscibrodzka+2016/a+0.94/m_1_1_160/image_a+0.94.1073.163_0_230.e9_6.2e9_3.25e27_160.dat
        74       0.800606         3.7313       -167.127        48.6691        15.4361        29.0561        -1423.7     /gpfs/hpu/EHT2/supplementary/Moscibrodzka+2016/a+0.94/m_1_1_160/image_a+0.94.1074.163_0_230.e9_6.2e9_3.25e27_160.dat
        75          0.903         3.7387       -158.001         26.204        13.5393        18.4496       -953.164     /gpfs/hpu/EHT2/supplementary/Moscibrodzka+2016/a+0.94/m_1_1_160/image_a+0.94.1075.163_0_230.e9_6.2e9_3.25e27_160.dat
        76       0.705731        3.66599       -163.476        16.7755        11.4267        13.2917       -734.401     /gpfs/hpu/EHT2/supplementary/Moscibrodzka+2016/a+0.94/m_1_1_160/image_a+0.94.1076.163_0_230.e9_6.2e9_3.25e27_160.dat
        77       0.728535        3.74304       -156.638        20.4794         12.312        15.3476       -833.237     /gpfs/hpu/EHT2/supplementary/Moscibrodzka+2016/a+0.94/m_1_1_160/image_a+0.94.1077.163_0_230.e9_6.2e9_3.25e27_160.dat
        78       0.772966        3.76116       -159.337        31.5101        14.3055        21.1256       -1106.16     /gpfs/hpu/EHT2/supplementary/Moscibrodzka+2016/a+0.94/m_1_1_160/image_a+0.94.1078.163_0_230.e9_6.2e9_3.25e27_160.dat
        79       0.728972        3.84535       -160.847        31.3105        24.1757        26.3366       -1258.53     /gpfs/hpu/EHT2/supplementary/Moscibrodzka+2016/a+0.94/m_1_1_160/image_a+0.94.1079.163_0_230.e9_6.2e9_3.25e27_160.dat
        80        0.73807        3.72492       -180.246        37.4939        11.7848         22.327       -1089.07     /gpfs/hpu/EHT2/supplementary/Moscibrodzka+2016/a+0.94/m_1_1_160/image_a+0.94.1080.163_0_230.e9_6.2e9_3.25e27_160.dat
        81       0.721329        3.75809       -161.819        15.0094        25.9902        20.3524       -1123.58     /gpfs/hpu/EHT2/supplementary/Moscibrodzka+2016/a+0.94/m_1_1_160/image_a+0.94.1081.163_0_230.e9_6.2e9_3.25e27_160.dat
        82        0.75263        3.70369       -161.626        16.3739        10.9442        12.8614       -732.903     /gpfs/hpu/EHT2/supplementary/Moscibrodzka+2016/a+0.94/m_1_1_160/image_a+0.94.1082.163_0_230.e9_6.2e9_3.25e27_160.dat
        83       0.564697          3.518       -154.992        12.7744        12.3467        12.0776       -665.704     /gpfs/hpu/EHT2/supplementary/Moscibrodzka+2016/a+0.94/m_1_1_160/image_a+0.94.1083.163_0_230.e9_6.2e9_3.25e27_160.dat
        84       0.590925        3.71791       -157.134        19.8376        24.0037        21.3473       -1057.45     /gpfs/hpu/EHT2/supplementary/Moscibrodzka+2016/a+0.94/m_1_1_160/image_a+0.94.1084.163_0_230.e9_6.2e9_3.25e27_160.dat
        85       0.713408         3.8346       -153.581        26.4892        16.3215        20.0642       -1018.38     /gpfs/hpu/EHT2/supplementary/Moscibrodzka+2016/a+0.94/m_1_1_160/image_a+0.94.1085.163_0_230.e9_6.2e9_3.25e27_160.dat
        86       0.574964        3.54733       -172.318        35.5761        26.5508        29.4317        -1468.5     /gpfs/hpu/EHT2/supplementary/Moscibrodzka+2016/a+0.94/m_1_1_160/image_a+0.94.1086.163_0_230.e9_6.2e9_3.25e27_160.dat
        87       0.620994        3.54344       -178.039        33.0778        13.2675        21.2377       -1073.75     /gpfs/hpu/EHT2/supplementary/Moscibrodzka+2016/a+0.94/m_1_1_160/image_a+0.94.1087.163_0_230.e9_6.2e9_3.25e27_160.dat
        88       0.784007        3.64245       -173.644        30.5798        25.3005        26.6283       -1362.93     /gpfs/hpu/EHT2/supplementary/Moscibrodzka+2016/a+0.94/m_1_1_160/image_a+0.94.1088.163_0_230.e9_6.2e9_3.25e27_160.dat
        89       0.984071        3.79143       -152.677        25.3157        12.8139        17.6812       -925.593     /gpfs/hpu/EHT2/supplementary/Moscibrodzka+2016/a+0.94/m_1_1_160/image_a+0.94.1089.163_0_230.e9_6.2e9_3.25e27_160.dat
