   # Index         I (Jy)      M/D (uas)       PA (deg)  VA red. chisq  CP red. chisq     red. chisq     log-liklhd     FileName
         0       0.907231        3.10386        292.999        13.3566         110.73        67.3784         -10322     /gpfs/hpu/EHT2/IHARM/SANE/SANE_a-0.5_288x128x128_IHARM/m_1_1_80/image_a-0.5_1000_17_0_230.e9_6.2e9_1.47946e+29_80.dat
         1       0.763242        3.59336        292.984        11.4696        230.836        133.398       -17047.8     /gpfs/hpu/EHT2/IHARM/SANE/SANE_a-0.5_288x128x128_IHARM/m_1_1_80/image_a-0.5_1006_17_0_230.e9_6.2e9_1.47946e+29_80.dat
         2       0.770469         3.1437            293        12.2223        63.5175        40.6177       -6341.28     /gpfs/hpu/EHT2/IHARM/SANE/SANE_a-0.5_288x128x128_IHARM/m_1_1_80/image_a-0.5_1012_17_0_230.e9_6.2e9_1.47946e+29_80.dat
         3       0.699765        3.01352        292.986         9.1878        64.8436        40.0464       -5599.72     /gpfs/hpu/EHT2/IHARM/SANE/SANE_a-0.5_288x128x128_IHARM/m_1_1_80/image_a-0.5_1018_17_0_230.e9_6.2e9_1.47946e+29_80.dat
         4        1.07014        4.19349            293        48.9008        212.248        139.204       -17914.2     /gpfs/hpu/EHT2/IHARM/SANE/SANE_a-0.5_288x128x128_IHARM/m_1_1_80/image_a-0.5_1024_17_0_230.e9_6.2e9_1.47946e+29_80.dat
         5       0.600258        3.08045        287.682         4.4807        140.975        80.3787       -12455.6     /gpfs/hpu/EHT2/IHARM/SANE/SANE_a-0.5_288x128x128_IHARM/m_1_1_80/image_a-0.5_1030_17_0_230.e9_6.2e9_1.47946e+29_80.dat
         6       0.572867        2.87897        292.996        6.76149         50.688        31.1227       -4417.75     /gpfs/hpu/EHT2/IHARM/SANE/SANE_a-0.5_288x128x128_IHARM/m_1_1_80/image_a-0.5_1036_17_0_230.e9_6.2e9_1.47946e+29_80.dat
         7        0.64835        2.89983        283.397        6.90429         138.68        80.1474       -11528.6     /gpfs/hpu/EHT2/IHARM/SANE/SANE_a-0.5_288x128x128_IHARM/m_1_1_80/image_a-0.5_1042_17_0_230.e9_6.2e9_1.47946e+29_80.dat
         8       0.549812        3.22401        287.356        20.1066        189.018        113.855       -14621.4     /gpfs/hpu/EHT2/IHARM/SANE/SANE_a-0.5_288x128x128_IHARM/m_1_1_80/image_a-0.5_1048_17_0_230.e9_6.2e9_1.47946e+29_80.dat
         9       0.480881        3.46641        292.986        6.81277        296.726        168.053       -21273.9     /gpfs/hpu/EHT2/IHARM/SANE/SANE_a-0.5_288x128x128_IHARM/m_1_1_80/image_a-0.5_1054_17_0_230.e9_6.2e9_1.47946e+29_80.dat
        10        1.27565        3.77975        283.017        28.0421        245.579        148.752       -19038.2     /gpfs/hpu/EHT2/IHARM/SANE/SANE_a-0.5_288x128x128_IHARM/m_1_1_80/image_a-0.5_1060_17_0_230.e9_6.2e9_1.47946e+29_80.dat
        11       0.646713        3.45716        283.004        15.7597        246.933        144.206       -18428.6     /gpfs/hpu/EHT2/IHARM/SANE/SANE_a-0.5_288x128x128_IHARM/m_1_1_80/image_a-0.5_1066_17_0_230.e9_6.2e9_1.47946e+29_80.dat
        12       0.476146        2.84474        292.992          7.847        40.9431        26.1685       -3757.75     /gpfs/hpu/EHT2/IHARM/SANE/SANE_a-0.5_288x128x128_IHARM/m_1_1_80/image_a-0.5_1072_17_0_230.e9_6.2e9_1.47946e+29_80.dat
        13       0.564461         2.9174        292.999        8.30484        75.0756        45.3591       -6120.42     /gpfs/hpu/EHT2/IHARM/SANE/SANE_a-0.5_288x128x128_IHARM/m_1_1_80/image_a-0.5_1078_17_0_230.e9_6.2e9_1.47946e+29_80.dat
        14       0.995048         3.3031        292.969        5.93244        148.725        85.3176       -13287.1     /gpfs/hpu/EHT2/IHARM/SANE/SANE_a-0.5_288x128x128_IHARM/m_1_1_80/image_a-0.5_1084_17_0_230.e9_6.2e9_1.47946e+29_80.dat
        15       0.507105        2.95336        283.003         18.141        168.132        101.384       -14226.7     /gpfs/hpu/EHT2/IHARM/SANE/SANE_a-0.5_288x128x128_IHARM/m_1_1_80/image_a-0.5_1090_17_0_230.e9_6.2e9_1.47946e+29_80.dat
        16       0.628699        3.40898        283.001        6.90101        306.489        173.524       -22002.5     /gpfs/hpu/EHT2/IHARM/SANE/SANE_a-0.5_288x128x128_IHARM/m_1_1_80/image_a-0.5_1096_17_0_230.e9_6.2e9_1.47946e+29_80.dat
        17       0.485169        3.26968        283.004        16.6841        270.273        157.592       -20022.1     /gpfs/hpu/EHT2/IHARM/SANE/SANE_a-0.5_288x128x128_IHARM/m_1_1_80/image_a-0.5_1102_17_0_230.e9_6.2e9_1.47946e+29_80.dat
        18       0.719215        3.01427        283.946        9.42716        123.816        72.9651         -10554     /gpfs/hpu/EHT2/IHARM/SANE/SANE_a-0.5_288x128x128_IHARM/m_1_1_80/image_a-0.5_1108_17_0_230.e9_6.2e9_1.47946e+29_80.dat
        19       0.665255        3.21026        292.996         3.8749        146.805        83.3616       -12532.8     /gpfs/hpu/EHT2/IHARM/SANE/SANE_a-0.5_288x128x128_IHARM/m_1_1_80/image_a-0.5_1114_17_0_230.e9_6.2e9_1.47946e+29_80.dat
        20       0.623482        3.60589         292.86        8.55133        236.622        135.358         -17416     /gpfs/hpu/EHT2/IHARM/SANE/SANE_a-0.5_288x128x128_IHARM/m_1_1_80/image_a-0.5_1120_17_0_230.e9_6.2e9_1.47946e+29_80.dat
        21       0.597062        3.18917        292.999        6.17606         116.92        67.7251       -9507.28     /gpfs/hpu/EHT2/IHARM/SANE/SANE_a-0.5_288x128x128_IHARM/m_1_1_80/image_a-0.5_1126_17_0_230.e9_6.2e9_1.47946e+29_80.dat
        22       0.784336        3.59827        284.856        30.5281        311.991        186.779       -23678.9     /gpfs/hpu/EHT2/IHARM/SANE/SANE_a-0.5_288x128x128_IHARM/m_1_1_80/image_a-0.5_1132_17_0_230.e9_6.2e9_1.47946e+29_80.dat
        23       0.465831         3.2257        292.923        9.72376        190.883        110.413       -14130.8     /gpfs/hpu/EHT2/IHARM/SANE/SANE_a-0.5_288x128x128_IHARM/m_1_1_80/image_a-0.5_1138_17_0_230.e9_6.2e9_1.47946e+29_80.dat
        24       0.492396         3.2088        283.018         9.6518        238.438        136.844       -17441.5     /gpfs/hpu/EHT2/IHARM/SANE/SANE_a-0.5_288x128x128_IHARM/m_1_1_80/image_a-0.5_1144_17_0_230.e9_6.2e9_1.47946e+29_80.dat
        25       0.590225        3.36828        292.999        9.99673        292.594        167.128       -21136.9     /gpfs/hpu/EHT2/IHARM/SANE/SANE_a-0.5_288x128x128_IHARM/m_1_1_80/image_a-0.5_1150_17_0_230.e9_6.2e9_1.47946e+29_80.dat
        26       0.510911        3.46389        292.999        3.79754        393.025        220.338       -27733.8     /gpfs/hpu/EHT2/IHARM/SANE/SANE_a-0.5_288x128x128_IHARM/m_1_1_80/image_a-0.5_1156_17_0_230.e9_6.2e9_1.47946e+29_80.dat
        27        1.00543        3.97042        288.124        57.8306        292.217        187.556       -25298.5     /gpfs/hpu/EHT2/IHARM/SANE/SANE_a-0.5_288x128x128_IHARM/m_1_1_80/image_a-0.5_1162_17_0_230.e9_6.2e9_1.47946e+29_80.dat
        28        1.26216         3.9665        283.009        71.5591        191.346        137.349       -21135.7     /gpfs/hpu/EHT2/IHARM/SANE/SANE_a-0.5_288x128x128_IHARM/m_1_1_80/image_a-0.5_1168_17_0_230.e9_6.2e9_1.47946e+29_80.dat
        29       0.736865        3.18828        283.147        9.95879        59.3096        37.2997       -5950.05     /gpfs/hpu/EHT2/IHARM/SANE/SANE_a-0.5_288x128x128_IHARM/m_1_1_80/image_a-0.5_1174_17_0_230.e9_6.2e9_1.47946e+29_80.dat
        30       0.581146        3.12105        292.994        4.72642        79.0554        46.0297       -6698.05     /gpfs/hpu/EHT2/IHARM/SANE/SANE_a-0.5_288x128x128_IHARM/m_1_1_80/image_a-0.5_1180_17_0_230.e9_6.2e9_1.47946e+29_80.dat
        31       0.634785        3.10971        292.794        4.99822        75.3221        44.0696       -6257.89     /gpfs/hpu/EHT2/IHARM/SANE/SANE_a-0.5_288x128x128_IHARM/m_1_1_80/image_a-0.5_1186_17_0_230.e9_6.2e9_1.47946e+29_80.dat
        32       0.553861        2.94833        292.998        5.10011        116.889        67.2435       -9126.51     /gpfs/hpu/EHT2/IHARM/SANE/SANE_a-0.5_288x128x128_IHARM/m_1_1_80/image_a-0.5_1192_17_0_230.e9_6.2e9_1.47946e+29_80.dat
        33       0.633953         3.0214        283.025        10.4715        128.336        75.9307       -10425.5     /gpfs/hpu/EHT2/IHARM/SANE/SANE_a-0.5_288x128x128_IHARM/m_1_1_80/image_a-0.5_1198_17_0_230.e9_6.2e9_1.47946e+29_80.dat
        34       0.787072        3.03224        292.995        13.3653        77.6895         48.997       -7106.34     /gpfs/hpu/EHT2/IHARM/SANE/SANE_a-0.5_288x128x128_IHARM/m_1_1_80/image_a-0.5_1204_17_0_230.e9_6.2e9_1.47946e+29_80.dat
        35        1.28048        3.91915        292.991        12.2444        91.0794        55.9641       -8549.19     /gpfs/hpu/EHT2/IHARM/SANE/SANE_a-0.5_288x128x128_IHARM/m_1_1_80/image_a-0.5_1210_17_0_230.e9_6.2e9_1.47946e+29_80.dat
        36       0.811668        3.58725            293        32.6777        124.031        83.1163       -14316.2     /gpfs/hpu/EHT2/IHARM/SANE/SANE_a-0.5_288x128x128_IHARM/m_1_1_80/image_a-0.5_1216_17_0_230.e9_6.2e9_1.47946e+29_80.dat
        37       0.579558          3.247        292.991        3.95248        175.315        99.2597       -14554.4     /gpfs/hpu/EHT2/IHARM/SANE/SANE_a-0.5_288x128x128_IHARM/m_1_1_80/image_a-0.5_1222_17_0_230.e9_6.2e9_1.47946e+29_80.dat
        38       0.632117        3.22685        292.997        6.52124        142.483        82.0986       -12304.4     /gpfs/hpu/EHT2/IHARM/SANE/SANE_a-0.5_288x128x128_IHARM/m_1_1_80/image_a-0.5_1228_17_0_230.e9_6.2e9_1.47946e+29_80.dat
        39       0.540847        2.95667        292.991         3.4736        90.2229        51.7034       -8079.46     /gpfs/hpu/EHT2/IHARM/SANE/SANE_a-0.5_288x128x128_IHARM/m_1_1_80/image_a-0.5_1234_17_0_230.e9_6.2e9_1.47946e+29_80.dat
        40       0.614324          3.085        292.576        20.9456        180.828        109.659       -14819.4     /gpfs/hpu/EHT2/IHARM/SANE/SANE_a-0.5_288x128x128_IHARM/m_1_1_80/image_a-0.5_1240_17_0_230.e9_6.2e9_1.47946e+29_80.dat
        41       0.558672        3.02681        283.003        18.1598        81.1496        52.9909       -7209.11     /gpfs/hpu/EHT2/IHARM/SANE/SANE_a-0.5_288x128x128_IHARM/m_1_1_80/image_a-0.5_1246_17_0_230.e9_6.2e9_1.47946e+29_80.dat
        42        0.76824        3.48714        292.995        7.87254        189.823        109.024       -14166.1     /gpfs/hpu/EHT2/IHARM/SANE/SANE_a-0.5_288x128x128_IHARM/m_1_1_80/image_a-0.5_1252_17_0_230.e9_6.2e9_1.47946e+29_80.dat
        43       0.768634        3.11762         286.98        6.35939        107.038        62.3051       -10007.8     /gpfs/hpu/EHT2/IHARM/SANE/SANE_a-0.5_288x128x128_IHARM/m_1_1_80/image_a-0.5_1258_17_0_230.e9_6.2e9_1.47946e+29_80.dat
        44       0.744891        3.12233        292.405        7.02381        76.6963        45.7082       -6416.18     /gpfs/hpu/EHT2/IHARM/SANE/SANE_a-0.5_288x128x128_IHARM/m_1_1_80/image_a-0.5_1264_17_0_230.e9_6.2e9_1.47946e+29_80.dat
        45       0.584136        3.19962        292.924        5.61572        129.612        74.5457       -10482.2     /gpfs/hpu/EHT2/IHARM/SANE/SANE_a-0.5_288x128x128_IHARM/m_1_1_80/image_a-0.5_1270_17_0_230.e9_6.2e9_1.47946e+29_80.dat
        46       0.706392        3.59126        292.984        30.6864        225.906        138.945       -18050.5     /gpfs/hpu/EHT2/IHARM/SANE/SANE_a-0.5_288x128x128_IHARM/m_1_1_80/image_a-0.5_1276_17_0_230.e9_6.2e9_1.47946e+29_80.dat
        47       0.563976        3.31573        283.001        6.29578        267.167        151.382       -19326.8     /gpfs/hpu/EHT2/IHARM/SANE/SANE_a-0.5_288x128x128_IHARM/m_1_1_80/image_a-0.5_1282_17_0_230.e9_6.2e9_1.47946e+29_80.dat
        48       0.524813        3.21753        283.003        14.3082        248.698        144.561       -18496.5     /gpfs/hpu/EHT2/IHARM/SANE/SANE_a-0.5_288x128x128_IHARM/m_1_1_80/image_a-0.5_1288_17_0_230.e9_6.2e9_1.47946e+29_80.dat
        49       0.644672        3.05882        292.992        5.48112        27.4848        17.6588       -2820.51     /gpfs/hpu/EHT2/IHARM/SANE/SANE_a-0.5_288x128x128_IHARM/m_1_1_80/image_a-0.5_1294_17_0_230.e9_6.2e9_1.47946e+29_80.dat
        50        0.81807        3.02796        292.957        16.3307        14.3486        15.0302       -2467.74     /gpfs/hpu/EHT2/IHARM/SANE/SANE_a-0.5_288x128x128_IHARM/m_1_1_80/image_a-0.5_1300_17_0_230.e9_6.2e9_1.47946e+29_80.dat
        51        0.43333        3.18507        292.963        5.45896        7.09687        6.30434       -1184.63     /gpfs/hpu/EHT2/IHARM/SANE/SANE_a-0.5_288x128x128_IHARM/m_1_1_80/image_a-0.5_1306_17_0_230.e9_6.2e9_1.47946e+29_80.dat
        52       0.599852        3.38589            293        13.3388        74.3503        47.1274       -6665.92     /gpfs/hpu/EHT2/IHARM/SANE/SANE_a-0.5_288x128x128_IHARM/m_1_1_80/image_a-0.5_1312_17_0_230.e9_6.2e9_1.47946e+29_80.dat
        53       0.613982        3.80674        292.995         16.378        195.354        115.771       -14927.1     /gpfs/hpu/EHT2/IHARM/SANE/SANE_a-0.5_288x128x128_IHARM/m_1_1_80/image_a-0.5_1318_17_0_230.e9_6.2e9_1.47946e+29_80.dat
        54       0.648453        3.61171        292.998        19.8509        325.134        189.486       -24001.3     /gpfs/hpu/EHT2/IHARM/SANE/SANE_a-0.5_288x128x128_IHARM/m_1_1_80/image_a-0.5_1324_17_0_230.e9_6.2e9_1.47946e+29_80.dat
        55        1.10036        3.50321        283.087        29.7288        270.769        163.496       -21094.6     /gpfs/hpu/EHT2/IHARM/SANE/SANE_a-0.5_288x128x128_IHARM/m_1_1_80/image_a-0.5_1330_17_0_230.e9_6.2e9_1.47946e+29_80.dat
        56       0.601086        3.31692        283.006         12.877        204.356         119.27         -15455     /gpfs/hpu/EHT2/IHARM/SANE/SANE_a-0.5_288x128x128_IHARM/m_1_1_80/image_a-0.5_1336_17_0_230.e9_6.2e9_1.47946e+29_80.dat
        57       0.728957        3.05164        283.001        17.5794        132.264        81.1833       -12524.8     /gpfs/hpu/EHT2/IHARM/SANE/SANE_a-0.5_288x128x128_IHARM/m_1_1_80/image_a-0.5_1342_17_0_230.e9_6.2e9_1.47946e+29_80.dat
        58       0.727878        3.50184        283.001        56.6695        313.275        198.772         -27068     /gpfs/hpu/EHT2/IHARM/SANE/SANE_a-0.5_288x128x128_IHARM/m_1_1_80/image_a-0.5_1348_17_0_230.e9_6.2e9_1.47946e+29_80.dat
        59        0.65708        3.13904        283.003        5.88936         92.323        53.9142        -7768.6     /gpfs/hpu/EHT2/IHARM/SANE/SANE_a-0.5_288x128x128_IHARM/m_1_1_80/image_a-0.5_1354_17_0_230.e9_6.2e9_1.47946e+29_80.dat
        60       0.756404         3.1887        292.316        5.50632        49.6312        29.9931       -4713.46     /gpfs/hpu/EHT2/IHARM/SANE/SANE_a-0.5_288x128x128_IHARM/m_1_1_80/image_a-0.5_1360_17_0_230.e9_6.2e9_1.47946e+29_80.dat
        61       0.611734        2.93194        289.273        8.80278        62.4629        38.5556       -5400.37     /gpfs/hpu/EHT2/IHARM/SANE/SANE_a-0.5_288x128x128_IHARM/m_1_1_80/image_a-0.5_1366_17_0_230.e9_6.2e9_1.47946e+29_80.dat
        62       0.597718        3.23208        285.643         10.199        54.1226         34.517       -4889.36     /gpfs/hpu/EHT2/IHARM/SANE/SANE_a-0.5_288x128x128_IHARM/m_1_1_80/image_a-0.5_1372_17_0_230.e9_6.2e9_1.47946e+29_80.dat
        63        0.44912        3.30224        283.269        8.98221        43.4571        28.0571       -3976.19     /gpfs/hpu/EHT2/IHARM/SANE/SANE_a-0.5_288x128x128_IHARM/m_1_1_80/image_a-0.5_1378_17_0_230.e9_6.2e9_1.47946e+29_80.dat
        64       0.519987         3.4586        292.754        3.01496        16.9503        10.7329       -1768.37     /gpfs/hpu/EHT2/IHARM/SANE/SANE_a-0.5_288x128x128_IHARM/m_1_1_80/image_a-0.5_1384_17_0_230.e9_6.2e9_1.47946e+29_80.dat
        65       0.436823        3.13161        292.998        6.05512        34.4777        21.7976       -3199.84     /gpfs/hpu/EHT2/IHARM/SANE/SANE_a-0.5_288x128x128_IHARM/m_1_1_80/image_a-0.5_1390_17_0_230.e9_6.2e9_1.47946e+29_80.dat
        66       0.469861        3.16422        292.988        3.12653         32.649        19.5165       -2858.03     /gpfs/hpu/EHT2/IHARM/SANE/SANE_a-0.5_288x128x128_IHARM/m_1_1_80/image_a-0.5_1396_17_0_230.e9_6.2e9_1.47946e+29_80.dat
        67       0.663112        3.08884        292.993        5.24638        25.3438        16.3662       -2549.38     /gpfs/hpu/EHT2/IHARM/SANE/SANE_a-0.5_288x128x128_IHARM/m_1_1_80/image_a-0.5_1402_17_0_230.e9_6.2e9_1.47946e+29_80.dat
        68        1.02298        4.20999        283.021        53.7667        263.305        169.714       -23123.5     /gpfs/hpu/EHT2/IHARM/SANE/SANE_a-0.5_288x128x128_IHARM/m_1_1_80/image_a-0.5_1408_17_0_230.e9_6.2e9_1.47946e+29_80.dat
        69       0.697862        3.32844        283.022        9.93602        60.3025        37.8424       -5588.38     /gpfs/hpu/EHT2/IHARM/SANE/SANE_a-0.5_288x128x128_IHARM/m_1_1_80/image_a-0.5_1414_17_0_230.e9_6.2e9_1.47946e+29_80.dat
        70       0.574577        3.27639        283.319         5.5132        138.382        79.3818       -11815.4     /gpfs/hpu/EHT2/IHARM/SANE/SANE_a-0.5_288x128x128_IHARM/m_1_1_80/image_a-0.5_1420_17_0_230.e9_6.2e9_1.47946e+29_80.dat
        71       0.645201        3.80757        292.978        17.1178        201.595        119.563       -15809.3     /gpfs/hpu/EHT2/IHARM/SANE/SANE_a-0.5_288x128x128_IHARM/m_1_1_80/image_a-0.5_1426_17_0_230.e9_6.2e9_1.47946e+29_80.dat
        72       0.617566        3.96047        292.997        26.1762         263.51        157.925       -20283.9     /gpfs/hpu/EHT2/IHARM/SANE/SANE_a-0.5_288x128x128_IHARM/m_1_1_80/image_a-0.5_1432_17_0_230.e9_6.2e9_1.47946e+29_80.dat
        73       0.615421        3.29565        283.004        4.99798        209.087        118.503       -17303.1     /gpfs/hpu/EHT2/IHARM/SANE/SANE_a-0.5_288x128x128_IHARM/m_1_1_80/image_a-0.5_1438_17_0_230.e9_6.2e9_1.47946e+29_80.dat
        74       0.554597        3.33126        283.031        11.3359        91.8199        55.9842       -8017.75     /gpfs/hpu/EHT2/IHARM/SANE/SANE_a-0.5_288x128x128_IHARM/m_1_1_80/image_a-0.5_1444_17_0_230.e9_6.2e9_1.47946e+29_80.dat
        75       0.763358        3.45061        286.282        7.56294         44.302        27.9149       -4033.81     /gpfs/hpu/EHT2/IHARM/SANE/SANE_a-0.5_288x128x128_IHARM/m_1_1_80/image_a-0.5_1450_17_0_230.e9_6.2e9_1.47946e+29_80.dat
        76       0.514317        3.39853        292.991        8.64406        45.1472        28.8517       -4157.05     /gpfs/hpu/EHT2/IHARM/SANE/SANE_a-0.5_288x128x128_IHARM/m_1_1_80/image_a-0.5_1456_17_0_230.e9_6.2e9_1.47946e+29_80.dat
        77       0.417699        3.14666        292.995        7.79569        31.2523        20.7539       -3028.66     /gpfs/hpu/EHT2/IHARM/SANE/SANE_a-0.5_288x128x128_IHARM/m_1_1_80/image_a-0.5_1462_17_0_230.e9_6.2e9_1.47946e+29_80.dat
        78       0.588552        3.01488        292.995        8.36682          74.07        44.8263       -6134.97     /gpfs/hpu/EHT2/IHARM/SANE/SANE_a-0.5_288x128x128_IHARM/m_1_1_80/image_a-0.5_1468_17_0_230.e9_6.2e9_1.47946e+29_80.dat
        79       0.610198        3.26905        292.997        11.7866        144.142        85.2936       -12181.5     /gpfs/hpu/EHT2/IHARM/SANE/SANE_a-0.5_288x128x128_IHARM/m_1_1_80/image_a-0.5_1474_17_0_230.e9_6.2e9_1.47946e+29_80.dat
        80        1.38513        4.38938         292.94        23.0046        240.438        143.717       -18410.4     /gpfs/hpu/EHT2/IHARM/SANE/SANE_a-0.5_288x128x128_IHARM/m_1_1_80/image_a-0.5_1480_17_0_230.e9_6.2e9_1.47946e+29_80.dat
        81       0.588851        3.40067        288.695        6.20656         86.713        50.9294       -7024.43     /gpfs/hpu/EHT2/IHARM/SANE/SANE_a-0.5_288x128x128_IHARM/m_1_1_80/image_a-0.5_1486_17_0_230.e9_6.2e9_1.47946e+29_80.dat
        82       0.649718        3.50076        283.076        9.23104        45.7113        29.4189       -4221.49     /gpfs/hpu/EHT2/IHARM/SANE/SANE_a-0.5_288x128x128_IHARM/m_1_1_80/image_a-0.5_1492_17_0_230.e9_6.2e9_1.47946e+29_80.dat
        83       0.701517        3.38432        292.989        10.1566        103.447        61.9454       -8349.51     /gpfs/hpu/EHT2/IHARM/SANE/SANE_a-0.5_288x128x128_IHARM/m_1_1_80/image_a-0.5_1498_17_0_230.e9_6.2e9_1.47946e+29_80.dat
        84        1.07262        5.33996        292.813        45.5686        186.298        123.327       -16239.1     /gpfs/hpu/EHT2/IHARM/SANE/SANE_a-0.5_288x128x128_IHARM/m_1_1_80/image_a-0.5_1504_17_0_230.e9_6.2e9_1.47946e+29_80.dat
        85       0.694527        3.25664        292.999        7.90186         106.03        62.4097       -9083.19     /gpfs/hpu/EHT2/IHARM/SANE/SANE_a-0.5_288x128x128_IHARM/m_1_1_80/image_a-0.5_1510_17_0_230.e9_6.2e9_1.47946e+29_80.dat
        86       0.632556        3.55607        292.996        3.55178         256.81        144.435       -18736.8     /gpfs/hpu/EHT2/IHARM/SANE/SANE_a-0.5_288x128x128_IHARM/m_1_1_80/image_a-0.5_1516_17_0_230.e9_6.2e9_1.47946e+29_80.dat
        87        1.69514        4.83361        289.983        76.9736        227.766        159.951       -22201.8     /gpfs/hpu/EHT2/IHARM/SANE/SANE_a-0.5_288x128x128_IHARM/m_1_1_80/image_a-0.5_1522_17_0_230.e9_6.2e9_1.47946e+29_80.dat
        88        1.34768        4.04164        283.001        9.88467        243.929        139.999       -18335.2     /gpfs/hpu/EHT2/IHARM/SANE/SANE_a-0.5_288x128x128_IHARM/m_1_1_80/image_a-0.5_1528_17_0_230.e9_6.2e9_1.47946e+29_80.dat
        89       0.594704        3.60814        283.084        15.8901        228.164        133.818       -17504.4     /gpfs/hpu/EHT2/IHARM/SANE/SANE_a-0.5_288x128x128_IHARM/m_1_1_80/image_a-0.5_1534_17_0_230.e9_6.2e9_1.47946e+29_80.dat
        90        1.06809        4.23341        286.856        53.4636        225.167        148.361       -19419.1     /gpfs/hpu/EHT2/IHARM/SANE/SANE_a-0.5_288x128x128_IHARM/m_1_1_80/image_a-0.5_1540_17_0_230.e9_6.2e9_1.47946e+29_80.dat
        91        1.60864        4.12611        292.996        48.8778        165.623        113.249       -15050.9     /gpfs/hpu/EHT2/IHARM/SANE/SANE_a-0.5_288x128x128_IHARM/m_1_1_80/image_a-0.5_1546_17_0_230.e9_6.2e9_1.47946e+29_80.dat
        92        0.61297        3.13639        292.965        18.3272        66.9921        45.1852       -6454.99     /gpfs/hpu/EHT2/IHARM/SANE/SANE_a-0.5_288x128x128_IHARM/m_1_1_80/image_a-0.5_1552_17_0_230.e9_6.2e9_1.47946e+29_80.dat
        93       0.682281        3.59275        292.984        7.86125        165.975         95.749       -13298.8     /gpfs/hpu/EHT2/IHARM/SANE/SANE_a-0.5_288x128x128_IHARM/m_1_1_80/image_a-0.5_1558_17_0_230.e9_6.2e9_1.47946e+29_80.dat
        94       0.762335        3.58378        292.995         21.394        231.049        137.798       -18292.9     /gpfs/hpu/EHT2/IHARM/SANE/SANE_a-0.5_288x128x128_IHARM/m_1_1_80/image_a-0.5_1564_17_0_230.e9_6.2e9_1.47946e+29_80.dat
        95       0.923151        3.85872        283.002        18.4332        329.263        191.172       -24323.3     /gpfs/hpu/EHT2/IHARM/SANE/SANE_a-0.5_288x128x128_IHARM/m_1_1_80/image_a-0.5_1570_17_0_230.e9_6.2e9_1.47946e+29_80.dat
        96       0.631406        3.24877        283.003        7.78938        138.035        80.1706       -11384.8     /gpfs/hpu/EHT2/IHARM/SANE/SANE_a-0.5_288x128x128_IHARM/m_1_1_80/image_a-0.5_1576_17_0_230.e9_6.2e9_1.47946e+29_80.dat
        97       0.760933        3.01336        292.975        11.7632        34.6265        24.3432       -3569.05     /gpfs/hpu/EHT2/IHARM/SANE/SANE_a-0.5_288x128x128_IHARM/m_1_1_80/image_a-0.5_1582_17_0_230.e9_6.2e9_1.47946e+29_80.dat
        98       0.667155        3.17969            293        12.9973        229.622        133.381       -19595.6     /gpfs/hpu/EHT2/IHARM/SANE/SANE_a-0.5_288x128x128_IHARM/m_1_1_80/image_a-0.5_1588_17_0_230.e9_6.2e9_1.47946e+29_80.dat
        99       0.830018        3.74022            293        36.0736        369.385        221.109       -27879.6     /gpfs/hpu/EHT2/IHARM/SANE/SANE_a-0.5_288x128x128_IHARM/m_1_1_80/image_a-0.5_1594_17_0_230.e9_6.2e9_1.47946e+29_80.dat
