   # Index         I (Jy)      M/D (uas)       PA (deg)  VA red. chisq  CP red. chisq     red. chisq     log-liklhd     FileName
         0       0.899046        4.71289        51.4521        33.6972        28.1972        29.5131       -1384.13     /gpfs/hpu/EHT2/supplementary/M62F05_inc+15/MAD_a+0.94_384x192x192_IHARM/m_1_1_10/image_a+0.94_1000_148_0_230.e9_6.2e9_5.78385e+24_10.dat
         1        1.02591        5.14785         51.337        23.6143         31.838        27.1631        -1365.8     /gpfs/hpu/EHT2/supplementary/M62F05_inc+15/MAD_a+0.94_384x192x192_IHARM/m_1_1_10/image_a+0.94_1010_148_0_230.e9_6.2e9_5.78385e+24_10.dat
         2       0.769672        3.91918        64.6744        68.4936        73.6611        68.7605       -2975.91     /gpfs/hpu/EHT2/supplementary/M62F05_inc+15/MAD_a+0.94_384x192x192_IHARM/m_1_1_10/image_a+0.94_1020_148_0_230.e9_6.2e9_5.78385e+24_10.dat
         3       0.790711         4.4408        183.008        28.9395        17.4821        21.7329       -1039.25     /gpfs/hpu/EHT2/supplementary/M62F05_inc+15/MAD_a+0.94_384x192x192_IHARM/m_1_1_10/image_a+0.94_1030_148_0_230.e9_6.2e9_5.78385e+24_10.dat
         4       0.685793        4.67127        187.244        41.4305        21.0225        28.9641       -1359.97     /gpfs/hpu/EHT2/supplementary/M62F05_inc+15/MAD_a+0.94_384x192x192_IHARM/m_1_1_10/image_a+0.94_1040_148_0_230.e9_6.2e9_5.78385e+24_10.dat
         5       0.647249        4.16625         189.73        53.4373        22.0488        34.6397       -1730.64     /gpfs/hpu/EHT2/supplementary/M62F05_inc+15/MAD_a+0.94_384x192x192_IHARM/m_1_1_10/image_a+0.94_1050_148_0_230.e9_6.2e9_5.78385e+24_10.dat
         6       0.630452        4.74478         190.51        30.8721        18.0633        22.8696       -1109.05     /gpfs/hpu/EHT2/supplementary/M62F05_inc+15/MAD_a+0.94_384x192x192_IHARM/m_1_1_10/image_a+0.94_1060_148_0_230.e9_6.2e9_5.78385e+24_10.dat
         7       0.805568        4.67358        186.854        62.3602          24.04        39.5167       -1833.41     /gpfs/hpu/EHT2/supplementary/M62F05_inc+15/MAD_a+0.94_384x192x192_IHARM/m_1_1_10/image_a+0.94_1070_148_0_230.e9_6.2e9_5.78385e+24_10.dat
         8       0.501879        4.50523        185.416        45.9773         18.331        29.4606        -1420.9     /gpfs/hpu/EHT2/supplementary/M62F05_inc+15/MAD_a+0.94_384x192x192_IHARM/m_1_1_10/image_a+0.94_1080_148_0_230.e9_6.2e9_5.78385e+24_10.dat
         9       0.620765        4.78618        193.463        31.3872        23.0719         25.777       -1268.96     /gpfs/hpu/EHT2/supplementary/M62F05_inc+15/MAD_a+0.94_384x192x192_IHARM/m_1_1_10/image_a+0.94_1090_148_0_230.e9_6.2e9_5.78385e+24_10.dat
        10       0.581473        4.61829        185.927        29.1844        15.8742        20.9746       -1025.81     /gpfs/hpu/EHT2/supplementary/M62F05_inc+15/MAD_a+0.94_384x192x192_IHARM/m_1_1_10/image_a+0.94_1100_148_0_230.e9_6.2e9_5.78385e+24_10.dat
        11       0.519575        4.69976        181.685        18.2199        16.5326        16.6479       -843.463     /gpfs/hpu/EHT2/supplementary/M62F05_inc+15/MAD_a+0.94_384x192x192_IHARM/m_1_1_10/image_a+0.94_1110_148_0_230.e9_6.2e9_5.78385e+24_10.dat
        12       0.468791        4.06941        163.383        27.2297        18.1027        21.3361       -1032.07     /gpfs/hpu/EHT2/supplementary/M62F05_inc+15/MAD_a+0.94_384x192x192_IHARM/m_1_1_10/image_a+0.94_1120_148_0_230.e9_6.2e9_5.78385e+24_10.dat
        13        0.64639        4.37714        170.468        31.1986        17.8762        22.9086       -1129.92     /gpfs/hpu/EHT2/supplementary/M62F05_inc+15/MAD_a+0.94_384x192x192_IHARM/m_1_1_10/image_a+0.94_1130_148_0_230.e9_6.2e9_5.78385e+24_10.dat
        14       0.461714        4.31059        175.506        27.9994        15.1373        20.0734       -1019.11     /gpfs/hpu/EHT2/supplementary/M62F05_inc+15/MAD_a+0.94_384x192x192_IHARM/m_1_1_10/image_a+0.94_1140_148_0_230.e9_6.2e9_5.78385e+24_10.dat
        15       0.536111        4.50243        186.687         34.522        16.9461        23.8281       -1170.16     /gpfs/hpu/EHT2/supplementary/M62F05_inc+15/MAD_a+0.94_384x192x192_IHARM/m_1_1_10/image_a+0.94_1150_148_0_230.e9_6.2e9_5.78385e+24_10.dat
        16       0.608725         5.0353        185.073        31.8505        17.0016        22.7175       -1112.18     /gpfs/hpu/EHT2/supplementary/M62F05_inc+15/MAD_a+0.94_384x192x192_IHARM/m_1_1_10/image_a+0.94_1160_148_0_230.e9_6.2e9_5.78385e+24_10.dat
        17       0.727435        4.58434        187.597        30.0386        25.6146        26.5658       -1268.68     /gpfs/hpu/EHT2/supplementary/M62F05_inc+15/MAD_a+0.94_384x192x192_IHARM/m_1_1_10/image_a+0.94_1170_148_0_230.e9_6.2e9_5.78385e+24_10.dat
        18        0.50896        4.25716        172.296        15.3743        14.8453         14.528       -743.814     /gpfs/hpu/EHT2/supplementary/M62F05_inc+15/MAD_a+0.94_384x192x192_IHARM/m_1_1_10/image_a+0.94_1180_148_0_230.e9_6.2e9_5.78385e+24_10.dat
        19       0.444067        4.30394        180.198        24.0856        14.2221        17.9118       -878.604     /gpfs/hpu/EHT2/supplementary/M62F05_inc+15/MAD_a+0.94_384x192x192_IHARM/m_1_1_10/image_a+0.94_1190_148_0_230.e9_6.2e9_5.78385e+24_10.dat
        20       0.450133        4.18302        42.9384        11.4283        34.1046         23.178       -1098.55     /gpfs/hpu/EHT2/supplementary/M62F05_inc+15/MAD_a+0.94_384x192x192_IHARM/m_1_1_10/image_a+0.94_1200_148_0_230.e9_6.2e9_5.78385e+24_10.dat
        21       0.538789        4.37649        166.276        45.2213         17.401        28.6389       -1343.45     /gpfs/hpu/EHT2/supplementary/M62F05_inc+15/MAD_a+0.94_384x192x192_IHARM/m_1_1_10/image_a+0.94_1210_148_0_230.e9_6.2e9_5.78385e+24_10.dat
        22       0.444247        3.91769         155.75        21.4986        17.1607        18.3844       -917.694     /gpfs/hpu/EHT2/supplementary/M62F05_inc+15/MAD_a+0.94_384x192x192_IHARM/m_1_1_10/image_a+0.94_1220_148_0_230.e9_6.2e9_5.78385e+24_10.dat
        23       0.486812        3.92842        149.752        19.4779        16.7874        17.3216       -853.751     /gpfs/hpu/EHT2/supplementary/M62F05_inc+15/MAD_a+0.94_384x192x192_IHARM/m_1_1_10/image_a+0.94_1230_148_0_230.e9_6.2e9_5.78385e+24_10.dat
        24       0.865821        4.79408        61.6368        27.7677        33.1008        29.6135       -1390.77     /gpfs/hpu/EHT2/supplementary/M62F05_inc+15/MAD_a+0.94_384x192x192_IHARM/m_1_1_10/image_a+0.94_1240_148_0_230.e9_6.2e9_5.78385e+24_10.dat
        25       0.657135        4.07448        152.535        11.9979        18.6978         15.154        -812.86     /gpfs/hpu/EHT2/supplementary/M62F05_inc+15/MAD_a+0.94_384x192x192_IHARM/m_1_1_10/image_a+0.94_1250_148_0_230.e9_6.2e9_5.78385e+24_10.dat
        26       0.572343        4.05226        189.273        10.4592        23.8597        17.2671       -909.981     /gpfs/hpu/EHT2/supplementary/M62F05_inc+15/MAD_a+0.94_384x192x192_IHARM/m_1_1_10/image_a+0.94_1260_148_0_230.e9_6.2e9_5.78385e+24_10.dat
        27       0.909715        5.23046        25.8485        13.8536        29.6176        21.8055       -1037.95     /gpfs/hpu/EHT2/supplementary/M62F05_inc+15/MAD_a+0.94_384x192x192_IHARM/m_1_1_10/image_a+0.94_1270_148_0_230.e9_6.2e9_5.78385e+24_10.dat
        28       0.872097        4.94804        27.5545        24.6753        31.4258        27.3948       -1365.08     /gpfs/hpu/EHT2/supplementary/M62F05_inc+15/MAD_a+0.94_384x192x192_IHARM/m_1_1_10/image_a+0.94_1280_148_0_230.e9_6.2e9_5.78385e+24_10.dat
        29       0.757616        4.34531        46.4686        24.8849        25.1284        24.1051       -1143.41     /gpfs/hpu/EHT2/supplementary/M62F05_inc+15/MAD_a+0.94_384x192x192_IHARM/m_1_1_10/image_a+0.94_1290_148_0_230.e9_6.2e9_5.78385e+24_10.dat
        30       0.719144        4.22382        184.341        29.3601         19.024        22.7397       -1102.67     /gpfs/hpu/EHT2/supplementary/M62F05_inc+15/MAD_a+0.94_384x192x192_IHARM/m_1_1_10/image_a+0.94_1300_148_0_230.e9_6.2e9_5.78385e+24_10.dat
        31       0.635419        4.41869         173.84        30.3288        18.5171        22.8812       -1095.32     /gpfs/hpu/EHT2/supplementary/M62F05_inc+15/MAD_a+0.94_384x192x192_IHARM/m_1_1_10/image_a+0.94_1310_148_0_230.e9_6.2e9_5.78385e+24_10.dat
        32       0.714122        4.28275        194.533        30.9239        15.3903        21.4574       -1075.83     /gpfs/hpu/EHT2/supplementary/M62F05_inc+15/MAD_a+0.94_384x192x192_IHARM/m_1_1_10/image_a+0.94_1320_148_0_230.e9_6.2e9_5.78385e+24_10.dat
        33       0.892989        4.23869        164.222        59.4264        45.0774        49.5528       -2323.97     /gpfs/hpu/EHT2/supplementary/M62F05_inc+15/MAD_a+0.94_384x192x192_IHARM/m_1_1_10/image_a+0.94_1330_148_0_230.e9_6.2e9_5.78385e+24_10.dat
        34        0.55477        4.64512        173.442        28.5012         20.375        23.0981       -1165.97     /gpfs/hpu/EHT2/supplementary/M62F05_inc+15/MAD_a+0.94_384x192x192_IHARM/m_1_1_10/image_a+0.94_1340_148_0_230.e9_6.2e9_5.78385e+24_10.dat
        35       0.466615        4.39523        184.082        38.3029        19.3208        26.7161       -1263.54     /gpfs/hpu/EHT2/supplementary/M62F05_inc+15/MAD_a+0.94_384x192x192_IHARM/m_1_1_10/image_a+0.94_1350_148_0_230.e9_6.2e9_5.78385e+24_10.dat
        36       0.603669        4.35737        172.997        42.5727        18.2524        27.9653       -1314.47     /gpfs/hpu/EHT2/supplementary/M62F05_inc+15/MAD_a+0.94_384x192x192_IHARM/m_1_1_10/image_a+0.94_1360_148_0_230.e9_6.2e9_5.78385e+24_10.dat
        37       0.561708        4.29122        187.044        39.5355        23.9295        29.7151       -1366.42     /gpfs/hpu/EHT2/supplementary/M62F05_inc+15/MAD_a+0.94_384x192x192_IHARM/m_1_1_10/image_a+0.94_1370_148_0_230.e9_6.2e9_5.78385e+24_10.dat
        38       0.657248        4.62759        178.262        58.8363         20.449        36.0857        -1671.5     /gpfs/hpu/EHT2/supplementary/M62F05_inc+15/MAD_a+0.94_384x192x192_IHARM/m_1_1_10/image_a+0.94_1380_148_0_230.e9_6.2e9_5.78385e+24_10.dat
        39       0.623829        5.10495        158.361        20.0352        19.1575        18.8312        -912.81     /gpfs/hpu/EHT2/supplementary/M62F05_inc+15/MAD_a+0.94_384x192x192_IHARM/m_1_1_10/image_a+0.94_1390_148_0_230.e9_6.2e9_5.78385e+24_10.dat
        40       0.572299         4.3654        164.144         16.908        19.6269        17.7483       -882.382     /gpfs/hpu/EHT2/supplementary/M62F05_inc+15/MAD_a+0.94_384x192x192_IHARM/m_1_1_10/image_a+0.94_1400_148_0_230.e9_6.2e9_5.78385e+24_10.dat
        41       0.518695        3.87127        51.3572        45.4664        38.0889        39.8443       -1797.66     /gpfs/hpu/EHT2/supplementary/M62F05_inc+15/MAD_a+0.94_384x192x192_IHARM/m_1_1_10/image_a+0.94_1410_148_0_230.e9_6.2e9_5.78385e+24_10.dat
        42       0.439761        4.18991        41.9665        32.9483        31.8753        31.1671       -1409.35     /gpfs/hpu/EHT2/supplementary/M62F05_inc+15/MAD_a+0.94_384x192x192_IHARM/m_1_1_10/image_a+0.94_1420_148_0_230.e9_6.2e9_5.78385e+24_10.dat
        43       0.525033        4.11649        174.998        28.8368        18.2565        22.1046       -1071.03     /gpfs/hpu/EHT2/supplementary/M62F05_inc+15/MAD_a+0.94_384x192x192_IHARM/m_1_1_10/image_a+0.94_1430_148_0_230.e9_6.2e9_5.78385e+24_10.dat
        44       0.433664         4.1596         65.512        22.8796        38.5687        30.4611       -1383.01     /gpfs/hpu/EHT2/supplementary/M62F05_inc+15/MAD_a+0.94_384x192x192_IHARM/m_1_1_10/image_a+0.94_1440_148_0_230.e9_6.2e9_5.78385e+24_10.dat
        45       0.463899        3.69172        191.644        16.8191        11.9174        13.5736       -770.757     /gpfs/hpu/EHT2/supplementary/M62F05_inc+15/MAD_a+0.94_384x192x192_IHARM/m_1_1_10/image_a+0.94_1450_148_0_230.e9_6.2e9_5.78385e+24_10.dat
        46       0.758709        3.95308        207.974        13.5176        47.4595        31.2358       -1769.29     /gpfs/hpu/EHT2/supplementary/M62F05_inc+15/MAD_a+0.94_384x192x192_IHARM/m_1_1_10/image_a+0.94_1460_148_0_230.e9_6.2e9_5.78385e+24_10.dat
        47       0.702699        4.88994        200.182        66.2067         27.224         42.867       -2176.59     /gpfs/hpu/EHT2/supplementary/M62F05_inc+15/MAD_a+0.94_384x192x192_IHARM/m_1_1_10/image_a+0.94_1470_148_0_230.e9_6.2e9_5.78385e+24_10.dat
        48        1.09901        5.23549        176.288         65.967        47.5828        53.6889       -3053.33     /gpfs/hpu/EHT2/supplementary/M62F05_inc+15/MAD_a+0.94_384x192x192_IHARM/m_1_1_10/image_a+0.94_1480_148_0_230.e9_6.2e9_5.78385e+24_10.dat
        49       0.722262        5.00162        178.717        71.9033        32.5732        48.1687       -3063.31     /gpfs/hpu/EHT2/supplementary/M62F05_inc+15/MAD_a+0.94_384x192x192_IHARM/m_1_1_10/image_a+0.94_1490_148_0_230.e9_6.2e9_5.78385e+24_10.dat
        50        0.88944        5.50524        174.408        52.8046        23.7408        35.2775       -1954.08     /gpfs/hpu/EHT2/supplementary/M62F05_inc+15/MAD_a+0.94_384x192x192_IHARM/m_1_1_10/image_a+0.94_1500_148_0_230.e9_6.2e9_5.78385e+24_10.dat
        51       0.897317        9.41257        162.679        44.7935        40.2212        40.7013       -2050.33     /gpfs/hpu/EHT2/supplementary/M62F05_inc+15/MAD_a+0.94_384x192x192_IHARM/m_1_1_10/image_a+0.94_1510_148_0_230.e9_6.2e9_5.78385e+24_10.dat
        52       0.639573        6.51312        158.115        48.6989        44.7759        44.8122       -2201.89     /gpfs/hpu/EHT2/supplementary/M62F05_inc+15/MAD_a+0.94_384x192x192_IHARM/m_1_1_10/image_a+0.94_1520_148_0_230.e9_6.2e9_5.78385e+24_10.dat
        53        0.52243        5.41378        151.757        25.7036        22.4653        23.0256       -1091.62     /gpfs/hpu/EHT2/supplementary/M62F05_inc+15/MAD_a+0.94_384x192x192_IHARM/m_1_1_10/image_a+0.94_1530_148_0_230.e9_6.2e9_5.78385e+24_10.dat
        54       0.527138        4.83079        183.025        25.3529        32.4053        28.2096       -1330.44     /gpfs/hpu/EHT2/supplementary/M62F05_inc+15/MAD_a+0.94_384x192x192_IHARM/m_1_1_10/image_a+0.94_1540_148_0_230.e9_6.2e9_5.78385e+24_10.dat
        55       0.952476        4.69231        39.1247        7.51788        23.0918        15.5996       -808.937     /gpfs/hpu/EHT2/supplementary/M62F05_inc+15/MAD_a+0.94_384x192x192_IHARM/m_1_1_10/image_a+0.94_1550_148_0_230.e9_6.2e9_5.78385e+24_10.dat
        56       0.571491        5.12643         33.137        7.56246        23.4927        15.8337       -824.854     /gpfs/hpu/EHT2/supplementary/M62F05_inc+15/MAD_a+0.94_384x192x192_IHARM/m_1_1_10/image_a+0.94_1560_148_0_230.e9_6.2e9_5.78385e+24_10.dat
        57       0.603779        4.91479        213.625        31.5339        14.3528        21.1611       -1059.39     /gpfs/hpu/EHT2/supplementary/M62F05_inc+15/MAD_a+0.94_384x192x192_IHARM/m_1_1_10/image_a+0.94_1570_148_0_230.e9_6.2e9_5.78385e+24_10.dat
        58       0.568504        5.54624        189.504        38.3662        25.6624        30.1459        -1481.8     /gpfs/hpu/EHT2/supplementary/M62F05_inc+15/MAD_a+0.94_384x192x192_IHARM/m_1_1_10/image_a+0.94_1580_148_0_230.e9_6.2e9_5.78385e+24_10.dat
        59       0.568151        4.91736        201.961        33.2346        19.5281         24.664       -1191.12     /gpfs/hpu/EHT2/supplementary/M62F05_inc+15/MAD_a+0.94_384x192x192_IHARM/m_1_1_10/image_a+0.94_1590_148_0_230.e9_6.2e9_5.78385e+24_10.dat
        60       0.484764        4.81475        200.742        31.0527        25.0352        26.6877       -1263.12     /gpfs/hpu/EHT2/supplementary/M62F05_inc+15/MAD_a+0.94_384x192x192_IHARM/m_1_1_10/image_a+0.94_1600_148_0_230.e9_6.2e9_5.78385e+24_10.dat
        61       0.579209        4.84531        184.537        58.4693        20.0428        35.7111       -1675.04     /gpfs/hpu/EHT2/supplementary/M62F05_inc+15/MAD_a+0.94_384x192x192_IHARM/m_1_1_10/image_a+0.94_1610_148_0_230.e9_6.2e9_5.78385e+24_10.dat
        62       0.561001        4.76855        179.106        24.4268        16.9498        19.5211        -953.38     /gpfs/hpu/EHT2/supplementary/M62F05_inc+15/MAD_a+0.94_384x192x192_IHARM/m_1_1_10/image_a+0.94_1620_148_0_230.e9_6.2e9_5.78385e+24_10.dat
        63       0.469122        4.05254        165.581         30.683        19.3541        23.4815       -1111.09     /gpfs/hpu/EHT2/supplementary/M62F05_inc+15/MAD_a+0.94_384x192x192_IHARM/m_1_1_10/image_a+0.94_1630_148_0_230.e9_6.2e9_5.78385e+24_10.dat
        64       0.563132        4.87867        182.502        35.0671        16.5351        23.8401       -1149.38     /gpfs/hpu/EHT2/supplementary/M62F05_inc+15/MAD_a+0.94_384x192x192_IHARM/m_1_1_10/image_a+0.94_1640_148_0_230.e9_6.2e9_5.78385e+24_10.dat
        65       0.483866        4.02214        192.547        26.2822        19.9377        21.9163       -1046.02     /gpfs/hpu/EHT2/supplementary/M62F05_inc+15/MAD_a+0.94_384x192x192_IHARM/m_1_1_10/image_a+0.94_1650_148_0_230.e9_6.2e9_5.78385e+24_10.dat
        66       0.623468        4.09824        62.2213        13.9038         26.378        20.0886       -983.107     /gpfs/hpu/EHT2/supplementary/M62F05_inc+15/MAD_a+0.94_384x192x192_IHARM/m_1_1_10/image_a+0.94_1660_148_0_230.e9_6.2e9_5.78385e+24_10.dat
        67        1.04944        4.27905          101.8        14.3373         17.012         15.248       -825.273     /gpfs/hpu/EHT2/supplementary/M62F05_inc+15/MAD_a+0.94_384x192x192_IHARM/m_1_1_10/image_a+0.94_1670_148_0_230.e9_6.2e9_5.78385e+24_10.dat
        68       0.424351        4.00174        110.823        18.0923        14.1045        15.2906       -753.751     /gpfs/hpu/EHT2/supplementary/M62F05_inc+15/MAD_a+0.94_384x192x192_IHARM/m_1_1_10/image_a+0.94_1680_148_0_230.e9_6.2e9_5.78385e+24_10.dat
        69       0.640254        4.04391        196.142        22.3451        36.9846        29.3829       -1378.38     /gpfs/hpu/EHT2/supplementary/M62F05_inc+15/MAD_a+0.94_384x192x192_IHARM/m_1_1_10/image_a+0.94_1690_148_0_230.e9_6.2e9_5.78385e+24_10.dat
        70       0.569722        4.07302        180.931        15.4919        19.7282        17.1982        -896.14     /gpfs/hpu/EHT2/supplementary/M62F05_inc+15/MAD_a+0.94_384x192x192_IHARM/m_1_1_10/image_a+0.94_1700_148_0_230.e9_6.2e9_5.78385e+24_10.dat
        71       0.416914        4.10472        193.851        19.5907        14.8963         16.355       -941.645     /gpfs/hpu/EHT2/supplementary/M62F05_inc+15/MAD_a+0.94_384x192x192_IHARM/m_1_1_10/image_a+0.94_1710_148_0_230.e9_6.2e9_5.78385e+24_10.dat
        72        0.72165        4.31849        176.041        24.5832        15.7434        18.9405       -1007.95     /gpfs/hpu/EHT2/supplementary/M62F05_inc+15/MAD_a+0.94_384x192x192_IHARM/m_1_1_10/image_a+0.94_1720_148_0_230.e9_6.2e9_5.78385e+24_10.dat
        73       0.565242        4.24072         178.87        24.3886        20.7474        21.5425       -1045.02     /gpfs/hpu/EHT2/supplementary/M62F05_inc+15/MAD_a+0.94_384x192x192_IHARM/m_1_1_10/image_a+0.94_1730_148_0_230.e9_6.2e9_5.78385e+24_10.dat
        74        0.64058        4.58171        183.474        27.5568        15.6926        20.1825       -1109.74     /gpfs/hpu/EHT2/supplementary/M62F05_inc+15/MAD_a+0.94_384x192x192_IHARM/m_1_1_10/image_a+0.94_1740_148_0_230.e9_6.2e9_5.78385e+24_10.dat
        75        1.08168        5.17116        168.598        30.9848        20.2962        24.1159       -1281.63     /gpfs/hpu/EHT2/supplementary/M62F05_inc+15/MAD_a+0.94_384x192x192_IHARM/m_1_1_10/image_a+0.94_1750_148_0_230.e9_6.2e9_5.78385e+24_10.dat
        76       0.519434        4.08691        157.856        5.34543        8.29556        6.73286       -410.301     /gpfs/hpu/EHT2/supplementary/M62F05_inc+15/MAD_a+0.94_384x192x192_IHARM/m_1_1_10/image_a+0.94_1760_148_0_230.e9_6.2e9_5.78385e+24_10.dat
        77       0.477158        3.82135        186.555        13.3878        15.5025        14.0327       -743.301     /gpfs/hpu/EHT2/supplementary/M62F05_inc+15/MAD_a+0.94_384x192x192_IHARM/m_1_1_10/image_a+0.94_1770_148_0_230.e9_6.2e9_5.78385e+24_10.dat
        78       0.471853        3.93358        185.366        17.4531        14.5411         15.252       -820.957     /gpfs/hpu/EHT2/supplementary/M62F05_inc+15/MAD_a+0.94_384x192x192_IHARM/m_1_1_10/image_a+0.94_1780_148_0_230.e9_6.2e9_5.78385e+24_10.dat
        79       0.445929        3.69201        157.691        7.51125        17.7503        12.7306       -698.407     /gpfs/hpu/EHT2/supplementary/M62F05_inc+15/MAD_a+0.94_384x192x192_IHARM/m_1_1_10/image_a+0.94_1790_148_0_230.e9_6.2e9_5.78385e+24_10.dat
        80       0.994225        6.68457        178.849        61.1623        29.8073        42.1001       -2423.15     /gpfs/hpu/EHT2/supplementary/M62F05_inc+15/MAD_a+0.94_384x192x192_IHARM/m_1_1_10/image_a+0.94_1800_148_0_230.e9_6.2e9_5.78385e+24_10.dat
        81       0.631969        4.52031        189.427        28.2178        27.5365        26.8199       -1459.41     /gpfs/hpu/EHT2/supplementary/M62F05_inc+15/MAD_a+0.94_384x192x192_IHARM/m_1_1_10/image_a+0.94_1810_148_0_230.e9_6.2e9_5.78385e+24_10.dat
        82       0.675007        4.76445        198.949        38.1503        15.4039        24.5491       -1231.63     /gpfs/hpu/EHT2/supplementary/M62F05_inc+15/MAD_a+0.94_384x192x192_IHARM/m_1_1_10/image_a+0.94_1820_148_0_230.e9_6.2e9_5.78385e+24_10.dat
        83       0.806216        4.88494         181.28        37.1234        21.8303        27.5592       -1335.02     /gpfs/hpu/EHT2/supplementary/M62F05_inc+15/MAD_a+0.94_384x192x192_IHARM/m_1_1_10/image_a+0.94_1830_148_0_230.e9_6.2e9_5.78385e+24_10.dat
        84       0.472264        4.34473        198.994        19.7778        18.1079        18.1582       -900.189     /gpfs/hpu/EHT2/supplementary/M62F05_inc+15/MAD_a+0.94_384x192x192_IHARM/m_1_1_10/image_a+0.94_1840_148_0_230.e9_6.2e9_5.78385e+24_10.dat
        85       0.586436        3.98861        160.445        13.6275        13.8803        13.2645       -706.405     /gpfs/hpu/EHT2/supplementary/M62F05_inc+15/MAD_a+0.94_384x192x192_IHARM/m_1_1_10/image_a+0.94_1850_148_0_230.e9_6.2e9_5.78385e+24_10.dat
        86       0.489128        3.72922        145.086         10.907        12.3192        11.2657       -609.387     /gpfs/hpu/EHT2/supplementary/M62F05_inc+15/MAD_a+0.94_384x192x192_IHARM/m_1_1_10/image_a+0.94_1860_148_0_230.e9_6.2e9_5.78385e+24_10.dat
        87       0.595705        4.03188        109.676        17.7951        19.8953         18.271       -915.478     /gpfs/hpu/EHT2/supplementary/M62F05_inc+15/MAD_a+0.94_384x192x192_IHARM/m_1_1_10/image_a+0.94_1870_148_0_230.e9_6.2e9_5.78385e+24_10.dat
        88       0.555686        4.13634        160.335        7.98307        18.3268        13.2413       -705.013     /gpfs/hpu/EHT2/supplementary/M62F05_inc+15/MAD_a+0.94_384x192x192_IHARM/m_1_1_10/image_a+0.94_1880_148_0_230.e9_6.2e9_5.78385e+24_10.dat
        89       0.826243        5.17284        169.557        9.79867         29.935         20.245       -987.542     /gpfs/hpu/EHT2/supplementary/M62F05_inc+15/MAD_a+0.94_384x192x192_IHARM/m_1_1_10/image_a+0.94_1890_148_0_230.e9_6.2e9_5.78385e+24_10.dat
        90       0.799112        4.76308        54.1303        21.4937        41.6612        31.5289       -1458.72     /gpfs/hpu/EHT2/supplementary/M62F05_inc+15/MAD_a+0.94_384x192x192_IHARM/m_1_1_10/image_a+0.94_1900_148_0_230.e9_6.2e9_5.78385e+24_10.dat
        91        1.07779        4.77259        51.0635        44.9607        38.0763        39.6217       -1894.55     /gpfs/hpu/EHT2/supplementary/M62F05_inc+15/MAD_a+0.94_384x192x192_IHARM/m_1_1_10/image_a+0.94_1910_148_0_230.e9_6.2e9_5.78385e+24_10.dat
        92       0.695983        4.28067        199.257         42.761        16.1336        26.9087          -1282     /gpfs/hpu/EHT2/supplementary/M62F05_inc+15/MAD_a+0.94_384x192x192_IHARM/m_1_1_10/image_a+0.94_1920_148_0_230.e9_6.2e9_5.78385e+24_10.dat
        93       0.718089        4.84153        178.754        42.7437        21.3017        29.6745       -1405.54     /gpfs/hpu/EHT2/supplementary/M62F05_inc+15/MAD_a+0.94_384x192x192_IHARM/m_1_1_10/image_a+0.94_1930_148_0_230.e9_6.2e9_5.78385e+24_10.dat
        94       0.645948        4.42116        171.394        39.0667        15.8453        25.1772       -1180.88     /gpfs/hpu/EHT2/supplementary/M62F05_inc+15/MAD_a+0.94_384x192x192_IHARM/m_1_1_10/image_a+0.94_1940_148_0_230.e9_6.2e9_5.78385e+24_10.dat
        95       0.608059        4.24874        201.366        25.4533        15.6552        19.2645       -944.647     /gpfs/hpu/EHT2/supplementary/M62F05_inc+15/MAD_a+0.94_384x192x192_IHARM/m_1_1_10/image_a+0.94_1950_148_0_230.e9_6.2e9_5.78385e+24_10.dat
        96       0.485439        4.36033        185.665        25.2839        16.6852        19.7449       -977.378     /gpfs/hpu/EHT2/supplementary/M62F05_inc+15/MAD_a+0.94_384x192x192_IHARM/m_1_1_10/image_a+0.94_1960_148_0_230.e9_6.2e9_5.78385e+24_10.dat
        97       0.569316        4.30918        181.387        44.8624        13.2765        26.2725        -1240.9     /gpfs/hpu/EHT2/supplementary/M62F05_inc+15/MAD_a+0.94_384x192x192_IHARM/m_1_1_10/image_a+0.94_1970_148_0_230.e9_6.2e9_5.78385e+24_10.dat
        98       0.514972        4.19706         197.77        24.4348        17.5812        19.8633       -975.023     /gpfs/hpu/EHT2/supplementary/M62F05_inc+15/MAD_a+0.94_384x192x192_IHARM/m_1_1_10/image_a+0.94_1980_148_0_230.e9_6.2e9_5.78385e+24_10.dat
        99       0.649485         4.3446        187.776        51.8642        18.0672        31.8317       -1503.01     /gpfs/hpu/EHT2/supplementary/M62F05_inc+15/MAD_a+0.94_384x192x192_IHARM/m_1_1_10/image_a+0.94_1990_148_0_230.e9_6.2e9_5.78385e+24_10.dat
