   # Index         I (Jy)      M/D (uas)       PA (deg)  VA red. chisq  CP red. chisq     red. chisq     log-liklhd     FileName
         0       0.478934        3.09076       -301.328        7.10341        7.38102        6.99249       -435.029     /gpfs/hpu/EHT2/IHARM/SANE/SANE_a-0.5_288x128x128_IHARM/m_1_1_160/image_a-0.5_1000_17_0_230.e9_6.2e9_1.94533e+29_160.dat
         1       0.595573         3.1494       -278.761        8.76427        9.88635        9.04572       -542.511     /gpfs/hpu/EHT2/IHARM/SANE/SANE_a-0.5_288x128x128_IHARM/m_1_1_160/image_a-0.5_1006_17_0_230.e9_6.2e9_1.94533e+29_160.dat
         2       0.352363        3.03914       -359.995        8.01423        69.3185         40.616       -2105.66     /gpfs/hpu/EHT2/IHARM/SANE/SANE_a-0.5_288x128x128_IHARM/m_1_1_160/image_a-0.5_1012_17_0_230.e9_6.2e9_1.94533e+29_160.dat
         3       0.350631        3.02703       -310.632         14.998        22.1051        18.2628       -966.026     /gpfs/hpu/EHT2/IHARM/SANE/SANE_a-0.5_288x128x128_IHARM/m_1_1_160/image_a-0.5_1018_17_0_230.e9_6.2e9_1.94533e+29_160.dat
         4       0.390595        3.37074       -347.903        5.63116        5.97632        5.61035       -360.282     /gpfs/hpu/EHT2/IHARM/SANE/SANE_a-0.5_288x128x128_IHARM/m_1_1_160/image_a-0.5_1024_17_0_230.e9_6.2e9_1.94533e+29_160.dat
         5       0.687981        3.66345       -342.976        6.04296        14.2082        10.2032       -561.982     /gpfs/hpu/EHT2/IHARM/SANE/SANE_a-0.5_288x128x128_IHARM/m_1_1_160/image_a-0.5_1030_17_0_230.e9_6.2e9_1.94533e+29_160.dat
         6       0.468937        3.23623       -316.811        8.87325        16.8827        12.8464       -721.521     /gpfs/hpu/EHT2/IHARM/SANE/SANE_a-0.5_288x128x128_IHARM/m_1_1_160/image_a-0.5_1036_17_0_230.e9_6.2e9_1.94533e+29_160.dat
         7        0.52706         3.2991        -330.25        7.96236        19.0543        13.6228        -693.81     /gpfs/hpu/EHT2/IHARM/SANE/SANE_a-0.5_288x128x128_IHARM/m_1_1_160/image_a-0.5_1042_17_0_230.e9_6.2e9_1.94533e+29_160.dat
         8       0.496266        3.10304       -303.464        23.6281         37.414        30.1609       -1416.59     /gpfs/hpu/EHT2/IHARM/SANE/SANE_a-0.5_288x128x128_IHARM/m_1_1_160/image_a-0.5_1048_17_0_230.e9_6.2e9_1.94533e+29_160.dat
         9       0.405848        2.95849       -273.507        15.7101        26.8416        21.1083       -1016.79     /gpfs/hpu/EHT2/IHARM/SANE/SANE_a-0.5_288x128x128_IHARM/m_1_1_160/image_a-0.5_1054_17_0_230.e9_6.2e9_1.94533e+29_160.dat
        10       0.594963        3.08548       -137.172        12.4755        28.2405        20.4783       -1020.16     /gpfs/hpu/EHT2/IHARM/SANE/SANE_a-0.5_288x128x128_IHARM/m_1_1_160/image_a-0.5_1060_17_0_230.e9_6.2e9_1.94533e+29_160.dat
        11       0.545161        3.16449       -14.0292        2.21374         8.6707        5.59746       -380.117     /gpfs/hpu/EHT2/IHARM/SANE/SANE_a-0.5_288x128x128_IHARM/m_1_1_160/image_a-0.5_1066_17_0_230.e9_6.2e9_1.94533e+29_160.dat
        12       0.506302        2.99595       -34.5561        2.93423        10.3503        6.80625       -443.608     /gpfs/hpu/EHT2/IHARM/SANE/SANE_a-0.5_288x128x128_IHARM/m_1_1_160/image_a-0.5_1072_17_0_230.e9_6.2e9_1.94533e+29_160.dat
        13       0.506952        3.21792        20.5919        20.7011        15.7523        17.2883       -945.604     /gpfs/hpu/EHT2/IHARM/SANE/SANE_a-0.5_288x128x128_IHARM/m_1_1_160/image_a-0.5_1078_17_0_230.e9_6.2e9_1.94533e+29_160.dat
        14       0.479192        3.05612        19.9455        8.90481        8.31089        8.26033       -501.739     /gpfs/hpu/EHT2/IHARM/SANE/SANE_a-0.5_288x128x128_IHARM/m_1_1_160/image_a-0.5_1084_17_0_230.e9_6.2e9_1.94533e+29_160.dat
        15       0.412334        3.11008       -6.18472        12.6521        23.0738        17.7814       -1085.25     /gpfs/hpu/EHT2/IHARM/SANE/SANE_a-0.5_288x128x128_IHARM/m_1_1_160/image_a-0.5_1090_17_0_230.e9_6.2e9_1.94533e+29_160.dat
        16       0.501065        3.24363       -4.17765        6.19871        15.5086        10.9675       -590.077     /gpfs/hpu/EHT2/IHARM/SANE/SANE_a-0.5_288x128x128_IHARM/m_1_1_160/image_a-0.5_1096_17_0_230.e9_6.2e9_1.94533e+29_160.dat
        17       0.715942        3.32378       -7.33128        14.7199        18.6804        16.3065       -881.449     /gpfs/hpu/EHT2/IHARM/SANE/SANE_a-0.5_288x128x128_IHARM/m_1_1_160/image_a-0.5_1102_17_0_230.e9_6.2e9_1.94533e+29_160.dat
        18       0.539703        3.21827        10.3148        10.5127         46.538        29.4587       -1669.08     /gpfs/hpu/EHT2/IHARM/SANE/SANE_a-0.5_288x128x128_IHARM/m_1_1_160/image_a-0.5_1108_17_0_230.e9_6.2e9_1.94533e+29_160.dat
        19       0.564114        3.22485        36.3718        15.5832        36.1168        26.0311       -1233.99     /gpfs/hpu/EHT2/IHARM/SANE/SANE_a-0.5_288x128x128_IHARM/m_1_1_160/image_a-0.5_1114_17_0_230.e9_6.2e9_1.94533e+29_160.dat
        20       0.534406         3.4197        46.0687        4.09112        18.4558        11.6493       -692.096     /gpfs/hpu/EHT2/IHARM/SANE/SANE_a-0.5_288x128x128_IHARM/m_1_1_160/image_a-0.5_1120_17_0_230.e9_6.2e9_1.94533e+29_160.dat
        21       0.472472         3.4037       -25.0128        5.22531        8.89306         7.0022       -423.653     /gpfs/hpu/EHT2/IHARM/SANE/SANE_a-0.5_288x128x128_IHARM/m_1_1_160/image_a-0.5_1126_17_0_230.e9_6.2e9_1.94533e+29_160.dat
        22        0.43885        2.97577       -244.925        10.5533        11.3605        10.6003       -621.837     /gpfs/hpu/EHT2/IHARM/SANE/SANE_a-0.5_288x128x128_IHARM/m_1_1_160/image_a-0.5_1132_17_0_230.e9_6.2e9_1.94533e+29_160.dat
        23       0.504322        3.56073        -315.01        3.58806        16.1283        10.1857       -545.735     /gpfs/hpu/EHT2/IHARM/SANE/SANE_a-0.5_288x128x128_IHARM/m_1_1_160/image_a-0.5_1138_17_0_230.e9_6.2e9_1.94533e+29_160.dat
        24        1.15239         3.8308       -301.354        15.8511        29.7418        22.7247       -1223.98     /gpfs/hpu/EHT2/IHARM/SANE/SANE_a-0.5_288x128x128_IHARM/m_1_1_160/image_a-0.5_1144_17_0_230.e9_6.2e9_1.94533e+29_160.dat
        25       0.855679        3.24663       -269.817        14.3851         70.441        43.9376       -2129.66     /gpfs/hpu/EHT2/IHARM/SANE/SANE_a-0.5_288x128x128_IHARM/m_1_1_160/image_a-0.5_1150_17_0_230.e9_6.2e9_1.94533e+29_160.dat
        26       0.477077        3.14758       -255.352        8.88534        32.0176        20.9727       -1072.36     /gpfs/hpu/EHT2/IHARM/SANE/SANE_a-0.5_288x128x128_IHARM/m_1_1_160/image_a-0.5_1156_17_0_230.e9_6.2e9_1.94533e+29_160.dat
        27       0.454953        2.93533       -132.561        5.45177        5.89489        5.49009       -417.489     /gpfs/hpu/EHT2/IHARM/SANE/SANE_a-0.5_288x128x128_IHARM/m_1_1_160/image_a-0.5_1162_17_0_230.e9_6.2e9_1.94533e+29_160.dat
        28       0.465806        3.17093       -230.923        7.00597        17.4539        12.3558       -664.997     /gpfs/hpu/EHT2/IHARM/SANE/SANE_a-0.5_288x128x128_IHARM/m_1_1_160/image_a-0.5_1168_17_0_230.e9_6.2e9_1.94533e+29_160.dat
        29       0.575127        3.29576       -219.437        4.24451        20.7175        12.9284       -677.013     /gpfs/hpu/EHT2/IHARM/SANE/SANE_a-0.5_288x128x128_IHARM/m_1_1_160/image_a-0.5_1174_17_0_230.e9_6.2e9_1.94533e+29_160.dat
        30       0.589704        3.08041       -315.944        23.7686        35.5816        29.2377       -1401.93     /gpfs/hpu/EHT2/IHARM/SANE/SANE_a-0.5_288x128x128_IHARM/m_1_1_160/image_a-0.5_1180_17_0_230.e9_6.2e9_1.94533e+29_160.dat
        31       0.742564         3.1478       -314.347        18.0762         47.524        33.2162       -1585.65     /gpfs/hpu/EHT2/IHARM/SANE/SANE_a-0.5_288x128x128_IHARM/m_1_1_160/image_a-0.5_1186_17_0_230.e9_6.2e9_1.94533e+29_160.dat
        32       0.795066        3.60625       -359.977        10.1564        22.4815        16.3983       -982.617     /gpfs/hpu/EHT2/IHARM/SANE/SANE_a-0.5_288x128x128_IHARM/m_1_1_160/image_a-0.5_1192_17_0_230.e9_6.2e9_1.94533e+29_160.dat
        33       0.647441        3.53865       -352.129        3.12674        16.1893        10.0215       -571.289     /gpfs/hpu/EHT2/IHARM/SANE/SANE_a-0.5_288x128x128_IHARM/m_1_1_160/image_a-0.5_1198_17_0_230.e9_6.2e9_1.94533e+29_160.dat
        34       0.433522        3.09899       -359.966        13.7302        39.4841         27.047       -1528.42     /gpfs/hpu/EHT2/IHARM/SANE/SANE_a-0.5_288x128x128_IHARM/m_1_1_160/image_a-0.5_1204_17_0_230.e9_6.2e9_1.94533e+29_160.dat
        35       0.407678        2.78263       -359.767        48.1406        77.3258        62.0397       -2796.69     /gpfs/hpu/EHT2/IHARM/SANE/SANE_a-0.5_288x128x128_IHARM/m_1_1_160/image_a-0.5_1210_17_0_230.e9_6.2e9_1.94533e+29_160.dat
        36       0.475813        2.84002       -353.357        31.7353        15.0028        21.5958       -1013.11     /gpfs/hpu/EHT2/IHARM/SANE/SANE_a-0.5_288x128x128_IHARM/m_1_1_160/image_a-0.5_1216_17_0_230.e9_6.2e9_1.94533e+29_160.dat
        37       0.496495        3.30501       -359.822        4.94995        10.7766        7.89537       -475.746     /gpfs/hpu/EHT2/IHARM/SANE/SANE_a-0.5_288x128x128_IHARM/m_1_1_160/image_a-0.5_1222_17_0_230.e9_6.2e9_1.94533e+29_160.dat
        38       0.680896        3.50517       -359.978        11.2707        8.34991        9.29111       -544.842     /gpfs/hpu/EHT2/IHARM/SANE/SANE_a-0.5_288x128x128_IHARM/m_1_1_160/image_a-0.5_1228_17_0_230.e9_6.2e9_1.94533e+29_160.dat
        39       0.857508        3.60301       -359.118        5.30264        52.0458        30.1903       -1414.73     /gpfs/hpu/EHT2/IHARM/SANE/SANE_a-0.5_288x128x128_IHARM/m_1_1_160/image_a-0.5_1234_17_0_230.e9_6.2e9_1.94533e+29_160.dat
        40         1.0089        3.99722       -317.068        40.9229        120.003        81.8587       -3518.43     /gpfs/hpu/EHT2/IHARM/SANE/SANE_a-0.5_288x128x128_IHARM/m_1_1_160/image_a-0.5_1240_17_0_230.e9_6.2e9_1.94533e+29_160.dat
        41        0.39772        3.20231        -359.93        3.91462        15.0421        9.74227       -543.466     /gpfs/hpu/EHT2/IHARM/SANE/SANE_a-0.5_288x128x128_IHARM/m_1_1_160/image_a-0.5_1246_17_0_230.e9_6.2e9_1.94533e+29_160.dat
        42       0.473764        3.15519       -333.351        3.94186        9.50494        6.78271       -417.781     /gpfs/hpu/EHT2/IHARM/SANE/SANE_a-0.5_288x128x128_IHARM/m_1_1_160/image_a-0.5_1252_17_0_230.e9_6.2e9_1.94533e+29_160.dat
        43       0.612523        3.20784       -343.517        5.27019        12.7752        9.10447       -538.553     /gpfs/hpu/EHT2/IHARM/SANE/SANE_a-0.5_288x128x128_IHARM/m_1_1_160/image_a-0.5_1258_17_0_230.e9_6.2e9_1.94533e+29_160.dat
        44       0.499392        3.09202       -358.957        14.3921        32.9702        23.8343       -1193.58     /gpfs/hpu/EHT2/IHARM/SANE/SANE_a-0.5_288x128x128_IHARM/m_1_1_160/image_a-0.5_1264_17_0_230.e9_6.2e9_1.94533e+29_160.dat
        45       0.658211        3.29882       -359.796        20.2918        52.4864        36.8246       -2021.27     /gpfs/hpu/EHT2/IHARM/SANE/SANE_a-0.5_288x128x128_IHARM/m_1_1_160/image_a-0.5_1270_17_0_230.e9_6.2e9_1.94533e+29_160.dat
        46       0.484237        3.44353       -359.993        10.1342        45.5732        28.7795       -1493.84     /gpfs/hpu/EHT2/IHARM/SANE/SANE_a-0.5_288x128x128_IHARM/m_1_1_160/image_a-0.5_1276_17_0_230.e9_6.2e9_1.94533e+29_160.dat
        47       0.649891        3.61743       -350.684        3.50098        14.1291        9.07578       -528.757     /gpfs/hpu/EHT2/IHARM/SANE/SANE_a-0.5_288x128x128_IHARM/m_1_1_160/image_a-0.5_1282_17_0_230.e9_6.2e9_1.94533e+29_160.dat
        48       0.646521        3.27734       -210.634        12.1916        10.1333        10.6411       -636.093     /gpfs/hpu/EHT2/IHARM/SANE/SANE_a-0.5_288x128x128_IHARM/m_1_1_160/image_a-0.5_1288_17_0_230.e9_6.2e9_1.94533e+29_160.dat
        49       0.461729        3.15119       -48.6288        4.27021        6.04667        5.06721       -392.463     /gpfs/hpu/EHT2/IHARM/SANE/SANE_a-0.5_288x128x128_IHARM/m_1_1_160/image_a-0.5_1294_17_0_230.e9_6.2e9_1.94533e+29_160.dat
        50       0.491628        3.38114       -40.3028         4.0774        10.7382         7.5023       -446.032     /gpfs/hpu/EHT2/IHARM/SANE/SANE_a-0.5_288x128x128_IHARM/m_1_1_160/image_a-0.5_1300_17_0_230.e9_6.2e9_1.94533e+29_160.dat
        51       0.389586        3.17928       -60.5533        8.97368        12.7788        10.6871       -572.626     /gpfs/hpu/EHT2/IHARM/SANE/SANE_a-0.5_288x128x128_IHARM/m_1_1_160/image_a-0.5_1306_17_0_230.e9_6.2e9_1.94533e+29_160.dat
        52       0.515946        3.39555       -46.3964        3.36828        7.88311        5.66765       -395.094     /gpfs/hpu/EHT2/IHARM/SANE/SANE_a-0.5_288x128x128_IHARM/m_1_1_160/image_a-0.5_1312_17_0_230.e9_6.2e9_1.94533e+29_160.dat
        53       0.540117         3.4331       -13.3444         6.3812        31.0652        19.3928       -993.969     /gpfs/hpu/EHT2/IHARM/SANE/SANE_a-0.5_288x128x128_IHARM/m_1_1_160/image_a-0.5_1318_17_0_230.e9_6.2e9_1.94533e+29_160.dat
        54       0.650777        3.32208       -15.8993        4.10758        11.5549        7.95343       -497.615     /gpfs/hpu/EHT2/IHARM/SANE/SANE_a-0.5_288x128x128_IHARM/m_1_1_160/image_a-0.5_1324_17_0_230.e9_6.2e9_1.94533e+29_160.dat
        55       0.764046        3.38087        145.629        4.09631        7.82276          5.946       -453.378     /gpfs/hpu/EHT2/IHARM/SANE/SANE_a-0.5_288x128x128_IHARM/m_1_1_160/image_a-0.5_1330_17_0_230.e9_6.2e9_1.94533e+29_160.dat
        56       0.482933        3.24965        196.155        10.2384        15.2911        12.5751       -672.909     /gpfs/hpu/EHT2/IHARM/SANE/SANE_a-0.5_288x128x128_IHARM/m_1_1_160/image_a-0.5_1336_17_0_230.e9_6.2e9_1.94533e+29_160.dat
        57       0.909928        3.20484          358.5        13.7722        11.8799         12.253       -696.474     /gpfs/hpu/EHT2/IHARM/SANE/SANE_a-0.5_288x128x128_IHARM/m_1_1_160/image_a-0.5_1342_17_0_230.e9_6.2e9_1.94533e+29_160.dat
        58       0.571627        3.37757        355.483        16.0568        42.8013          29.82       -1410.52     /gpfs/hpu/EHT2/IHARM/SANE/SANE_a-0.5_288x128x128_IHARM/m_1_1_160/image_a-0.5_1348_17_0_230.e9_6.2e9_1.94533e+29_160.dat
        59        0.49117        3.10544        274.416        13.0812        12.9628        12.5391       -711.788     /gpfs/hpu/EHT2/IHARM/SANE/SANE_a-0.5_288x128x128_IHARM/m_1_1_160/image_a-0.5_1354_17_0_230.e9_6.2e9_1.94533e+29_160.dat
        60       0.456474        3.13259        288.629        3.87797        10.3797        7.22483       -466.487     /gpfs/hpu/EHT2/IHARM/SANE/SANE_a-0.5_288x128x128_IHARM/m_1_1_160/image_a-0.5_1360_17_0_230.e9_6.2e9_1.94533e+29_160.dat
        61       0.555896        3.49697        329.384        10.1521        23.4972        16.9415       -887.439     /gpfs/hpu/EHT2/IHARM/SANE/SANE_a-0.5_288x128x128_IHARM/m_1_1_160/image_a-0.5_1366_17_0_230.e9_6.2e9_1.94533e+29_160.dat
        62       0.412232        3.20553        357.286        7.57102        14.8111         11.179        -603.78     /gpfs/hpu/EHT2/IHARM/SANE/SANE_a-0.5_288x128x128_IHARM/m_1_1_160/image_a-0.5_1372_17_0_230.e9_6.2e9_1.94533e+29_160.dat
        63       0.393994        3.34961        277.751        11.2215        23.3121        17.2986       -847.515     /gpfs/hpu/EHT2/IHARM/SANE/SANE_a-0.5_288x128x128_IHARM/m_1_1_160/image_a-0.5_1378_17_0_230.e9_6.2e9_1.94533e+29_160.dat
        64       0.452251        3.59293        283.346        2.80343        11.9073        7.58587       -452.634     /gpfs/hpu/EHT2/IHARM/SANE/SANE_a-0.5_288x128x128_IHARM/m_1_1_160/image_a-0.5_1384_17_0_230.e9_6.2e9_1.94533e+29_160.dat
        65       0.454538         3.1653        299.472        7.58963        13.1497        10.2954       -597.133     /gpfs/hpu/EHT2/IHARM/SANE/SANE_a-0.5_288x128x128_IHARM/m_1_1_160/image_a-0.5_1390_17_0_230.e9_6.2e9_1.94533e+29_160.dat
        66       0.453488        3.35562        324.367         4.0005        9.88733        7.01293       -410.422     /gpfs/hpu/EHT2/IHARM/SANE/SANE_a-0.5_288x128x128_IHARM/m_1_1_160/image_a-0.5_1396_17_0_230.e9_6.2e9_1.94533e+29_160.dat
        67       0.398477        3.18174        319.045        8.26201        21.8723        15.2628       -763.222     /gpfs/hpu/EHT2/IHARM/SANE/SANE_a-0.5_288x128x128_IHARM/m_1_1_160/image_a-0.5_1402_17_0_230.e9_6.2e9_1.94533e+29_160.dat
        68       0.429732        3.40888        327.031        7.18484        17.1419        12.2648       -643.774     /gpfs/hpu/EHT2/IHARM/SANE/SANE_a-0.5_288x128x128_IHARM/m_1_1_160/image_a-0.5_1408_17_0_230.e9_6.2e9_1.94533e+29_160.dat
        69       0.537837        3.63051        314.818        10.2999        34.7614        23.0487       -1442.13     /gpfs/hpu/EHT2/IHARM/SANE/SANE_a-0.5_288x128x128_IHARM/m_1_1_160/image_a-0.5_1414_17_0_230.e9_6.2e9_1.94533e+29_160.dat
        70       0.469027        3.10893        281.783        10.2577         10.115        9.80582       -585.319     /gpfs/hpu/EHT2/IHARM/SANE/SANE_a-0.5_288x128x128_IHARM/m_1_1_160/image_a-0.5_1420_17_0_230.e9_6.2e9_1.94533e+29_160.dat
        71       0.383688        3.23503        340.155        9.42941        20.2274        14.8785       -810.083     /gpfs/hpu/EHT2/IHARM/SANE/SANE_a-0.5_288x128x128_IHARM/m_1_1_160/image_a-0.5_1426_17_0_230.e9_6.2e9_1.94533e+29_160.dat
        72       0.460085        3.45003        359.551        8.24513        10.7633        9.29467       -510.413     /gpfs/hpu/EHT2/IHARM/SANE/SANE_a-0.5_288x128x128_IHARM/m_1_1_160/image_a-0.5_1432_17_0_230.e9_6.2e9_1.94533e+29_160.dat
        73       0.535481        3.65626        352.275        8.77145        9.84609        9.02718        -538.79     /gpfs/hpu/EHT2/IHARM/SANE/SANE_a-0.5_288x128x128_IHARM/m_1_1_160/image_a-0.5_1438_17_0_230.e9_6.2e9_1.94533e+29_160.dat
        74       0.409016        3.21529        359.983        4.09392        13.0372        8.74299       -514.087     /gpfs/hpu/EHT2/IHARM/SANE/SANE_a-0.5_288x128x128_IHARM/m_1_1_160/image_a-0.5_1444_17_0_230.e9_6.2e9_1.94533e+29_160.dat
        75       0.525339        3.49782        286.387        9.73319        17.9064        13.7627       -712.533     /gpfs/hpu/EHT2/IHARM/SANE/SANE_a-0.5_288x128x128_IHARM/m_1_1_160/image_a-0.5_1450_17_0_230.e9_6.2e9_1.94533e+29_160.dat
        76       0.400546        2.98644        359.986        8.58227         18.098        13.3743       -702.237     /gpfs/hpu/EHT2/IHARM/SANE/SANE_a-0.5_288x128x128_IHARM/m_1_1_160/image_a-0.5_1456_17_0_230.e9_6.2e9_1.94533e+29_160.dat
        77       0.518244        3.26525        348.898        5.26786        23.6175        14.9213       -783.323     /gpfs/hpu/EHT2/IHARM/SANE/SANE_a-0.5_288x128x128_IHARM/m_1_1_160/image_a-0.5_1462_17_0_230.e9_6.2e9_1.94533e+29_160.dat
        78       0.405528        2.96078        303.009        12.4037        23.1947        17.7402       -887.877     /gpfs/hpu/EHT2/IHARM/SANE/SANE_a-0.5_288x128x128_IHARM/m_1_1_160/image_a-0.5_1468_17_0_230.e9_6.2e9_1.94533e+29_160.dat
        79       0.459889        3.07615        341.532        24.4017        22.7936        22.6461       -1281.46     /gpfs/hpu/EHT2/IHARM/SANE/SANE_a-0.5_288x128x128_IHARM/m_1_1_160/image_a-0.5_1474_17_0_230.e9_6.2e9_1.94533e+29_160.dat
        80       0.702525        3.19888        330.226        39.4288        69.4963          54.12       -2488.95     /gpfs/hpu/EHT2/IHARM/SANE/SANE_a-0.5_288x128x128_IHARM/m_1_1_160/image_a-0.5_1480_17_0_230.e9_6.2e9_1.94533e+29_160.dat
        81        0.77702        3.70462        243.892        12.0879        29.1717        20.8126       -1090.24     /gpfs/hpu/EHT2/IHARM/SANE/SANE_a-0.5_288x128x128_IHARM/m_1_1_160/image_a-0.5_1486_17_0_230.e9_6.2e9_1.94533e+29_160.dat
        82       0.405095        3.53778         286.83         12.158        20.2052        16.0312       -802.475     /gpfs/hpu/EHT2/IHARM/SANE/SANE_a-0.5_288x128x128_IHARM/m_1_1_160/image_a-0.5_1492_17_0_230.e9_6.2e9_1.94533e+29_160.dat
        83       0.347423        3.15286        304.496        37.1167        27.2444        30.4615       -1399.01     /gpfs/hpu/EHT2/IHARM/SANE/SANE_a-0.5_288x128x128_IHARM/m_1_1_160/image_a-0.5_1498_17_0_230.e9_6.2e9_1.94533e+29_160.dat
        84       0.504175        3.43039        92.4148        13.6056        10.0585        11.2045       -713.723     /gpfs/hpu/EHT2/IHARM/SANE/SANE_a-0.5_288x128x128_IHARM/m_1_1_160/image_a-0.5_1504_17_0_230.e9_6.2e9_1.94533e+29_160.dat
        85       0.388529        3.43695        67.3414        9.83732        9.41256         9.2495       -577.068     /gpfs/hpu/EHT2/IHARM/SANE/SANE_a-0.5_288x128x128_IHARM/m_1_1_160/image_a-0.5_1510_17_0_230.e9_6.2e9_1.94533e+29_160.dat
        86       0.412398        3.04101       -16.3546        10.2843        19.9981        15.1204       -807.747     /gpfs/hpu/EHT2/IHARM/SANE/SANE_a-0.5_288x128x128_IHARM/m_1_1_160/image_a-0.5_1516_17_0_230.e9_6.2e9_1.94533e+29_160.dat
        87       0.476661        3.28627       -131.309        5.03183        7.90888        6.39152       -412.889     /gpfs/hpu/EHT2/IHARM/SANE/SANE_a-0.5_288x128x128_IHARM/m_1_1_160/image_a-0.5_1522_17_0_230.e9_6.2e9_1.94533e+29_160.dat
        88       0.703847        3.30333       -106.336        16.2164        25.6262        20.6723       -1072.25     /gpfs/hpu/EHT2/IHARM/SANE/SANE_a-0.5_288x128x128_IHARM/m_1_1_160/image_a-0.5_1528_17_0_230.e9_6.2e9_1.94533e+29_160.dat
        89         0.4423        3.29325        31.7293        11.3323        7.15203        8.67464       -498.432     /gpfs/hpu/EHT2/IHARM/SANE/SANE_a-0.5_288x128x128_IHARM/m_1_1_160/image_a-0.5_1534_17_0_230.e9_6.2e9_1.94533e+29_160.dat
        90       0.386919        3.07046        142.115        30.9304        9.40533        18.2488       -907.481     /gpfs/hpu/EHT2/IHARM/SANE/SANE_a-0.5_288x128x128_IHARM/m_1_1_160/image_a-0.5_1540_17_0_230.e9_6.2e9_1.94533e+29_160.dat
        91       0.545022        3.33701        233.885        7.35782        13.9172        10.6083       -656.492     /gpfs/hpu/EHT2/IHARM/SANE/SANE_a-0.5_288x128x128_IHARM/m_1_1_160/image_a-0.5_1546_17_0_230.e9_6.2e9_1.94533e+29_160.dat
        92        0.53538        2.98035       -12.4932        20.2985        104.326        64.6439       -2802.09     /gpfs/hpu/EHT2/IHARM/SANE/SANE_a-0.5_288x128x128_IHARM/m_1_1_160/image_a-0.5_1552_17_0_230.e9_6.2e9_1.94533e+29_160.dat
        93       0.527389        2.95547        1.50146        13.3308        19.7289        16.2762       -843.688     /gpfs/hpu/EHT2/IHARM/SANE/SANE_a-0.5_288x128x128_IHARM/m_1_1_160/image_a-0.5_1558_17_0_230.e9_6.2e9_1.94533e+29_160.dat
        94       0.492445        2.98183       -3.32916        16.3859        14.7941        14.9323       -773.002     /gpfs/hpu/EHT2/IHARM/SANE/SANE_a-0.5_288x128x128_IHARM/m_1_1_160/image_a-0.5_1564_17_0_230.e9_6.2e9_1.94533e+29_160.dat
        95       0.573271        3.05787       -113.065        11.8799        17.2119        14.3064       -768.564     /gpfs/hpu/EHT2/IHARM/SANE/SANE_a-0.5_288x128x128_IHARM/m_1_1_160/image_a-0.5_1570_17_0_230.e9_6.2e9_1.94533e+29_160.dat
        96       0.422676        3.08854       -31.1308        6.69207        22.8831        15.1351       -809.599     /gpfs/hpu/EHT2/IHARM/SANE/SANE_a-0.5_288x128x128_IHARM/m_1_1_160/image_a-0.5_1576_17_0_230.e9_6.2e9_1.94533e+29_160.dat
        97        0.37163        3.10845        -42.631        5.66716        15.1208        10.5325       -570.732     /gpfs/hpu/EHT2/IHARM/SANE/SANE_a-0.5_288x128x128_IHARM/m_1_1_160/image_a-0.5_1582_17_0_230.e9_6.2e9_1.94533e+29_160.dat
        98       0.363781        3.06264       -30.2767        5.54772        15.5142        10.6926       -573.263     /gpfs/hpu/EHT2/IHARM/SANE/SANE_a-0.5_288x128x128_IHARM/m_1_1_160/image_a-0.5_1588_17_0_230.e9_6.2e9_1.94533e+29_160.dat
        99       0.586698        3.38729         19.985        5.29605        16.1898        10.9477       -595.995     /gpfs/hpu/EHT2/IHARM/SANE/SANE_a-0.5_288x128x128_IHARM/m_1_1_160/image_a-0.5_1594_17_0_230.e9_6.2e9_1.94533e+29_160.dat
