   # Index         I (Jy)      M/D (uas)       PA (deg)  VA red. chisq  CP red. chisq     red. chisq     log-liklhd     FileName
         0        0.46009        2.94177       -286.421        7.59854        17.7796        12.7835       -661.156     /gpfs/hpu/EHT2/IHARM/SANE/SANE_a0_288x128x128_IHARM/m_1_1_20/image_a0_1000_163_0_230.e9_6.2e9_4.95542e+29_20.dat
         1       0.499013        2.80012       -196.895         4.9132        14.2553        9.74629       -549.776     /gpfs/hpu/EHT2/IHARM/SANE/SANE_a0_288x128x128_IHARM/m_1_1_20/image_a0_1010_163_0_230.e9_6.2e9_4.95542e+29_20.dat
         2       0.434329        2.99431       -240.149        8.44212        15.2704        11.7972       -614.958     /gpfs/hpu/EHT2/IHARM/SANE/SANE_a0_288x128x128_IHARM/m_1_1_20/image_a0_1020_163_0_230.e9_6.2e9_4.95542e+29_20.dat
         3       0.511044        2.96067       -254.351        5.93328        16.0463        11.1427       -603.211     /gpfs/hpu/EHT2/IHARM/SANE/SANE_a0_288x128x128_IHARM/m_1_1_20/image_a0_1030_163_0_230.e9_6.2e9_4.95542e+29_20.dat
         4       0.494958        2.73739        -248.45        14.1893         30.723        22.5419       -1092.66     /gpfs/hpu/EHT2/IHARM/SANE/SANE_a0_288x128x128_IHARM/m_1_1_20/image_a0_1040_163_0_230.e9_6.2e9_4.95542e+29_20.dat
         5       0.448112        2.79885       -232.542        11.9902        16.2568        13.8409        -717.85     /gpfs/hpu/EHT2/IHARM/SANE/SANE_a0_288x128x128_IHARM/m_1_1_20/image_a0_1050_163_0_230.e9_6.2e9_4.95542e+29_20.dat
         6       0.538602        3.04556       -218.998        5.54423        19.9725        13.0834       -670.284     /gpfs/hpu/EHT2/IHARM/SANE/SANE_a0_288x128x128_IHARM/m_1_1_20/image_a0_1060_163_0_230.e9_6.2e9_4.95542e+29_20.dat
         7       0.469275        2.95983       -256.331        9.67435        14.3696        11.8398       -618.355     /gpfs/hpu/EHT2/IHARM/SANE/SANE_a0_288x128x128_IHARM/m_1_1_20/image_a0_1070_163_0_230.e9_6.2e9_4.95542e+29_20.dat
         8       0.549248        3.11853       -303.523        8.32066        23.3309        16.0705       -796.451     /gpfs/hpu/EHT2/IHARM/SANE/SANE_a0_288x128x128_IHARM/m_1_1_20/image_a0_1080_163_0_230.e9_6.2e9_4.95542e+29_20.dat
         9       0.574285        2.95396       -229.912        7.74256        8.51767        7.87521       -516.145     /gpfs/hpu/EHT2/IHARM/SANE/SANE_a0_288x128x128_IHARM/m_1_1_20/image_a0_1090_163_0_230.e9_6.2e9_4.95542e+29_20.dat
        10       0.454234        2.80667       -179.324        6.18381        11.4457        8.78105       -507.326     /gpfs/hpu/EHT2/IHARM/SANE/SANE_a0_288x128x128_IHARM/m_1_1_20/image_a0_1100_163_0_230.e9_6.2e9_4.95542e+29_20.dat
        11       0.529355         3.1681       -275.426         4.8793        7.43397        6.07159       -379.809     /gpfs/hpu/EHT2/IHARM/SANE/SANE_a0_288x128x128_IHARM/m_1_1_20/image_a0_1110_163_0_230.e9_6.2e9_4.95542e+29_20.dat
        12       0.811176        3.45344       -253.566        10.8177         15.137        12.7396       -681.045     /gpfs/hpu/EHT2/IHARM/SANE/SANE_a0_288x128x128_IHARM/m_1_1_20/image_a0_1120_163_0_230.e9_6.2e9_4.95542e+29_20.dat
        13       0.619768        2.87524       -226.561        17.3475        16.5474        16.2835       -813.794     /gpfs/hpu/EHT2/IHARM/SANE/SANE_a0_288x128x128_IHARM/m_1_1_20/image_a0_1130_163_0_230.e9_6.2e9_4.95542e+29_20.dat
        14        0.53845        3.18134       -194.278        7.49668        10.0498        8.59237       -490.083     /gpfs/hpu/EHT2/IHARM/SANE/SANE_a0_288x128x128_IHARM/m_1_1_20/image_a0_1140_163_0_230.e9_6.2e9_4.95542e+29_20.dat
        15       0.603696        2.98494       -219.348        18.0819        9.11161        12.6071       -662.137     /gpfs/hpu/EHT2/IHARM/SANE/SANE_a0_288x128x128_IHARM/m_1_1_20/image_a0_1150_163_0_230.e9_6.2e9_4.95542e+29_20.dat
        16       0.480603        2.83581       -218.861        21.0298        14.6723        16.8491       -841.578     /gpfs/hpu/EHT2/IHARM/SANE/SANE_a0_288x128x128_IHARM/m_1_1_20/image_a0_1160_163_0_230.e9_6.2e9_4.95542e+29_20.dat
        17       0.565343        2.93028       -236.494        19.3753        14.3709        15.9812       -808.026     /gpfs/hpu/EHT2/IHARM/SANE/SANE_a0_288x128x128_IHARM/m_1_1_20/image_a0_1170_163_0_230.e9_6.2e9_4.95542e+29_20.dat
        18       0.606412        2.84087        161.234        9.09369        20.5306        14.8979       -758.688     /gpfs/hpu/EHT2/IHARM/SANE/SANE_a0_288x128x128_IHARM/m_1_1_20/image_a0_1180_163_0_230.e9_6.2e9_4.95542e+29_20.dat
        19       0.623692        2.97521        160.442        20.6989        11.4824        14.9962       -776.052     /gpfs/hpu/EHT2/IHARM/SANE/SANE_a0_288x128x128_IHARM/m_1_1_20/image_a0_1190_163_0_230.e9_6.2e9_4.95542e+29_20.dat
        20       0.558305        2.93782        101.238         12.467        5.49655        8.27063       -473.225     /gpfs/hpu/EHT2/IHARM/SANE/SANE_a0_288x128x128_IHARM/m_1_1_20/image_a0_1200_163_0_230.e9_6.2e9_4.95542e+29_20.dat
        21       0.734742        3.20923        149.494         4.3013        20.5027        12.8374       -701.201     /gpfs/hpu/EHT2/IHARM/SANE/SANE_a0_288x128x128_IHARM/m_1_1_20/image_a0_1210_163_0_230.e9_6.2e9_4.95542e+29_20.dat
        22       0.546406        3.31736         117.65        4.77404         8.1341        6.40234       -381.715     /gpfs/hpu/EHT2/IHARM/SANE/SANE_a0_288x128x128_IHARM/m_1_1_20/image_a0_1220_163_0_230.e9_6.2e9_4.95542e+29_20.dat
        23       0.529626        3.18528        99.6744         15.321        8.58874        11.1481       -577.603     /gpfs/hpu/EHT2/IHARM/SANE/SANE_a0_288x128x128_IHARM/m_1_1_20/image_a0_1230_163_0_230.e9_6.2e9_4.95542e+29_20.dat
        24       0.513231        3.04292        99.3756        13.3282        7.82499        9.88765       -531.568     /gpfs/hpu/EHT2/IHARM/SANE/SANE_a0_288x128x128_IHARM/m_1_1_20/image_a0_1240_163_0_230.e9_6.2e9_4.95542e+29_20.dat
        25       0.545236        3.03914         168.08        11.5737        9.87818        10.2405       -555.874     /gpfs/hpu/EHT2/IHARM/SANE/SANE_a0_288x128x128_IHARM/m_1_1_20/image_a0_1250_163_0_230.e9_6.2e9_4.95542e+29_20.dat
        26       0.512213        2.97456        188.627        7.99808        11.5175        9.59395       -553.171     /gpfs/hpu/EHT2/IHARM/SANE/SANE_a0_288x128x128_IHARM/m_1_1_20/image_a0_1260_163_0_230.e9_6.2e9_4.95542e+29_20.dat
        27       0.485132        2.75753        156.709        6.55599        26.1902        16.8515        -867.22     /gpfs/hpu/EHT2/IHARM/SANE/SANE_a0_288x128x128_IHARM/m_1_1_20/image_a0_1270_163_0_230.e9_6.2e9_4.95542e+29_20.dat
        28       0.481503        2.91298        176.703        4.56708        12.3124        8.55599       -487.028     /gpfs/hpu/EHT2/IHARM/SANE/SANE_a0_288x128x128_IHARM/m_1_1_20/image_a0_1280_163_0_230.e9_6.2e9_4.95542e+29_20.dat
        29       0.696316        3.26926         192.17        4.61576         9.7202        7.18586       -461.037     /gpfs/hpu/EHT2/IHARM/SANE/SANE_a0_288x128x128_IHARM/m_1_1_20/image_a0_1290_163_0_230.e9_6.2e9_4.95542e+29_20.dat
        30       0.533886        3.17571        108.125        17.5434        9.08103        12.3608       -647.408     /gpfs/hpu/EHT2/IHARM/SANE/SANE_a0_288x128x128_IHARM/m_1_1_20/image_a0_1300_163_0_230.e9_6.2e9_4.95542e+29_20.dat
        31        0.48455        2.99571        129.183        21.0028        9.61988        14.1265       -712.821     /gpfs/hpu/EHT2/IHARM/SANE/SANE_a0_288x128x128_IHARM/m_1_1_20/image_a0_1310_163_0_230.e9_6.2e9_4.95542e+29_20.dat
        32       0.633496        2.98989        104.134        4.89063        9.10983        6.97566       -425.604     /gpfs/hpu/EHT2/IHARM/SANE/SANE_a0_288x128x128_IHARM/m_1_1_20/image_a0_1320_163_0_230.e9_6.2e9_4.95542e+29_20.dat
        33       0.499037        3.11945        157.368        9.58935        17.6044        13.5393       -680.523     /gpfs/hpu/EHT2/IHARM/SANE/SANE_a0_288x128x128_IHARM/m_1_1_20/image_a0_1330_163_0_230.e9_6.2e9_4.95542e+29_20.dat
        34       0.572684        3.05556        68.4734        10.5888        4.14304        6.74272       -409.493     /gpfs/hpu/EHT2/IHARM/SANE/SANE_a0_288x128x128_IHARM/m_1_1_20/image_a0_1340_163_0_230.e9_6.2e9_4.95542e+29_20.dat
        35       0.426076        3.13777        141.751        13.3547        26.7426        20.0499       -961.284     /gpfs/hpu/EHT2/IHARM/SANE/SANE_a0_288x128x128_IHARM/m_1_1_20/image_a0_1350_163_0_230.e9_6.2e9_4.95542e+29_20.dat
        36        0.51701        3.12895        98.5863         14.612        15.6738        14.6472       -718.015     /gpfs/hpu/EHT2/IHARM/SANE/SANE_a0_288x128x128_IHARM/m_1_1_20/image_a0_1360_163_0_230.e9_6.2e9_4.95542e+29_20.dat
        37       0.533993         3.0724        159.204        9.72585        10.8691        9.98348       -554.899     /gpfs/hpu/EHT2/IHARM/SANE/SANE_a0_288x128x128_IHARM/m_1_1_20/image_a0_1370_163_0_230.e9_6.2e9_4.95542e+29_20.dat
        38       0.499561        3.26347        185.607        7.03418        10.5614        8.66949        -486.19     /gpfs/hpu/EHT2/IHARM/SANE/SANE_a0_288x128x128_IHARM/m_1_1_20/image_a0_1380_163_0_230.e9_6.2e9_4.95542e+29_20.dat
        39       0.467161        2.82379        175.506        8.91801         15.936        12.3575        -642.33     /gpfs/hpu/EHT2/IHARM/SANE/SANE_a0_288x128x128_IHARM/m_1_1_20/image_a0_1390_163_0_230.e9_6.2e9_4.95542e+29_20.dat
        40       0.490885        3.10775        182.721        9.65753        7.67163         8.2386       -464.592     /gpfs/hpu/EHT2/IHARM/SANE/SANE_a0_288x128x128_IHARM/m_1_1_20/image_a0_1400_163_0_230.e9_6.2e9_4.95542e+29_20.dat
        41       0.542143        2.93859        187.638        7.47001        14.0536        10.7294       -583.369     /gpfs/hpu/EHT2/IHARM/SANE/SANE_a0_288x128x128_IHARM/m_1_1_20/image_a0_1410_163_0_230.e9_6.2e9_4.95542e+29_20.dat
        42       0.560647        3.05443         59.744        11.8729         11.643        11.3151       -629.567     /gpfs/hpu/EHT2/IHARM/SANE/SANE_a0_288x128x128_IHARM/m_1_1_20/image_a0_1420_163_0_230.e9_6.2e9_4.95542e+29_20.dat
        43       0.514808        3.06353       -158.292        6.47645        7.74065        6.91786        -427.58     /gpfs/hpu/EHT2/IHARM/SANE/SANE_a0_288x128x128_IHARM/m_1_1_20/image_a0_1430_163_0_230.e9_6.2e9_4.95542e+29_20.dat
        44       0.526758         3.0528       -167.199        11.6805        8.21736        9.39487       -540.864     /gpfs/hpu/EHT2/IHARM/SANE/SANE_a0_288x128x128_IHARM/m_1_1_20/image_a0_1440_163_0_230.e9_6.2e9_4.95542e+29_20.dat
        45         0.5106        3.19293       -177.852         8.1262        6.89286         7.1671       -426.649     /gpfs/hpu/EHT2/IHARM/SANE/SANE_a0_288x128x128_IHARM/m_1_1_20/image_a0_1450_163_0_230.e9_6.2e9_4.95542e+29_20.dat
        46       0.478302        2.98308       -251.851        21.5068        19.5978        19.6956       -956.038     /gpfs/hpu/EHT2/IHARM/SANE/SANE_a0_288x128x128_IHARM/m_1_1_20/image_a0_1460_163_0_230.e9_6.2e9_4.95542e+29_20.dat
        47       0.539338        3.11584       -258.766        6.18581        6.87056        6.32693        -383.33     /gpfs/hpu/EHT2/IHARM/SANE/SANE_a0_288x128x128_IHARM/m_1_1_20/image_a0_1470_163_0_230.e9_6.2e9_4.95542e+29_20.dat
        48       0.475348        3.02308       -153.631        13.2609        16.2932        14.4028       -738.299     /gpfs/hpu/EHT2/IHARM/SANE/SANE_a0_288x128x128_IHARM/m_1_1_20/image_a0_1480_163_0_230.e9_6.2e9_4.95542e+29_20.dat
        49       0.400018        3.14651       -260.792        17.1864        21.2597        18.7433        -898.19     /gpfs/hpu/EHT2/IHARM/SANE/SANE_a0_288x128x128_IHARM/m_1_1_20/image_a0_1490_163_0_230.e9_6.2e9_4.95542e+29_20.dat
        50       0.486044        3.19313       -190.569        32.0766         13.498         20.934       -1008.55     /gpfs/hpu/EHT2/IHARM/SANE/SANE_a0_288x128x128_IHARM/m_1_1_20/image_a0_1500_163_0_230.e9_6.2e9_4.95542e+29_20.dat
        51       0.496519         3.1915       -211.422        8.78873         7.0785         7.5495       -441.115     /gpfs/hpu/EHT2/IHARM/SANE/SANE_a0_288x128x128_IHARM/m_1_1_20/image_a0_1510_163_0_230.e9_6.2e9_4.95542e+29_20.dat
        52       0.397418        3.30608       -254.239        15.2761        12.1882        13.0603       -657.905     /gpfs/hpu/EHT2/IHARM/SANE/SANE_a0_288x128x128_IHARM/m_1_1_20/image_a0_1520_163_0_230.e9_6.2e9_4.95542e+29_20.dat
        53       0.644827         2.9538       -213.229         12.682        14.9931        13.4581       -721.808     /gpfs/hpu/EHT2/IHARM/SANE/SANE_a0_288x128x128_IHARM/m_1_1_20/image_a0_1530_163_0_230.e9_6.2e9_4.95542e+29_20.dat
        54       0.391257        3.12173       -235.038        10.7295        13.1621        11.6422       -604.936     /gpfs/hpu/EHT2/IHARM/SANE/SANE_a0_288x128x128_IHARM/m_1_1_20/image_a0_1540_163_0_230.e9_6.2e9_4.95542e+29_20.dat
        55       0.444938        3.17119       -208.446        10.4962        13.9765        11.9797        -632.89     /gpfs/hpu/EHT2/IHARM/SANE/SANE_a0_288x128x128_IHARM/m_1_1_20/image_a0_1550_163_0_230.e9_6.2e9_4.95542e+29_20.dat
        56       0.513016        3.09628       -241.655        13.6265         17.144        15.0154       -760.862     /gpfs/hpu/EHT2/IHARM/SANE/SANE_a0_288x128x128_IHARM/m_1_1_20/image_a0_1560_163_0_230.e9_6.2e9_4.95542e+29_20.dat
        57       0.586311        3.03785       -199.451        12.6942        22.1944        17.3274       -861.604     /gpfs/hpu/EHT2/IHARM/SANE/SANE_a0_288x128x128_IHARM/m_1_1_20/image_a0_1570_163_0_230.e9_6.2e9_4.95542e+29_20.dat
        58       0.524307        3.10086       -284.325        17.4689        7.86766        11.6779        -605.08     /gpfs/hpu/EHT2/IHARM/SANE/SANE_a0_288x128x128_IHARM/m_1_1_20/image_a0_1580_163_0_230.e9_6.2e9_4.95542e+29_20.dat
        59       0.471279        3.29607       -235.822         13.866        10.7655         11.695       -610.526     /gpfs/hpu/EHT2/IHARM/SANE/SANE_a0_288x128x128_IHARM/m_1_1_20/image_a0_1590_163_0_230.e9_6.2e9_4.95542e+29_20.dat
        60       0.419732        3.16265       -200.039        7.08526        11.5903        9.24339       -509.253     /gpfs/hpu/EHT2/IHARM/SANE/SANE_a0_288x128x128_IHARM/m_1_1_20/image_a0_1600_163_0_230.e9_6.2e9_4.95542e+29_20.dat
        61        0.59137        3.24218       -153.306        3.95947        8.60825        6.30908       -415.565     /gpfs/hpu/EHT2/IHARM/SANE/SANE_a0_288x128x128_IHARM/m_1_1_20/image_a0_1610_163_0_230.e9_6.2e9_4.95542e+29_20.dat
        62       0.585121        3.38211       -129.906        3.52246        7.08036        5.30271        -378.01     /gpfs/hpu/EHT2/IHARM/SANE/SANE_a0_288x128x128_IHARM/m_1_1_20/image_a0_1620_163_0_230.e9_6.2e9_4.95542e+29_20.dat
        63       0.463437        3.27828       -177.533        9.56656        15.5474        12.4258       -645.964     /gpfs/hpu/EHT2/IHARM/SANE/SANE_a0_288x128x128_IHARM/m_1_1_20/image_a0_1630_163_0_230.e9_6.2e9_4.95542e+29_20.dat
        64       0.472774        3.10437       -187.644        15.8157        18.8962          16.89       -829.972     /gpfs/hpu/EHT2/IHARM/SANE/SANE_a0_288x128x128_IHARM/m_1_1_20/image_a0_1640_163_0_230.e9_6.2e9_4.95542e+29_20.dat
        65       0.498335        3.04346       -260.151        7.06539        13.4371        10.2258       -556.128     /gpfs/hpu/EHT2/IHARM/SANE/SANE_a0_288x128x128_IHARM/m_1_1_20/image_a0_1650_163_0_230.e9_6.2e9_4.95542e+29_20.dat
        66       0.494221         3.3641       -183.387        5.11362        7.39333        6.14979        -395.14     /gpfs/hpu/EHT2/IHARM/SANE/SANE_a0_288x128x128_IHARM/m_1_1_20/image_a0_1660_163_0_230.e9_6.2e9_4.95542e+29_20.dat
        67       0.497793         3.1062       -177.074        9.37324        7.87977        8.22894       -473.202     /gpfs/hpu/EHT2/IHARM/SANE/SANE_a0_288x128x128_IHARM/m_1_1_20/image_a0_1670_163_0_230.e9_6.2e9_4.95542e+29_20.dat
        68       0.406915        3.01112       -178.684        3.85926        8.70011         6.3156        -401.53     /gpfs/hpu/EHT2/IHARM/SANE/SANE_a0_288x128x128_IHARM/m_1_1_20/image_a0_1680_163_0_230.e9_6.2e9_4.95542e+29_20.dat
        69       0.456605        3.33872       -260.497        4.48097        19.1075        12.1654       -637.325     /gpfs/hpu/EHT2/IHARM/SANE/SANE_a0_288x128x128_IHARM/m_1_1_20/image_a0_1690_163_0_230.e9_6.2e9_4.95542e+29_20.dat
        70       0.432655        3.06314       -220.279        17.4807        19.3726        17.8563       -878.738     /gpfs/hpu/EHT2/IHARM/SANE/SANE_a0_288x128x128_IHARM/m_1_1_20/image_a0_1700_163_0_230.e9_6.2e9_4.95542e+29_20.dat
        71       0.557768        3.06917       -178.106        7.63191        8.86779        8.01585        -509.76     /gpfs/hpu/EHT2/IHARM/SANE/SANE_a0_288x128x128_IHARM/m_1_1_20/image_a0_1710_163_0_230.e9_6.2e9_4.95542e+29_20.dat
        72        0.51862        3.01616       -189.894         28.012        21.1645        23.3129        -1111.4     /gpfs/hpu/EHT2/IHARM/SANE/SANE_a0_288x128x128_IHARM/m_1_1_20/image_a0_1720_163_0_230.e9_6.2e9_4.95542e+29_20.dat
        73       0.535338        3.22875       -138.673         6.3949         9.3381        7.74022       -479.531     /gpfs/hpu/EHT2/IHARM/SANE/SANE_a0_288x128x128_IHARM/m_1_1_20/image_a0_1730_163_0_230.e9_6.2e9_4.95542e+29_20.dat
        74       0.386846        2.95625       -203.712        5.41218        26.5533        16.5582       -824.276     /gpfs/hpu/EHT2/IHARM/SANE/SANE_a0_288x128x128_IHARM/m_1_1_20/image_a0_1740_163_0_230.e9_6.2e9_4.95542e+29_20.dat
        75       0.421144         3.1227       -248.919        7.18508        12.4639        9.75474       -519.409     /gpfs/hpu/EHT2/IHARM/SANE/SANE_a0_288x128x128_IHARM/m_1_1_20/image_a0_1750_163_0_230.e9_6.2e9_4.95542e+29_20.dat
        76       0.579475        3.04394       -166.369         10.126        9.93604        9.65361       -545.291     /gpfs/hpu/EHT2/IHARM/SANE/SANE_a0_288x128x128_IHARM/m_1_1_20/image_a0_1760_163_0_230.e9_6.2e9_4.95542e+29_20.dat
        77       0.419727        3.19126       -247.091        11.4285        11.5693        11.0859       -586.725     /gpfs/hpu/EHT2/IHARM/SANE/SANE_a0_288x128x128_IHARM/m_1_1_20/image_a0_1770_163_0_230.e9_6.2e9_4.95542e+29_20.dat
        78       0.432296        3.28154       -270.144        6.60984        6.24973        6.17478       -376.724     /gpfs/hpu/EHT2/IHARM/SANE/SANE_a0_288x128x128_IHARM/m_1_1_20/image_a0_1780_163_0_230.e9_6.2e9_4.95542e+29_20.dat
        79       0.473686        3.04621       -162.728        5.58186        15.0962        10.4829       -576.537     /gpfs/hpu/EHT2/IHARM/SANE/SANE_a0_288x128x128_IHARM/m_1_1_20/image_a0_1790_163_0_230.e9_6.2e9_4.95542e+29_20.dat
        80       0.477607        2.98799       -208.542        6.20675        7.29361        6.56286       -441.169     /gpfs/hpu/EHT2/IHARM/SANE/SANE_a0_288x128x128_IHARM/m_1_1_20/image_a0_1800_163_0_230.e9_6.2e9_4.95542e+29_20.dat
        81       0.560768        2.99286       -197.822        8.04195        9.73634        8.65692       -524.841     /gpfs/hpu/EHT2/IHARM/SANE/SANE_a0_288x128x128_IHARM/m_1_1_20/image_a0_1810_163_0_230.e9_6.2e9_4.95542e+29_20.dat
        82       0.473546        3.06998       -142.502        3.98098        8.73521        6.38638        -413.15     /gpfs/hpu/EHT2/IHARM/SANE/SANE_a0_288x128x128_IHARM/m_1_1_20/image_a0_1820_163_0_230.e9_6.2e9_4.95542e+29_20.dat
        83       0.440723        3.31585       -208.123         9.5226        7.59945        8.14228       -461.695     /gpfs/hpu/EHT2/IHARM/SANE/SANE_a0_288x128x128_IHARM/m_1_1_20/image_a0_1830_163_0_230.e9_6.2e9_4.95542e+29_20.dat
        84       0.415474        3.10822       -201.001        5.41877        4.92108        4.95347       -325.583     /gpfs/hpu/EHT2/IHARM/SANE/SANE_a0_288x128x128_IHARM/m_1_1_20/image_a0_1840_163_0_230.e9_6.2e9_4.95542e+29_20.dat
        85       0.588305        3.40829       -192.497        13.7447        24.7821        19.1644        -939.22     /gpfs/hpu/EHT2/IHARM/SANE/SANE_a0_288x128x128_IHARM/m_1_1_20/image_a0_1850_163_0_230.e9_6.2e9_4.95542e+29_20.dat
        86       0.620047         3.0787       -157.435        6.63583        17.8879        12.4307       -711.589     /gpfs/hpu/EHT2/IHARM/SANE/SANE_a0_288x128x128_IHARM/m_1_1_20/image_a0_1860_163_0_230.e9_6.2e9_4.95542e+29_20.dat
        87       0.484016        3.01004        -178.25        21.1601        14.7348        16.9382        -846.77     /gpfs/hpu/EHT2/IHARM/SANE/SANE_a0_288x128x128_IHARM/m_1_1_20/image_a0_1870_163_0_230.e9_6.2e9_4.95542e+29_20.dat
        88       0.545944        2.89303       -175.649        12.9422        9.94379        10.8598        -684.27     /gpfs/hpu/EHT2/IHARM/SANE/SANE_a0_288x128x128_IHARM/m_1_1_20/image_a0_1880_163_0_230.e9_6.2e9_4.95542e+29_20.dat
        89       0.501392        2.98065       -307.619        13.1666        10.9443        11.4924       -598.283     /gpfs/hpu/EHT2/IHARM/SANE/SANE_a0_288x128x128_IHARM/m_1_1_20/image_a0_1890_163_0_230.e9_6.2e9_4.95542e+29_20.dat
        90       0.488942        3.05017       -193.865        3.50091        9.98039        6.84962       -443.641     /gpfs/hpu/EHT2/IHARM/SANE/SANE_a0_288x128x128_IHARM/m_1_1_20/image_a0_1900_163_0_230.e9_6.2e9_4.95542e+29_20.dat
        91       0.443199        3.16941       -176.347        8.70781        6.49759        7.20326       -427.915     /gpfs/hpu/EHT2/IHARM/SANE/SANE_a0_288x128x128_IHARM/m_1_1_20/image_a0_1910_163_0_230.e9_6.2e9_4.95542e+29_20.dat
        92        0.56147        3.08852        -194.73        5.36949        8.21779         6.7014       -416.713     /gpfs/hpu/EHT2/IHARM/SANE/SANE_a0_288x128x128_IHARM/m_1_1_20/image_a0_1920_163_0_230.e9_6.2e9_4.95542e+29_20.dat
        93       0.521528        2.93709       -178.504        5.01035        19.6896        12.7037       -685.457     /gpfs/hpu/EHT2/IHARM/SANE/SANE_a0_288x128x128_IHARM/m_1_1_20/image_a0_1930_163_0_230.e9_6.2e9_4.95542e+29_20.dat
        94       0.411242         2.9664       -198.704        12.0279        10.5293        10.7837       -573.675     /gpfs/hpu/EHT2/IHARM/SANE/SANE_a0_288x128x128_IHARM/m_1_1_20/image_a0_1940_163_0_230.e9_6.2e9_4.95542e+29_20.dat
        95       0.508993         3.0319       -195.207        19.3204        15.0177        16.3048       -808.724     /gpfs/hpu/EHT2/IHARM/SANE/SANE_a0_288x128x128_IHARM/m_1_1_20/image_a0_1950_163_0_230.e9_6.2e9_4.95542e+29_20.dat
        96       0.453714         3.1899       -192.764        5.26652        23.5142        14.8653        -746.51     /gpfs/hpu/EHT2/IHARM/SANE/SANE_a0_288x128x128_IHARM/m_1_1_20/image_a0_1960_163_0_230.e9_6.2e9_4.95542e+29_20.dat
        97       0.459588        3.19961       -184.741        7.72337        17.8062        12.8511       -669.958     /gpfs/hpu/EHT2/IHARM/SANE/SANE_a0_288x128x128_IHARM/m_1_1_20/image_a0_1970_163_0_230.e9_6.2e9_4.95542e+29_20.dat
        98       0.536935        2.98429       -176.292        12.0615        18.4809        15.0648       -771.967     /gpfs/hpu/EHT2/IHARM/SANE/SANE_a0_288x128x128_IHARM/m_1_1_20/image_a0_1980_163_0_230.e9_6.2e9_4.95542e+29_20.dat
        99       0.438618        2.93962       -236.114        19.5511        12.0446        14.8079       -741.141     /gpfs/hpu/EHT2/IHARM/SANE/SANE_a0_288x128x128_IHARM/m_1_1_20/image_a0_1990_163_0_230.e9_6.2e9_4.95542e+29_20.dat
