   # Index         I (Jy)      M/D (uas)       PA (deg)  VA red. chisq  CP red. chisq     red. chisq     log-liklhd     FileName
         0       0.499848        3.63673        112.972        3.18991        14.8009        9.61225       -1696.77     /gpfs/hpu/EHT2/IHARM/MAD/MAD_a+0.5_384x192x192_IHARM/m_1_1_80/image_a+0.5_0000_163_0_230.e9_6.2e9_2.10276e+25_80.dat
         1       0.618001        3.67106        112.862         8.3632        23.5054        16.6879       -2630.26     /gpfs/hpu/EHT2/IHARM/MAD/MAD_a+0.5_384x192x192_IHARM/m_1_1_80/image_a+0.5_0001_163_0_230.e9_6.2e9_2.10276e+25_80.dat
         2       0.403169        3.84471        112.896        3.06734        7.19122        5.32498       -1050.48     /gpfs/hpu/EHT2/IHARM/MAD/MAD_a+0.5_384x192x192_IHARM/m_1_1_80/image_a+0.5_0002_163_0_230.e9_6.2e9_2.10276e+25_80.dat
         3       0.709385        3.78864        105.321        22.8376        37.9118        30.9494       -4612.52     /gpfs/hpu/EHT2/IHARM/MAD/MAD_a+0.5_384x192x192_IHARM/m_1_1_80/image_a+0.5_0003_163_0_230.e9_6.2e9_2.10276e+25_80.dat
         4       0.437398        3.68336        103.067        15.2086        21.7438        18.6611        -2715.3     /gpfs/hpu/EHT2/IHARM/MAD/MAD_a+0.5_384x192x192_IHARM/m_1_1_80/image_a+0.5_0004_163_0_230.e9_6.2e9_2.10276e+25_80.dat
         5       0.527913        3.90992         103.06        17.9228        23.3798        20.7425       -3026.61     /gpfs/hpu/EHT2/IHARM/MAD/MAD_a+0.5_384x192x192_IHARM/m_1_1_80/image_a+0.5_0005_163_0_230.e9_6.2e9_2.10276e+25_80.dat
         6       0.420629        3.90764        103.023        13.2527        41.5155        28.8193       -4046.41     /gpfs/hpu/EHT2/IHARM/MAD/MAD_a+0.5_384x192x192_IHARM/m_1_1_80/image_a+0.5_0006_163_0_230.e9_6.2e9_2.10276e+25_80.dat
         7       0.479129        3.90485        103.071        18.7508        24.0085        21.4496        -3136.1     /gpfs/hpu/EHT2/IHARM/MAD/MAD_a+0.5_384x192x192_IHARM/m_1_1_80/image_a+0.5_0007_163_0_230.e9_6.2e9_2.10276e+25_80.dat
         8       0.384191        3.84744        103.037        13.0833        28.1886        21.3304       -3084.97     /gpfs/hpu/EHT2/IHARM/MAD/MAD_a+0.5_384x192x192_IHARM/m_1_1_80/image_a+0.5_0008_163_0_230.e9_6.2e9_2.10276e+25_80.dat
         9       0.455621         4.0926        103.017        15.3274        20.1788        17.8416       -2640.49     /gpfs/hpu/EHT2/IHARM/MAD/MAD_a+0.5_384x192x192_IHARM/m_1_1_80/image_a+0.5_0009_163_0_230.e9_6.2e9_2.10276e+25_80.dat
        10        1.00566        3.40516        112.974        36.0415        56.8375        47.1775       -8001.16     /gpfs/hpu/EHT2/IHARM/MAD/MAD_a+0.5_384x192x192_IHARM/m_1_1_80/image_a+0.5_0010_163_0_230.e9_6.2e9_2.10276e+25_80.dat
        11       0.354159         3.8539        104.198        6.58105        10.8535        8.87883       -1491.89     /gpfs/hpu/EHT2/IHARM/MAD/MAD_a+0.5_384x192x192_IHARM/m_1_1_80/image_a+0.5_0011_163_0_230.e9_6.2e9_2.10276e+25_80.dat
        12       0.402667        4.28782        103.013        2.76072         6.6561        4.89491       -999.538     /gpfs/hpu/EHT2/IHARM/MAD/MAD_a+0.5_384x192x192_IHARM/m_1_1_80/image_a+0.5_0012_163_0_230.e9_6.2e9_2.10276e+25_80.dat
        13       0.422469        4.18381        104.652        5.20486        14.8381        10.5024       -1708.87     /gpfs/hpu/EHT2/IHARM/MAD/MAD_a+0.5_384x192x192_IHARM/m_1_1_80/image_a+0.5_0013_163_0_230.e9_6.2e9_2.10276e+25_80.dat
        14       0.567555        3.62724         103.68        12.7167         38.317        26.8082       -3927.22     /gpfs/hpu/EHT2/IHARM/MAD/MAD_a+0.5_384x192x192_IHARM/m_1_1_80/image_a+0.5_0014_163_0_230.e9_6.2e9_2.10276e+25_80.dat
        15       0.683651        4.23163            113        18.0954        88.6387        57.1304        -8419.7     /gpfs/hpu/EHT2/IHARM/MAD/MAD_a+0.5_384x192x192_IHARM/m_1_1_80/image_a+0.5_0015_163_0_230.e9_6.2e9_2.10276e+25_80.dat
        16       0.419695         3.7773        104.623        5.93852        11.1534        8.76851       -1472.19     /gpfs/hpu/EHT2/IHARM/MAD/MAD_a+0.5_384x192x192_IHARM/m_1_1_80/image_a+0.5_0016_163_0_230.e9_6.2e9_2.10276e+25_80.dat
        17       0.432036        3.49918        103.779        5.27653        8.62525         7.0761        -1314.4     /gpfs/hpu/EHT2/IHARM/MAD/MAD_a+0.5_384x192x192_IHARM/m_1_1_80/image_a+0.5_0017_163_0_230.e9_6.2e9_2.10276e+25_80.dat
        18       0.413163        3.80539        110.897          12.21         36.034        25.3192        -3571.7     /gpfs/hpu/EHT2/IHARM/MAD/MAD_a+0.5_384x192x192_IHARM/m_1_1_80/image_a+0.5_0018_163_0_230.e9_6.2e9_2.10276e+25_80.dat
        19       0.499935        3.43745        106.664        15.5302        23.1882        19.6036       -2850.85     /gpfs/hpu/EHT2/IHARM/MAD/MAD_a+0.5_384x192x192_IHARM/m_1_1_80/image_a+0.5_0019_163_0_230.e9_6.2e9_2.10276e+25_80.dat
        20       0.609672        3.70848         111.58        19.1453        44.4608        33.0006       -4546.65     /gpfs/hpu/EHT2/IHARM/MAD/MAD_a+0.5_384x192x192_IHARM/m_1_1_80/image_a+0.5_0020_163_0_230.e9_6.2e9_2.10276e+25_80.dat
        21       0.545066        3.81191        103.005        10.5444         75.216        46.4034        -6224.4     /gpfs/hpu/EHT2/IHARM/MAD/MAD_a+0.5_384x192x192_IHARM/m_1_1_80/image_a+0.5_0021_163_0_230.e9_6.2e9_2.10276e+25_80.dat
        22       0.974332        4.05465        104.536        13.3889        18.8406        16.2606       -2633.01     /gpfs/hpu/EHT2/IHARM/MAD/MAD_a+0.5_384x192x192_IHARM/m_1_1_80/image_a+0.5_0022_163_0_230.e9_6.2e9_2.10276e+25_80.dat
        23       0.711317        3.79821        112.699        4.37328        8.42732        6.57625       -1324.97     /gpfs/hpu/EHT2/IHARM/MAD/MAD_a+0.5_384x192x192_IHARM/m_1_1_80/image_a+0.5_0023_163_0_230.e9_6.2e9_2.10276e+25_80.dat
        24        0.74379        3.66254        103.294        2.87526        7.84587        5.60638       -1319.58     /gpfs/hpu/EHT2/IHARM/MAD/MAD_a+0.5_384x192x192_IHARM/m_1_1_80/image_a+0.5_0024_163_0_230.e9_6.2e9_2.10276e+25_80.dat
        25       0.666891         3.4373         112.96         3.8478        29.4502        18.0478       -2794.79     /gpfs/hpu/EHT2/IHARM/MAD/MAD_a+0.5_384x192x192_IHARM/m_1_1_80/image_a+0.5_0025_163_0_230.e9_6.2e9_2.10276e+25_80.dat
        26        0.49277        3.47717        112.898        12.2866        11.8791        11.9112       -1943.55     /gpfs/hpu/EHT2/IHARM/MAD/MAD_a+0.5_384x192x192_IHARM/m_1_1_80/image_a+0.5_0026_163_0_230.e9_6.2e9_2.10276e+25_80.dat
        27       0.690252        3.91827        112.991        8.23471        42.5623        27.2367       -4013.94     /gpfs/hpu/EHT2/IHARM/MAD/MAD_a+0.5_384x192x192_IHARM/m_1_1_80/image_a+0.5_0027_163_0_230.e9_6.2e9_2.10276e+25_80.dat
        28       0.600648        3.60493        104.929        5.41921        58.3262        34.7939       -4756.02     /gpfs/hpu/EHT2/IHARM/MAD/MAD_a+0.5_384x192x192_IHARM/m_1_1_80/image_a+0.5_0028_163_0_230.e9_6.2e9_2.10276e+25_80.dat
        29       0.496136        3.36519        112.959        13.7344        36.5217        26.2483       -3727.46     /gpfs/hpu/EHT2/IHARM/MAD/MAD_a+0.5_384x192x192_IHARM/m_1_1_80/image_a+0.5_0029_163_0_230.e9_6.2e9_2.10276e+25_80.dat
        30       0.475283        3.43945        103.095        9.29322        16.5223        13.2034       -2088.03     /gpfs/hpu/EHT2/IHARM/MAD/MAD_a+0.5_384x192x192_IHARM/m_1_1_80/image_a+0.5_0030_163_0_230.e9_6.2e9_2.10276e+25_80.dat
        31       0.443223        3.39649        112.992        34.5206        34.1165        33.8781       -4645.05     /gpfs/hpu/EHT2/IHARM/MAD/MAD_a+0.5_384x192x192_IHARM/m_1_1_80/image_a+0.5_0031_163_0_230.e9_6.2e9_2.10276e+25_80.dat
        32       0.504939         3.5743        112.978        16.8024        27.1899        22.3793       -3263.56     /gpfs/hpu/EHT2/IHARM/MAD/MAD_a+0.5_384x192x192_IHARM/m_1_1_80/image_a+0.5_0032_163_0_230.e9_6.2e9_2.10276e+25_80.dat
        33       0.456686        3.31729        112.978        3.48495        10.9489        7.59614       -1342.39     /gpfs/hpu/EHT2/IHARM/MAD/MAD_a+0.5_384x192x192_IHARM/m_1_1_80/image_a+0.5_0033_163_0_230.e9_6.2e9_2.10276e+25_80.dat
        34       0.790663          3.888        112.977        17.4645         45.397        32.7963       -4618.74     /gpfs/hpu/EHT2/IHARM/MAD/MAD_a+0.5_384x192x192_IHARM/m_1_1_80/image_a+0.5_0034_163_0_230.e9_6.2e9_2.10276e+25_80.dat
        35       0.682655           3.57        103.014        26.1382        51.5302        39.9515       -5529.74     /gpfs/hpu/EHT2/IHARM/MAD/MAD_a+0.5_384x192x192_IHARM/m_1_1_80/image_a+0.5_0035_163_0_230.e9_6.2e9_2.10276e+25_80.dat
        36       0.987071        3.29047        103.009        23.3159        33.6157        28.7652       -5373.69     /gpfs/hpu/EHT2/IHARM/MAD/MAD_a+0.5_384x192x192_IHARM/m_1_1_80/image_a+0.5_0036_163_0_230.e9_6.2e9_2.10276e+25_80.dat
        37        0.61442        3.51847        112.995        5.79714        103.054        59.8457       -8948.18     /gpfs/hpu/EHT2/IHARM/MAD/MAD_a+0.5_384x192x192_IHARM/m_1_1_80/image_a+0.5_0037_163_0_230.e9_6.2e9_2.10276e+25_80.dat
        38       0.515034        3.42103        103.321        2.20934        9.61791        6.30512       -1243.82     /gpfs/hpu/EHT2/IHARM/MAD/MAD_a+0.5_384x192x192_IHARM/m_1_1_80/image_a+0.5_0038_163_0_230.e9_6.2e9_2.10276e+25_80.dat
        39       0.512829        3.67355        112.985        20.9281        21.4075        20.9417       -3031.52     /gpfs/hpu/EHT2/IHARM/MAD/MAD_a+0.5_384x192x192_IHARM/m_1_1_80/image_a+0.5_0039_163_0_230.e9_6.2e9_2.10276e+25_80.dat
        40       0.391372        3.93366          103.2        4.10354        9.19882        6.88918       -1225.18     /gpfs/hpu/EHT2/IHARM/MAD/MAD_a+0.5_384x192x192_IHARM/m_1_1_80/image_a+0.5_0040_163_0_230.e9_6.2e9_2.10276e+25_80.dat
        41       0.476147        4.06239        112.916        7.87185        14.2288         11.314       -1839.59     /gpfs/hpu/EHT2/IHARM/MAD/MAD_a+0.5_384x192x192_IHARM/m_1_1_80/image_a+0.5_0041_163_0_230.e9_6.2e9_2.10276e+25_80.dat
        42       0.372627        3.79182         104.66        5.73859        8.72848         7.3329       -1320.41     /gpfs/hpu/EHT2/IHARM/MAD/MAD_a+0.5_384x192x192_IHARM/m_1_1_80/image_a+0.5_0042_163_0_230.e9_6.2e9_2.10276e+25_80.dat
        43       0.517656        3.88384        103.013        13.2554        33.3644        24.2847       -3553.23     /gpfs/hpu/EHT2/IHARM/MAD/MAD_a+0.5_384x192x192_IHARM/m_1_1_80/image_a+0.5_0043_163_0_230.e9_6.2e9_2.10276e+25_80.dat
        44       0.337348        3.81468        112.951        2.10336        5.50603        3.97134       -881.214     /gpfs/hpu/EHT2/IHARM/MAD/MAD_a+0.5_384x192x192_IHARM/m_1_1_80/image_a+0.5_0044_163_0_230.e9_6.2e9_2.10276e+25_80.dat
        45       0.351533        3.67107        112.024         5.1463          7.903        6.61802        -1221.6     /gpfs/hpu/EHT2/IHARM/MAD/MAD_a+0.5_384x192x192_IHARM/m_1_1_80/image_a+0.5_0045_163_0_230.e9_6.2e9_2.10276e+25_80.dat
        46       0.410886        3.60246        112.569        9.41053        10.0242        9.63816       -1600.38     /gpfs/hpu/EHT2/IHARM/MAD/MAD_a+0.5_384x192x192_IHARM/m_1_1_80/image_a+0.5_0046_163_0_230.e9_6.2e9_2.10276e+25_80.dat
        47       0.402271        3.83654        103.988        2.64216         7.8398        5.50243       -1093.43     /gpfs/hpu/EHT2/IHARM/MAD/MAD_a+0.5_384x192x192_IHARM/m_1_1_80/image_a+0.5_0047_163_0_230.e9_6.2e9_2.10276e+25_80.dat
        48       0.415365        3.54185        112.983        10.9663        31.3278        22.1638       -3187.62     /gpfs/hpu/EHT2/IHARM/MAD/MAD_a+0.5_384x192x192_IHARM/m_1_1_80/image_a+0.5_0048_163_0_230.e9_6.2e9_2.10276e+25_80.dat
        49       0.359508        3.78589         112.99        12.1913         24.049        18.6421       -2703.14     /gpfs/hpu/EHT2/IHARM/MAD/MAD_a+0.5_384x192x192_IHARM/m_1_1_80/image_a+0.5_0049_163_0_230.e9_6.2e9_2.10276e+25_80.dat
        50       0.414086        3.75941        112.967        16.7271        17.3802        16.8881       -2519.84     /gpfs/hpu/EHT2/IHARM/MAD/MAD_a+0.5_384x192x192_IHARM/m_1_1_80/image_a+0.5_0050_163_0_230.e9_6.2e9_2.10276e+25_80.dat
        51       0.431662        3.55838        103.528        15.0585         17.469        16.2177       -2451.28     /gpfs/hpu/EHT2/IHARM/MAD/MAD_a+0.5_384x192x192_IHARM/m_1_1_80/image_a+0.5_0051_163_0_230.e9_6.2e9_2.10276e+25_80.dat
        52       0.404825        3.53735        112.965        8.89837        11.7449        10.3747       -1664.14     /gpfs/hpu/EHT2/IHARM/MAD/MAD_a+0.5_384x192x192_IHARM/m_1_1_80/image_a+0.5_0052_163_0_230.e9_6.2e9_2.10276e+25_80.dat
        53       0.486297        3.83851        103.018        8.40765        9.14009        8.71351        -1481.1     /gpfs/hpu/EHT2/IHARM/MAD/MAD_a+0.5_384x192x192_IHARM/m_1_1_80/image_a+0.5_0053_163_0_230.e9_6.2e9_2.10276e+25_80.dat
        54       0.530496        3.40985        112.953        13.7754        16.5642        15.1606       -2349.22     /gpfs/hpu/EHT2/IHARM/MAD/MAD_a+0.5_384x192x192_IHARM/m_1_1_80/image_a+0.5_0054_163_0_230.e9_6.2e9_2.10276e+25_80.dat
        55       0.396831        3.45716        103.034         7.9206        11.5113        9.82284       -1632.06     /gpfs/hpu/EHT2/IHARM/MAD/MAD_a+0.5_384x192x192_IHARM/m_1_1_80/image_a+0.5_0055_163_0_230.e9_6.2e9_2.10276e+25_80.dat
        56       0.386533        3.65311        112.987        2.38237        3.97082        3.23744       -806.839     /gpfs/hpu/EHT2/IHARM/MAD/MAD_a+0.5_384x192x192_IHARM/m_1_1_80/image_a+0.5_0056_163_0_230.e9_6.2e9_2.10276e+25_80.dat
        57        0.41808        3.62975        112.875        5.32276        7.90119        6.69314       -1220.31     /gpfs/hpu/EHT2/IHARM/MAD/MAD_a+0.5_384x192x192_IHARM/m_1_1_80/image_a+0.5_0057_163_0_230.e9_6.2e9_2.10276e+25_80.dat
        58       0.445091        3.57303         112.83        2.25636        4.53054        3.49453       -876.136     /gpfs/hpu/EHT2/IHARM/MAD/MAD_a+0.5_384x192x192_IHARM/m_1_1_80/image_a+0.5_0058_163_0_230.e9_6.2e9_2.10276e+25_80.dat
        59       0.337298        3.70353        103.054        3.53567        7.33324        5.60607       -1081.44     /gpfs/hpu/EHT2/IHARM/MAD/MAD_a+0.5_384x192x192_IHARM/m_1_1_80/image_a+0.5_0059_163_0_230.e9_6.2e9_2.10276e+25_80.dat
        60       0.501582        4.08435        103.003        6.44599        20.8639        14.3909       -2281.49     /gpfs/hpu/EHT2/IHARM/MAD/MAD_a+0.5_384x192x192_IHARM/m_1_1_80/image_a+0.5_0060_163_0_230.e9_6.2e9_2.10276e+25_80.dat
        61        1.17022        4.99869        108.519        50.6837        115.139        85.9367       -14778.2     /gpfs/hpu/EHT2/IHARM/MAD/MAD_a+0.5_384x192x192_IHARM/m_1_1_80/image_a+0.5_0061_163_0_230.e9_6.2e9_2.10276e+25_80.dat
        62       0.637475        3.71758        111.316        9.61433        27.9058        19.6763       -2931.27     /gpfs/hpu/EHT2/IHARM/MAD/MAD_a+0.5_384x192x192_IHARM/m_1_1_80/image_a+0.5_0062_163_0_230.e9_6.2e9_2.10276e+25_80.dat
        63        1.06228        3.61497        112.998        51.6694        47.9981        49.0015       -7579.77     /gpfs/hpu/EHT2/IHARM/MAD/MAD_a+0.5_384x192x192_IHARM/m_1_1_80/image_a+0.5_0063_163_0_230.e9_6.2e9_2.10276e+25_80.dat
        64       0.903882         3.6165        112.993        24.4644         26.495        25.2984        -3779.7     /gpfs/hpu/EHT2/IHARM/MAD/MAD_a+0.5_384x192x192_IHARM/m_1_1_80/image_a+0.5_0064_163_0_230.e9_6.2e9_2.10276e+25_80.dat
        65       0.762057        3.43158        111.826        7.37342        6.23673        6.65171       -1360.07     /gpfs/hpu/EHT2/IHARM/MAD/MAD_a+0.5_384x192x192_IHARM/m_1_1_80/image_a+0.5_0065_163_0_230.e9_6.2e9_2.10276e+25_80.dat
        66       0.768485        3.24426        103.706        8.83931          14.66        11.9713       -2065.82     /gpfs/hpu/EHT2/IHARM/MAD/MAD_a+0.5_384x192x192_IHARM/m_1_1_80/image_a+0.5_0066_163_0_230.e9_6.2e9_2.10276e+25_80.dat
        67       0.508322        3.36376        103.009        11.0985        9.75084        10.2143       -1715.12     /gpfs/hpu/EHT2/IHARM/MAD/MAD_a+0.5_384x192x192_IHARM/m_1_1_80/image_a+0.5_0067_163_0_230.e9_6.2e9_2.10276e+25_80.dat
        68        0.46992        3.39896        106.932        4.96157        4.96301        4.90235       -1056.01     /gpfs/hpu/EHT2/IHARM/MAD/MAD_a+0.5_384x192x192_IHARM/m_1_1_80/image_a+0.5_0068_163_0_230.e9_6.2e9_2.10276e+25_80.dat
        69        0.73873        4.05681         112.98        5.97126        21.7368        14.6718       -2329.25     /gpfs/hpu/EHT2/IHARM/MAD/MAD_a+0.5_384x192x192_IHARM/m_1_1_80/image_a+0.5_0069_163_0_230.e9_6.2e9_2.10276e+25_80.dat
        70       0.976486        4.51545        112.993        15.1528        45.5055        31.8593       -4557.75     /gpfs/hpu/EHT2/IHARM/MAD/MAD_a+0.5_384x192x192_IHARM/m_1_1_80/image_a+0.5_0070_163_0_230.e9_6.2e9_2.10276e+25_80.dat
        71        0.47965        3.44202        103.016        12.1834        31.6285        22.8563       -3277.94     /gpfs/hpu/EHT2/IHARM/MAD/MAD_a+0.5_384x192x192_IHARM/m_1_1_80/image_a+0.5_0071_163_0_230.e9_6.2e9_2.10276e+25_80.dat
        72       0.398001        3.50659         103.02        8.44916        20.8237        15.2328       -2306.68     /gpfs/hpu/EHT2/IHARM/MAD/MAD_a+0.5_384x192x192_IHARM/m_1_1_80/image_a+0.5_0072_163_0_230.e9_6.2e9_2.10276e+25_80.dat
        73       0.790795        3.37882        112.983        11.4703        25.6635        19.2294       -3017.31     /gpfs/hpu/EHT2/IHARM/MAD/MAD_a+0.5_384x192x192_IHARM/m_1_1_80/image_a+0.5_0073_163_0_230.e9_6.2e9_2.10276e+25_80.dat
        74       0.452975        3.89612        106.326        2.57733        9.50612        6.40169       -1195.33     /gpfs/hpu/EHT2/IHARM/MAD/MAD_a+0.5_384x192x192_IHARM/m_1_1_80/image_a+0.5_0074_163_0_230.e9_6.2e9_2.10276e+25_80.dat
        75       0.478784        3.59642        112.539          8.496        10.1025        9.28719       -1600.93     /gpfs/hpu/EHT2/IHARM/MAD/MAD_a+0.5_384x192x192_IHARM/m_1_1_80/image_a+0.5_0075_163_0_230.e9_6.2e9_2.10276e+25_80.dat
        76       0.593635        4.08125        112.069        4.97281         4.4359        4.61389       -985.279     /gpfs/hpu/EHT2/IHARM/MAD/MAD_a+0.5_384x192x192_IHARM/m_1_1_80/image_a+0.5_0076_163_0_230.e9_6.2e9_2.10276e+25_80.dat
        77       0.414232        3.80729        110.118        6.44312        6.18918        6.22388       -1167.93     /gpfs/hpu/EHT2/IHARM/MAD/MAD_a+0.5_384x192x192_IHARM/m_1_1_80/image_a+0.5_0077_163_0_230.e9_6.2e9_2.10276e+25_80.dat
        78        0.44242        3.81836        107.105        8.84397        39.6516          25.88       -3612.99     /gpfs/hpu/EHT2/IHARM/MAD/MAD_a+0.5_384x192x192_IHARM/m_1_1_80/image_a+0.5_0078_163_0_230.e9_6.2e9_2.10276e+25_80.dat
        79       0.597788        3.66381        103.047        13.7819        36.3403        26.1679       -3819.28     /gpfs/hpu/EHT2/IHARM/MAD/MAD_a+0.5_384x192x192_IHARM/m_1_1_80/image_a+0.5_0079_163_0_230.e9_6.2e9_2.10276e+25_80.dat
        80       0.496168        3.69994        112.972        14.2561        24.4257        19.7426       -2912.34     /gpfs/hpu/EHT2/IHARM/MAD/MAD_a+0.5_384x192x192_IHARM/m_1_1_80/image_a+0.5_0080_163_0_230.e9_6.2e9_2.10276e+25_80.dat
        81       0.522326        3.60536        103.026        8.31393        18.7299        14.0093       -2258.15     /gpfs/hpu/EHT2/IHARM/MAD/MAD_a+0.5_384x192x192_IHARM/m_1_1_80/image_a+0.5_0081_163_0_230.e9_6.2e9_2.10276e+25_80.dat
        82       0.500296        3.63648        112.987        6.21093        10.1662        8.33671       -1527.28     /gpfs/hpu/EHT2/IHARM/MAD/MAD_a+0.5_384x192x192_IHARM/m_1_1_80/image_a+0.5_0082_163_0_230.e9_6.2e9_2.10276e+25_80.dat
        83       0.490236        3.92718        112.996        7.92813        48.8209        30.5871       -4278.41     /gpfs/hpu/EHT2/IHARM/MAD/MAD_a+0.5_384x192x192_IHARM/m_1_1_80/image_a+0.5_0083_163_0_230.e9_6.2e9_2.10276e+25_80.dat
        84        0.48482        3.95793        112.976        3.25601        25.6427        15.6737        -2365.8     /gpfs/hpu/EHT2/IHARM/MAD/MAD_a+0.5_384x192x192_IHARM/m_1_1_80/image_a+0.5_0084_163_0_230.e9_6.2e9_2.10276e+25_80.dat
        85       0.744129        3.08219        103.001        32.0072        75.8391        56.0103       -7520.57     /gpfs/hpu/EHT2/IHARM/MAD/MAD_a+0.5_384x192x192_IHARM/m_1_1_80/image_a+0.5_0085_163_0_230.e9_6.2e9_2.10276e+25_80.dat
        86       0.650282        3.74541         112.98        5.71913         29.402        18.8283       -2853.74     /gpfs/hpu/EHT2/IHARM/MAD/MAD_a+0.5_384x192x192_IHARM/m_1_1_80/image_a+0.5_0086_163_0_230.e9_6.2e9_2.10276e+25_80.dat
        87       0.390099        3.60289        105.404        9.88167        12.5295        11.2355       -1779.98     /gpfs/hpu/EHT2/IHARM/MAD/MAD_a+0.5_384x192x192_IHARM/m_1_1_80/image_a+0.5_0087_163_0_230.e9_6.2e9_2.10276e+25_80.dat
        88       0.423397        3.59707        112.999        5.78212        11.2288        8.74296       -1513.51     /gpfs/hpu/EHT2/IHARM/MAD/MAD_a+0.5_384x192x192_IHARM/m_1_1_80/image_a+0.5_0088_163_0_230.e9_6.2e9_2.10276e+25_80.dat
        89       0.606882         3.5556        103.001        9.66962        34.3323        23.2762       -3411.12     /gpfs/hpu/EHT2/IHARM/MAD/MAD_a+0.5_384x192x192_IHARM/m_1_1_80/image_a+0.5_0089_163_0_230.e9_6.2e9_2.10276e+25_80.dat
        90       0.531465        3.40362         112.93         6.1384        25.7447        16.9741        -2564.4     /gpfs/hpu/EHT2/IHARM/MAD/MAD_a+0.5_384x192x192_IHARM/m_1_1_80/image_a+0.5_0090_163_0_230.e9_6.2e9_2.10276e+25_80.dat
        91       0.499637        3.53903        103.027        5.44948        20.5572        13.7903       -2152.96     /gpfs/hpu/EHT2/IHARM/MAD/MAD_a+0.5_384x192x192_IHARM/m_1_1_80/image_a+0.5_0091_163_0_230.e9_6.2e9_2.10276e+25_80.dat
        92       0.634454        3.66422        112.687        6.43488        34.1425         21.775       -3318.48     /gpfs/hpu/EHT2/IHARM/MAD/MAD_a+0.5_384x192x192_IHARM/m_1_1_80/image_a+0.5_0092_163_0_230.e9_6.2e9_2.10276e+25_80.dat
        93       0.482789        3.78025        112.999        5.89075        6.57842        6.20215       -1173.81     /gpfs/hpu/EHT2/IHARM/MAD/MAD_a+0.5_384x192x192_IHARM/m_1_1_80/image_a+0.5_0093_163_0_230.e9_6.2e9_2.10276e+25_80.dat
        94       0.631497         3.7913        103.002        10.4228        62.5587        39.3078       -9848.72     /gpfs/hpu/EHT2/IHARM/MAD/MAD_a+0.5_384x192x192_IHARM/m_1_1_80/image_a+0.5_0094_163_0_230.e9_6.2e9_2.10276e+25_80.dat
        95       0.529439        3.78347        104.669        7.40121         19.332        13.9506       -2185.08     /gpfs/hpu/EHT2/IHARM/MAD/MAD_a+0.5_384x192x192_IHARM/m_1_1_80/image_a+0.5_0095_163_0_230.e9_6.2e9_2.10276e+25_80.dat
        96       0.993504        4.08345        103.012        18.3277        20.9353         19.557       -2993.45     /gpfs/hpu/EHT2/IHARM/MAD/MAD_a+0.5_384x192x192_IHARM/m_1_1_80/image_a+0.5_0096_163_0_230.e9_6.2e9_2.10276e+25_80.dat
        97       0.646303         3.4877        112.996        27.7293        17.8491         21.896       -3224.41     /gpfs/hpu/EHT2/IHARM/MAD/MAD_a+0.5_384x192x192_IHARM/m_1_1_80/image_a+0.5_0097_163_0_230.e9_6.2e9_2.10276e+25_80.dat
        98       0.591997        4.04576        103.035        6.16936        20.0833        13.8372       -2189.15     /gpfs/hpu/EHT2/IHARM/MAD/MAD_a+0.5_384x192x192_IHARM/m_1_1_80/image_a+0.5_0098_163_0_230.e9_6.2e9_2.10276e+25_80.dat
        99       0.462438        3.70871        103.009        4.77588        8.59236         6.8418       -1247.51     /gpfs/hpu/EHT2/IHARM/MAD/MAD_a+0.5_384x192x192_IHARM/m_1_1_80/image_a+0.5_0099_163_0_230.e9_6.2e9_2.10276e+25_80.dat
