   # Index         I (Jy)      M/D (uas)       PA (deg)  VA red. chisq  CP red. chisq     red. chisq     log-liklhd     FileName
         0       0.554086        2.32332        71.3134        7.77212        6.91496        7.17609       -1022.83     /gpfs/hpu/EHT2/IHARM/SANE/SANE_a0_288x128x128_IHARM/m_1_1_1/image_a0_1000_163_0_230.e9_6.2e9_1.38083e+28_1.dat
         1        0.56116        2.40438        229.534        8.61589         36.303        23.8318       -2656.59     /gpfs/hpu/EHT2/IHARM/SANE/SANE_a0_288x128x128_IHARM/m_1_1_1/image_a0_1010_163_0_230.e9_6.2e9_1.38083e+28_1.dat
         2       0.473714        2.23316        61.2599        18.3376        18.1608        17.9545       -2062.55     /gpfs/hpu/EHT2/IHARM/SANE/SANE_a0_288x128x128_IHARM/m_1_1_1/image_a0_1020_163_0_230.e9_6.2e9_1.38083e+28_1.dat
         3        0.54615        2.35907        44.9485        20.3846        13.7368        16.3822       -1875.03     /gpfs/hpu/EHT2/IHARM/SANE/SANE_a0_288x128x128_IHARM/m_1_1_1/image_a0_1030_163_0_230.e9_6.2e9_1.38083e+28_1.dat
         4       0.726743        2.23454        211.366         10.123        32.8206        22.5493       -2620.32     /gpfs/hpu/EHT2/IHARM/SANE/SANE_a0_288x128x128_IHARM/m_1_1_1/image_a0_1040_163_0_230.e9_6.2e9_1.38083e+28_1.dat
         5       0.575107        2.37327        72.4889        13.8307        15.5223        14.5535       -1722.86     /gpfs/hpu/EHT2/IHARM/SANE/SANE_a0_288x128x128_IHARM/m_1_1_1/image_a0_1050_163_0_230.e9_6.2e9_1.38083e+28_1.dat
         6       0.441955          2.246        150.632        22.5015        32.5756        27.7369       -2994.78     /gpfs/hpu/EHT2/IHARM/SANE/SANE_a0_288x128x128_IHARM/m_1_1_1/image_a0_1060_163_0_230.e9_6.2e9_1.38083e+28_1.dat
         7       0.525154        2.23832        70.9839        22.6333        19.7521        20.6841       -2333.48     /gpfs/hpu/EHT2/IHARM/SANE/SANE_a0_288x128x128_IHARM/m_1_1_1/image_a0_1070_163_0_230.e9_6.2e9_1.38083e+28_1.dat
         8       0.604217        2.28722        185.381        53.2064        45.4796        48.0956       -5016.05     /gpfs/hpu/EHT2/IHARM/SANE/SANE_a0_288x128x128_IHARM/m_1_1_1/image_a0_1080_163_0_230.e9_6.2e9_1.38083e+28_1.dat
         9       0.773918        2.13169        22.5566        14.8467        21.2505        18.1662       -2212.35     /gpfs/hpu/EHT2/IHARM/SANE/SANE_a0_288x128x128_IHARM/m_1_1_1/image_a0_1090_163_0_230.e9_6.2e9_1.38083e+28_1.dat
        10       0.769202        2.24569       -173.663        8.97826        28.8313        19.8453       -2329.59     /gpfs/hpu/EHT2/IHARM/SANE/SANE_a0_288x128x128_IHARM/m_1_1_1/image_a0_1100_163_0_230.e9_6.2e9_1.38083e+28_1.dat
        11       0.522458        2.35268        67.9284        13.3252        42.4298        29.2538       -3172.32     /gpfs/hpu/EHT2/IHARM/SANE/SANE_a0_288x128x128_IHARM/m_1_1_1/image_a0_1110_163_0_230.e9_6.2e9_1.38083e+28_1.dat
        12       0.426686        2.30945        184.981         23.008        33.8328        28.6517       -3066.27     /gpfs/hpu/EHT2/IHARM/SANE/SANE_a0_288x128x128_IHARM/m_1_1_1/image_a0_1120_163_0_230.e9_6.2e9_1.38083e+28_1.dat
        13       0.436796        2.17619        196.706        28.4639        38.5914        33.6362       -3569.15     /gpfs/hpu/EHT2/IHARM/SANE/SANE_a0_288x128x128_IHARM/m_1_1_1/image_a0_1130_163_0_230.e9_6.2e9_1.38083e+28_1.dat
        14       0.424931        2.20499        68.8601        23.3073        40.9235        32.7115       -3465.01     /gpfs/hpu/EHT2/IHARM/SANE/SANE_a0_288x128x128_IHARM/m_1_1_1/image_a0_1140_163_0_230.e9_6.2e9_1.38083e+28_1.dat
        15       0.515083        2.24928        35.4073         73.946        34.7402        51.0607       -5277.14     /gpfs/hpu/EHT2/IHARM/SANE/SANE_a0_288x128x128_IHARM/m_1_1_1/image_a0_1150_163_0_230.e9_6.2e9_1.38083e+28_1.dat
        16       0.421026        2.15259         24.372        17.2564        31.4227         24.842       -2703.45     /gpfs/hpu/EHT2/IHARM/SANE/SANE_a0_288x128x128_IHARM/m_1_1_1/image_a0_1160_163_0_230.e9_6.2e9_1.38083e+28_1.dat
        17       0.560926        2.27741        69.3679        12.2109        32.0519        23.0211       -2588.05     /gpfs/hpu/EHT2/IHARM/SANE/SANE_a0_288x128x128_IHARM/m_1_1_1/image_a0_1170_163_0_230.e9_6.2e9_1.38083e+28_1.dat
        18       0.559165         2.0824        165.351        21.5815        38.2666        30.4963       -3361.11     /gpfs/hpu/EHT2/IHARM/SANE/SANE_a0_288x128x128_IHARM/m_1_1_1/image_a0_1180_163_0_230.e9_6.2e9_1.38083e+28_1.dat
        19       0.695369        2.33077         145.29        26.2681        22.3027        23.6613       -2635.06     /gpfs/hpu/EHT2/IHARM/SANE/SANE_a0_288x128x128_IHARM/m_1_1_1/image_a0_1190_163_0_230.e9_6.2e9_1.38083e+28_1.dat
        20       0.522852         2.2877        191.206         28.046        46.9525        38.0919       -4043.46     /gpfs/hpu/EHT2/IHARM/SANE/SANE_a0_288x128x128_IHARM/m_1_1_1/image_a0_1200_163_0_230.e9_6.2e9_1.38083e+28_1.dat
        21       0.445047         2.1194        60.6269        21.4057        20.7591        20.7145       -2307.49     /gpfs/hpu/EHT2/IHARM/SANE/SANE_a0_288x128x128_IHARM/m_1_1_1/image_a0_1210_163_0_230.e9_6.2e9_1.38083e+28_1.dat
        22       0.466933        2.39452        117.348        7.46777         9.0199         8.2122       -1103.82     /gpfs/hpu/EHT2/IHARM/SANE/SANE_a0_288x128x128_IHARM/m_1_1_1/image_a0_1220_163_0_230.e9_6.2e9_1.38083e+28_1.dat
        23       0.709509        2.73272        205.624        31.1189        26.5504        28.1024       -3062.28     /gpfs/hpu/EHT2/IHARM/SANE/SANE_a0_288x128x128_IHARM/m_1_1_1/image_a0_1230_163_0_230.e9_6.2e9_1.38083e+28_1.dat
        24       0.462764        2.25134        201.554        43.5777        47.2446        44.9332       -4761.53     /gpfs/hpu/EHT2/IHARM/SANE/SANE_a0_288x128x128_IHARM/m_1_1_1/image_a0_1240_163_0_230.e9_6.2e9_1.38083e+28_1.dat
        25       0.526392        2.32989        158.899         39.043         37.432        37.5429       -3939.53     /gpfs/hpu/EHT2/IHARM/SANE/SANE_a0_288x128x128_IHARM/m_1_1_1/image_a0_1250_163_0_230.e9_6.2e9_1.38083e+28_1.dat
        26       0.701018         2.8456        202.687         24.932        47.3322        36.9632       -3947.16     /gpfs/hpu/EHT2/IHARM/SANE/SANE_a0_288x128x128_IHARM/m_1_1_1/image_a0_1260_163_0_230.e9_6.2e9_1.38083e+28_1.dat
        27       0.384295        2.20332        51.4959        14.5479        17.2664        15.8289       -1831.35     /gpfs/hpu/EHT2/IHARM/SANE/SANE_a0_288x128x128_IHARM/m_1_1_1/image_a0_1270_163_0_230.e9_6.2e9_1.38083e+28_1.dat
        28       0.632585        2.36802        201.213        20.4253        28.7462        24.7209       -2751.36     /gpfs/hpu/EHT2/IHARM/SANE/SANE_a0_288x128x128_IHARM/m_1_1_1/image_a0_1280_163_0_230.e9_6.2e9_1.38083e+28_1.dat
        29        0.36309        2.21156        85.4328        27.1649        47.1364         37.815       -4000.66     /gpfs/hpu/EHT2/IHARM/SANE/SANE_a0_288x128x128_IHARM/m_1_1_1/image_a0_1290_163_0_230.e9_6.2e9_1.38083e+28_1.dat
        30       0.490219        2.43085        53.3399        29.4519        14.0125        20.4345       -2280.69     /gpfs/hpu/EHT2/IHARM/SANE/SANE_a0_288x128x128_IHARM/m_1_1_1/image_a0_1300_163_0_230.e9_6.2e9_1.38083e+28_1.dat
        31       0.521925        2.18735        80.2585        23.4503        47.5129        36.4262       -3873.12     /gpfs/hpu/EHT2/IHARM/SANE/SANE_a0_288x128x128_IHARM/m_1_1_1/image_a0_1310_163_0_230.e9_6.2e9_1.38083e+28_1.dat
        32       0.458317        2.23476        69.4758        21.6566        44.8816         34.196       -3652.15     /gpfs/hpu/EHT2/IHARM/SANE/SANE_a0_288x128x128_IHARM/m_1_1_1/image_a0_1320_163_0_230.e9_6.2e9_1.38083e+28_1.dat
        33        2.20163        6.02865        157.662        39.1587        25.1266        30.7706       -3747.43     /gpfs/hpu/EHT2/IHARM/SANE/SANE_a0_288x128x128_IHARM/m_1_1_1/image_a0_1330_163_0_230.e9_6.2e9_1.38083e+28_1.dat
        34       0.467297        2.24172        45.6112        23.7371         38.499        31.5522        -3366.9     /gpfs/hpu/EHT2/IHARM/SANE/SANE_a0_288x128x128_IHARM/m_1_1_1/image_a0_1340_163_0_230.e9_6.2e9_1.38083e+28_1.dat
        35       0.435328        2.26595        47.7339        14.4701        26.3814        20.8489       -2327.43     /gpfs/hpu/EHT2/IHARM/SANE/SANE_a0_288x128x128_IHARM/m_1_1_1/image_a0_1350_163_0_230.e9_6.2e9_1.38083e+28_1.dat
        36       0.509357        2.35666         54.286        51.3681        17.6763        31.8908       -3379.79     /gpfs/hpu/EHT2/IHARM/SANE/SANE_a0_288x128x128_IHARM/m_1_1_1/image_a0_1360_163_0_230.e9_6.2e9_1.38083e+28_1.dat
        37       0.492036        2.35811        74.4645        14.2236         20.451         17.455       -2001.04     /gpfs/hpu/EHT2/IHARM/SANE/SANE_a0_288x128x128_IHARM/m_1_1_1/image_a0_1370_163_0_230.e9_6.2e9_1.38083e+28_1.dat
        38        0.61567         2.2937        45.1755        28.9474        33.6251        31.0908       -3392.08     /gpfs/hpu/EHT2/IHARM/SANE/SANE_a0_288x128x128_IHARM/m_1_1_1/image_a0_1380_163_0_230.e9_6.2e9_1.38083e+28_1.dat
        39       0.455411        2.34196       -286.687         10.912        13.0766        11.9424       -1462.99     /gpfs/hpu/EHT2/IHARM/SANE/SANE_a0_288x128x128_IHARM/m_1_1_1/image_a0_1390_163_0_230.e9_6.2e9_1.38083e+28_1.dat
        40       0.489605        2.48588       -330.225        21.5224        55.3421        39.9377       -4216.83     /gpfs/hpu/EHT2/IHARM/SANE/SANE_a0_288x128x128_IHARM/m_1_1_1/image_a0_1400_163_0_230.e9_6.2e9_1.38083e+28_1.dat
        41       0.476912        2.24243       -315.272        3.99767        24.6089        15.3625       -1858.65     /gpfs/hpu/EHT2/IHARM/SANE/SANE_a0_288x128x128_IHARM/m_1_1_1/image_a0_1410_163_0_230.e9_6.2e9_1.38083e+28_1.dat
        42        0.50026        2.35911       -282.894        6.02949        15.3041        11.0777       -1398.08     /gpfs/hpu/EHT2/IHARM/SANE/SANE_a0_288x128x128_IHARM/m_1_1_1/image_a0_1420_163_0_230.e9_6.2e9_1.38083e+28_1.dat
        43       0.401962        2.32823       -273.298        15.9567        25.2921        20.8843       -2315.61     /gpfs/hpu/EHT2/IHARM/SANE/SANE_a0_288x128x128_IHARM/m_1_1_1/image_a0_1430_163_0_230.e9_6.2e9_1.38083e+28_1.dat
        44       0.381365        2.31016       -307.033         11.068        74.0451        45.8107       -4785.96     /gpfs/hpu/EHT2/IHARM/SANE/SANE_a0_288x128x128_IHARM/m_1_1_1/image_a0_1440_163_0_230.e9_6.2e9_1.38083e+28_1.dat
        45       0.462771        2.48472       -301.266        17.5235        61.7796        41.7869       -4386.08     /gpfs/hpu/EHT2/IHARM/SANE/SANE_a0_288x128x128_IHARM/m_1_1_1/image_a0_1450_163_0_230.e9_6.2e9_1.38083e+28_1.dat
        46        0.56466        2.32325       -297.854        25.2732        30.1854        27.6037       -3062.57     /gpfs/hpu/EHT2/IHARM/SANE/SANE_a0_288x128x128_IHARM/m_1_1_1/image_a0_1460_163_0_230.e9_6.2e9_1.38083e+28_1.dat
        47       0.817937         2.6778       -208.681        80.5158        75.9897         76.755        -7940.3     /gpfs/hpu/EHT2/IHARM/SANE/SANE_a0_288x128x128_IHARM/m_1_1_1/image_a0_1470_163_0_230.e9_6.2e9_1.38083e+28_1.dat
        48       0.640487        2.21116       -185.797         8.9129        50.4908        31.8253       -3541.75     /gpfs/hpu/EHT2/IHARM/SANE/SANE_a0_288x128x128_IHARM/m_1_1_1/image_a0_1480_163_0_230.e9_6.2e9_1.38083e+28_1.dat
        49       0.711805        3.07324       -162.496        32.3027        59.1822        46.7027       -4865.74     /gpfs/hpu/EHT2/IHARM/SANE/SANE_a0_288x128x128_IHARM/m_1_1_1/image_a0_1490_163_0_230.e9_6.2e9_1.38083e+28_1.dat
        50       0.353059        2.14228       -286.977        33.0624        37.2509        34.8706       -3696.44     /gpfs/hpu/EHT2/IHARM/SANE/SANE_a0_288x128x128_IHARM/m_1_1_1/image_a0_1500_163_0_230.e9_6.2e9_1.38083e+28_1.dat
        51       0.655619        2.56785       -186.561        17.4636        42.6113        31.1341       -3354.12     /gpfs/hpu/EHT2/IHARM/SANE/SANE_a0_288x128x128_IHARM/m_1_1_1/image_a0_1510_163_0_230.e9_6.2e9_1.38083e+28_1.dat
        52       0.929523        4.58969       -179.448        104.082        80.1126        89.1754       -9010.94     /gpfs/hpu/EHT2/IHARM/SANE/SANE_a0_288x128x128_IHARM/m_1_1_1/image_a0_1520_163_0_230.e9_6.2e9_1.38083e+28_1.dat
        53       0.610522        2.69722       -165.951        20.8953        87.6668        57.5889       -5978.26     /gpfs/hpu/EHT2/IHARM/SANE/SANE_a0_288x128x128_IHARM/m_1_1_1/image_a0_1530_163_0_230.e9_6.2e9_1.38083e+28_1.dat
        54       0.471633        2.30343       -145.595        26.3189        44.1938        35.8197       -3806.16     /gpfs/hpu/EHT2/IHARM/SANE/SANE_a0_288x128x128_IHARM/m_1_1_1/image_a0_1540_163_0_230.e9_6.2e9_1.38083e+28_1.dat
        55       0.558096        2.98049       -180.449        42.4139        80.2132        62.7107       -6415.86     /gpfs/hpu/EHT2/IHARM/SANE/SANE_a0_288x128x128_IHARM/m_1_1_1/image_a0_1550_163_0_230.e9_6.2e9_1.38083e+28_1.dat
        56        0.57603         2.4417       -160.027        26.1439        47.8493        37.7711       -4087.52     /gpfs/hpu/EHT2/IHARM/SANE/SANE_a0_288x128x128_IHARM/m_1_1_1/image_a0_1560_163_0_230.e9_6.2e9_1.38083e+28_1.dat
        57       0.673862        2.75393       -194.374        58.1848        61.7147        59.2374       -6510.95     /gpfs/hpu/EHT2/IHARM/SANE/SANE_a0_288x128x128_IHARM/m_1_1_1/image_a0_1570_163_0_230.e9_6.2e9_1.38083e+28_1.dat
        58       0.559881        2.32196       -288.592        27.1168        32.3791        29.6127        -3213.5     /gpfs/hpu/EHT2/IHARM/SANE/SANE_a0_288x128x128_IHARM/m_1_1_1/image_a0_1580_163_0_230.e9_6.2e9_1.38083e+28_1.dat
        59       0.508959        2.08733        -213.68        22.8086        35.0488        29.2401        -3145.3     /gpfs/hpu/EHT2/IHARM/SANE/SANE_a0_288x128x128_IHARM/m_1_1_1/image_a0_1590_163_0_230.e9_6.2e9_1.38083e+28_1.dat
        60       0.507586        2.40313       -270.967        44.0598        22.8739        31.6294       -3625.65     /gpfs/hpu/EHT2/IHARM/SANE/SANE_a0_288x128x128_IHARM/m_1_1_1/image_a0_1600_163_0_230.e9_6.2e9_1.38083e+28_1.dat
        61       0.617327        2.79183       -179.726        51.7572        51.8369        50.9969       -5280.85     /gpfs/hpu/EHT2/IHARM/SANE/SANE_a0_288x128x128_IHARM/m_1_1_1/image_a0_1610_163_0_230.e9_6.2e9_1.38083e+28_1.dat
        62       0.503472        2.36605        -172.71        69.5631         73.378        70.5968       -7173.25     /gpfs/hpu/EHT2/IHARM/SANE/SANE_a0_288x128x128_IHARM/m_1_1_1/image_a0_1620_163_0_230.e9_6.2e9_1.38083e+28_1.dat
        63       0.447751        2.36417       -198.204        23.6226        49.6098        37.6628       -3961.24     /gpfs/hpu/EHT2/IHARM/SANE/SANE_a0_288x128x128_IHARM/m_1_1_1/image_a0_1630_163_0_230.e9_6.2e9_1.38083e+28_1.dat
        64       0.398189         2.3026       -288.554        15.8565        26.1953        21.3419       -2372.37     /gpfs/hpu/EHT2/IHARM/SANE/SANE_a0_288x128x128_IHARM/m_1_1_1/image_a0_1640_163_0_230.e9_6.2e9_1.38083e+28_1.dat
        65       0.631052        2.49815       -162.822        12.9252        39.8674        27.6612       -3244.89     /gpfs/hpu/EHT2/IHARM/SANE/SANE_a0_288x128x128_IHARM/m_1_1_1/image_a0_1650_163_0_230.e9_6.2e9_1.38083e+28_1.dat
        66       0.553915        2.51557       -152.478        16.9536        36.2402        27.3827       -3010.87     /gpfs/hpu/EHT2/IHARM/SANE/SANE_a0_288x128x128_IHARM/m_1_1_1/image_a0_1660_163_0_230.e9_6.2e9_1.38083e+28_1.dat
        67        0.56409         2.5193         -307.1        61.4456        27.6225        41.7388        -4478.2     /gpfs/hpu/EHT2/IHARM/SANE/SANE_a0_288x128x128_IHARM/m_1_1_1/image_a0_1670_163_0_230.e9_6.2e9_1.38083e+28_1.dat
        68        1.07223        3.56079       -222.942        35.8842        174.359        112.097       -15451.2     /gpfs/hpu/EHT2/IHARM/SANE/SANE_a0_288x128x128_IHARM/m_1_1_1/image_a0_1680_163_0_230.e9_6.2e9_1.38083e+28_1.dat
        69       0.513587        2.51598        -327.14        35.3476        56.2817        46.4041       -4842.87     /gpfs/hpu/EHT2/IHARM/SANE/SANE_a0_288x128x128_IHARM/m_1_1_1/image_a0_1690_163_0_230.e9_6.2e9_1.38083e+28_1.dat
        70        1.48408        4.65599       -279.006        47.8006        22.2748         32.906       -3550.21     /gpfs/hpu/EHT2/IHARM/SANE/SANE_a0_288x128x128_IHARM/m_1_1_1/image_a0_1700_163_0_230.e9_6.2e9_1.38083e+28_1.dat
        71       0.821726        2.52106       -233.366        36.9106        96.3767        69.3051       -7278.37     /gpfs/hpu/EHT2/IHARM/SANE/SANE_a0_288x128x128_IHARM/m_1_1_1/image_a0_1710_163_0_230.e9_6.2e9_1.38083e+28_1.dat
        72       0.503091        2.50269        -316.24        26.3134         61.823        45.5911       -4760.81     /gpfs/hpu/EHT2/IHARM/SANE/SANE_a0_288x128x128_IHARM/m_1_1_1/image_a0_1720_163_0_230.e9_6.2e9_1.38083e+28_1.dat
        73       0.425815        2.27142       -244.314        51.2785        101.495        78.3216       -8039.91     /gpfs/hpu/EHT2/IHARM/SANE/SANE_a0_288x128x128_IHARM/m_1_1_1/image_a0_1730_163_0_230.e9_6.2e9_1.38083e+28_1.dat
        74       0.907051        2.42513       -291.533        31.8048        38.1946         34.853        -3972.2     /gpfs/hpu/EHT2/IHARM/SANE/SANE_a0_288x128x128_IHARM/m_1_1_1/image_a0_1740_163_0_230.e9_6.2e9_1.38083e+28_1.dat
        75       0.751831        2.33348       -302.687        32.8349        66.0958        50.7645       -5408.02     /gpfs/hpu/EHT2/IHARM/SANE/SANE_a0_288x128x128_IHARM/m_1_1_1/image_a0_1750_163_0_230.e9_6.2e9_1.38083e+28_1.dat
        76       0.678279        2.51923       -152.036        34.3839        61.5666        48.9196       -5178.17     /gpfs/hpu/EHT2/IHARM/SANE/SANE_a0_288x128x128_IHARM/m_1_1_1/image_a0_1760_163_0_230.e9_6.2e9_1.38083e+28_1.dat
        77       0.420056        2.11602       -300.713        34.8751         58.425        47.3891       -4984.48     /gpfs/hpu/EHT2/IHARM/SANE/SANE_a0_288x128x128_IHARM/m_1_1_1/image_a0_1770_163_0_230.e9_6.2e9_1.38083e+28_1.dat
        78        2.29381         6.6023       -200.814        35.3298        37.2739        35.8584       -3907.69     /gpfs/hpu/EHT2/IHARM/SANE/SANE_a0_288x128x128_IHARM/m_1_1_1/image_a0_1780_163_0_230.e9_6.2e9_1.38083e+28_1.dat
        79       0.463384        1.87336       -323.187        12.4179         77.088        48.0782       -4977.06     /gpfs/hpu/EHT2/IHARM/SANE/SANE_a0_288x128x128_IHARM/m_1_1_1/image_a0_1790_163_0_230.e9_6.2e9_1.38083e+28_1.dat
        80       0.571919        2.00884       -143.126        25.0751        64.3897        46.4815       -4910.56     /gpfs/hpu/EHT2/IHARM/SANE/SANE_a0_288x128x128_IHARM/m_1_1_1/image_a0_1800_163_0_230.e9_6.2e9_1.38083e+28_1.dat
        81       0.984951        2.13673        46.0744        23.2813        78.9833        53.8008       -5921.32     /gpfs/hpu/EHT2/IHARM/SANE/SANE_a0_288x128x128_IHARM/m_1_1_1/image_a0_1810_163_0_230.e9_6.2e9_1.38083e+28_1.dat
        82       0.544519        2.25356        93.8516        13.8195        37.1393        26.5333       -2920.46     /gpfs/hpu/EHT2/IHARM/SANE/SANE_a0_288x128x128_IHARM/m_1_1_1/image_a0_1820_163_0_230.e9_6.2e9_1.38083e+28_1.dat
        83        1.15372        4.41161        138.692        60.9966        44.6028        50.9597       -5541.36     /gpfs/hpu/EHT2/IHARM/SANE/SANE_a0_288x128x128_IHARM/m_1_1_1/image_a0_1830_163_0_230.e9_6.2e9_1.38083e+28_1.dat
        84       0.441725        2.01097         44.096        8.38894        30.8781        20.7266       -2350.53     /gpfs/hpu/EHT2/IHARM/SANE/SANE_a0_288x128x128_IHARM/m_1_1_1/image_a0_1840_163_0_230.e9_6.2e9_1.38083e+28_1.dat
        85       0.503368        2.01724        144.201        6.56833        23.5969        15.9069        -1904.5     /gpfs/hpu/EHT2/IHARM/SANE/SANE_a0_288x128x128_IHARM/m_1_1_1/image_a0_1850_163_0_230.e9_6.2e9_1.38083e+28_1.dat
        86       0.370487        2.05576        97.3148        34.5237        63.7555        50.1933       -5165.98     /gpfs/hpu/EHT2/IHARM/SANE/SANE_a0_288x128x128_IHARM/m_1_1_1/image_a0_1860_163_0_230.e9_6.2e9_1.38083e+28_1.dat
        87       0.487795        2.16735        60.9362        53.3545        29.4081        39.2492       -4160.43     /gpfs/hpu/EHT2/IHARM/SANE/SANE_a0_288x128x128_IHARM/m_1_1_1/image_a0_1870_163_0_230.e9_6.2e9_1.38083e+28_1.dat
        88        1.15535        4.80485        106.543         60.977        80.4055        70.8004       -9408.76     /gpfs/hpu/EHT2/IHARM/SANE/SANE_a0_288x128x128_IHARM/m_1_1_1/image_a0_1880_163_0_230.e9_6.2e9_1.38083e+28_1.dat
        89        0.66038        1.98644        31.1744        23.0771        14.5796        18.0073       -2078.75     /gpfs/hpu/EHT2/IHARM/SANE/SANE_a0_288x128x128_IHARM/m_1_1_1/image_a0_1890_163_0_230.e9_6.2e9_1.38083e+28_1.dat
        90       0.441336          1.991        195.913        37.6198        26.9657        31.1284       -3345.45     /gpfs/hpu/EHT2/IHARM/SANE/SANE_a0_288x128x128_IHARM/m_1_1_1/image_a0_1900_163_0_230.e9_6.2e9_1.38083e+28_1.dat
        91       0.601233        2.00276        122.788        28.4426        24.3911        25.7543       -2868.41     /gpfs/hpu/EHT2/IHARM/SANE/SANE_a0_288x128x128_IHARM/m_1_1_1/image_a0_1910_163_0_230.e9_6.2e9_1.38083e+28_1.dat
        92       0.626703        3.19643        85.9237        135.726        182.055        159.301       -15762.8     /gpfs/hpu/EHT2/IHARM/SANE/SANE_a0_288x128x128_IHARM/m_1_1_1/image_a0_1920_163_0_230.e9_6.2e9_1.38083e+28_1.dat
        93       0.593582        2.32734        19.2615        24.3983         35.399        30.1179       -3285.05     /gpfs/hpu/EHT2/IHARM/SANE/SANE_a0_288x128x128_IHARM/m_1_1_1/image_a0_1930_163_0_230.e9_6.2e9_1.38083e+28_1.dat
        94       0.351612        1.89263        35.3903        18.4094        54.4548         38.107       -3980.17     /gpfs/hpu/EHT2/IHARM/SANE/SANE_a0_288x128x128_IHARM/m_1_1_1/image_a0_1940_163_0_230.e9_6.2e9_1.38083e+28_1.dat
        95       0.588756         2.2149        -287.16        14.8188         12.397        13.2458       -1585.98     /gpfs/hpu/EHT2/IHARM/SANE/SANE_a0_288x128x128_IHARM/m_1_1_1/image_a0_1950_163_0_230.e9_6.2e9_1.38083e+28_1.dat
        96       0.476513        2.12855       -187.466        37.5439         42.018        39.4408       -4145.12     /gpfs/hpu/EHT2/IHARM/SANE/SANE_a0_288x128x128_IHARM/m_1_1_1/image_a0_1960_163_0_230.e9_6.2e9_1.38083e+28_1.dat
        97       0.463295        2.07811       -149.315        11.5969         35.428        24.6287       -2781.37     /gpfs/hpu/EHT2/IHARM/SANE/SANE_a0_288x128x128_IHARM/m_1_1_1/image_a0_1970_163_0_230.e9_6.2e9_1.38083e+28_1.dat
        98       0.547449        2.00433       -279.881        60.2909        34.1024        44.8347       -4661.25     /gpfs/hpu/EHT2/IHARM/SANE/SANE_a0_288x128x128_IHARM/m_1_1_1/image_a0_1980_163_0_230.e9_6.2e9_1.38083e+28_1.dat
        99       0.824451        2.95378       -250.831        12.7085        64.9877        41.4948       -4449.92     /gpfs/hpu/EHT2/IHARM/SANE/SANE_a0_288x128x128_IHARM/m_1_1_1/image_a0_1990_163_0_230.e9_6.2e9_1.38083e+28_1.dat
