   # Index         I (Jy)      M/D (uas)       PA (deg)  VA red. chisq  CP red. chisq     red. chisq     log-liklhd     FileName
         0         1.2125        5.82139       -92.1567        56.2042        34.7129        43.5143       -5846.47     /gpfs/hpu/EHT2/IHARM/MAD/MAD_a-0.94_384x192x192_IHARM/m_1_1_10/image_a-0.94_0000_17_0_230.e9_6.2e9_1.55976e+25_10.dat
         1       0.767401        3.85185       -36.9092        36.8447        39.4266        37.8397        -5110.1     /gpfs/hpu/EHT2/IHARM/MAD/MAD_a-0.94_384x192x192_IHARM/m_1_1_10/image_a-0.94_0001_17_0_230.e9_6.2e9_1.55976e+25_10.dat
         2       0.870007         3.3708        4.04993        8.89273        10.0836        9.45007       -1650.33     /gpfs/hpu/EHT2/IHARM/MAD/MAD_a-0.94_384x192x192_IHARM/m_1_1_10/image_a-0.94_0002_17_0_230.e9_6.2e9_1.55976e+25_10.dat
         3        1.43769        3.42496       -75.4303        12.4305        79.8386        49.9407        -7174.6     /gpfs/hpu/EHT2/IHARM/MAD/MAD_a-0.94_384x192x192_IHARM/m_1_1_10/image_a-0.94_0003_17_0_230.e9_6.2e9_1.55976e+25_10.dat
         4       0.700606        3.88771       -16.8582        14.2374        14.0435        13.9561       -2170.19     /gpfs/hpu/EHT2/IHARM/MAD/MAD_a-0.94_384x192x192_IHARM/m_1_1_10/image_a-0.94_0004_17_0_230.e9_6.2e9_1.55976e+25_10.dat
         5        0.81922        4.05911       -4.75072        5.32041        9.26865        7.46169       -1485.38     /gpfs/hpu/EHT2/IHARM/MAD/MAD_a-0.94_384x192x192_IHARM/m_1_1_10/image_a-0.94_0005_17_0_230.e9_6.2e9_1.55976e+25_10.dat
         6       0.894925        3.79538        43.6215        6.79496        24.0604        16.3587       -2725.24     /gpfs/hpu/EHT2/IHARM/MAD/MAD_a-0.94_384x192x192_IHARM/m_1_1_10/image_a-0.94_0006_17_0_230.e9_6.2e9_1.55976e+25_10.dat
         7       0.940906        3.60905        146.437        12.0862        64.1909        41.0505       -5705.21     /gpfs/hpu/EHT2/IHARM/MAD/MAD_a-0.94_384x192x192_IHARM/m_1_1_10/image_a-0.94_0007_17_0_230.e9_6.2e9_1.55976e+25_10.dat
         8       0.684022        3.44932        231.532        12.1548        10.2364        10.9354       -1755.92     /gpfs/hpu/EHT2/IHARM/MAD/MAD_a-0.94_384x192x192_IHARM/m_1_1_10/image_a-0.94_0008_17_0_230.e9_6.2e9_1.55976e+25_10.dat
         9       0.637739        3.45058        227.882         7.0326        8.29581        7.65294       -1352.59     /gpfs/hpu/EHT2/IHARM/MAD/MAD_a-0.94_384x192x192_IHARM/m_1_1_10/image_a-0.94_0009_17_0_230.e9_6.2e9_1.55976e+25_10.dat
        10        1.06447        3.63135         204.59        27.0094         36.225        31.8302       -4476.72     /gpfs/hpu/EHT2/IHARM/MAD/MAD_a-0.94_384x192x192_IHARM/m_1_1_10/image_a-0.94_0010_17_0_230.e9_6.2e9_1.55976e+25_10.dat
        11       0.766023        4.31828        224.163         18.022        106.928        67.4753        -8965.4     /gpfs/hpu/EHT2/IHARM/MAD/MAD_a-0.94_384x192x192_IHARM/m_1_1_10/image_a-0.94_0011_17_0_230.e9_6.2e9_1.55976e+25_10.dat
        12       0.710064        3.67073        260.828        16.3541        90.6211        57.6488       -8187.14     /gpfs/hpu/EHT2/IHARM/MAD/MAD_a-0.94_384x192x192_IHARM/m_1_1_10/image_a-0.94_0012_17_0_230.e9_6.2e9_1.55976e+25_10.dat
        13        1.30301        4.50832        208.005        15.9405        72.2259        47.1938       -7932.22     /gpfs/hpu/EHT2/IHARM/MAD/MAD_a-0.94_384x192x192_IHARM/m_1_1_10/image_a-0.94_0013_17_0_230.e9_6.2e9_1.55976e+25_10.dat
        14       0.606861        3.72489        267.392        3.49561        3.60814        3.51602       -850.745     /gpfs/hpu/EHT2/IHARM/MAD/MAD_a-0.94_384x192x192_IHARM/m_1_1_10/image_a-0.94_0014_17_0_230.e9_6.2e9_1.55976e+25_10.dat
        15       0.758179        3.85158        312.502        9.04634        7.64025        8.15087       -1469.26     /gpfs/hpu/EHT2/IHARM/MAD/MAD_a-0.94_384x192x192_IHARM/m_1_1_10/image_a-0.94_0015_17_0_230.e9_6.2e9_1.55976e+25_10.dat
        16       0.543987         4.0786        278.765        8.48303         30.465        20.6614       -2952.25     /gpfs/hpu/EHT2/IHARM/MAD/MAD_a-0.94_384x192x192_IHARM/m_1_1_10/image_a-0.94_0016_17_0_230.e9_6.2e9_1.55976e+25_10.dat
        17       0.864749        4.06079        332.258        9.63184        5.78687        7.36665          -1322     /gpfs/hpu/EHT2/IHARM/MAD/MAD_a-0.94_384x192x192_IHARM/m_1_1_10/image_a-0.94_0017_17_0_230.e9_6.2e9_1.55976e+25_10.dat
        18       0.827422         3.4647        317.564        39.6821        13.6673        24.6656       -3541.54     /gpfs/hpu/EHT2/IHARM/MAD/MAD_a-0.94_384x192x192_IHARM/m_1_1_10/image_a-0.94_0018_17_0_230.e9_6.2e9_1.55976e+25_10.dat
        19       0.662717        4.10196        342.166         18.975        12.7908        15.2894        -2298.8     /gpfs/hpu/EHT2/IHARM/MAD/MAD_a-0.94_384x192x192_IHARM/m_1_1_10/image_a-0.94_0019_17_0_230.e9_6.2e9_1.55976e+25_10.dat
        20       0.515402        3.85477        335.998        6.31096         9.5715        8.05599       -1418.83     /gpfs/hpu/EHT2/IHARM/MAD/MAD_a-0.94_384x192x192_IHARM/m_1_1_10/image_a-0.94_0020_17_0_230.e9_6.2e9_1.55976e+25_10.dat
        21       0.759129        3.65377        188.687        7.04814        47.3279         29.467       -4537.27     /gpfs/hpu/EHT2/IHARM/MAD/MAD_a-0.94_384x192x192_IHARM/m_1_1_10/image_a-0.94_0021_17_0_230.e9_6.2e9_1.55976e+25_10.dat
        22       0.866159        4.36772        259.088        7.30394        35.1313        22.7625       -3234.14     /gpfs/hpu/EHT2/IHARM/MAD/MAD_a-0.94_384x192x192_IHARM/m_1_1_10/image_a-0.94_0022_17_0_230.e9_6.2e9_1.55976e+25_10.dat
        23       0.842668        4.33718        299.326        11.9774        27.8386        20.6937       -3015.95     /gpfs/hpu/EHT2/IHARM/MAD/MAD_a-0.94_384x192x192_IHARM/m_1_1_10/image_a-0.94_0023_17_0_230.e9_6.2e9_1.55976e+25_10.dat
        24       0.441681        3.61197        261.272        5.23722        9.99851        7.83377       -1347.33     /gpfs/hpu/EHT2/IHARM/MAD/MAD_a-0.94_384x192x192_IHARM/m_1_1_10/image_a-0.94_0024_17_0_230.e9_6.2e9_1.55976e+25_10.dat
        25       0.600587         3.5671        326.564        10.6783        10.4211        10.4049       -1691.86     /gpfs/hpu/EHT2/IHARM/MAD/MAD_a-0.94_384x192x192_IHARM/m_1_1_10/image_a-0.94_0025_17_0_230.e9_6.2e9_1.55976e+25_10.dat
        26       0.848824        3.39972        315.783        10.4351         16.979        13.9645       -2289.23     /gpfs/hpu/EHT2/IHARM/MAD/MAD_a-0.94_384x192x192_IHARM/m_1_1_10/image_a-0.94_0026_17_0_230.e9_6.2e9_1.55976e+25_10.dat
        27       0.858924        3.30902        318.807        4.80461        5.64461        5.21557       -1173.39     /gpfs/hpu/EHT2/IHARM/MAD/MAD_a-0.94_384x192x192_IHARM/m_1_1_10/image_a-0.94_0027_17_0_230.e9_6.2e9_1.55976e+25_10.dat
        28         1.4328        3.26768        311.618        8.45641        7.45399        7.79365       -1631.68     /gpfs/hpu/EHT2/IHARM/MAD/MAD_a-0.94_384x192x192_IHARM/m_1_1_10/image_a-0.94_0028_17_0_230.e9_6.2e9_1.55976e+25_10.dat
        29       0.779701         3.2088        329.016        13.5758        17.4043        15.5499       -2329.07     /gpfs/hpu/EHT2/IHARM/MAD/MAD_a-0.94_384x192x192_IHARM/m_1_1_10/image_a-0.94_0029_17_0_230.e9_6.2e9_1.55976e+25_10.dat
        30        1.33692        3.93039        314.232        7.08561        8.98118        8.05862       -1603.59     /gpfs/hpu/EHT2/IHARM/MAD/MAD_a-0.94_384x192x192_IHARM/m_1_1_10/image_a-0.94_0030_17_0_230.e9_6.2e9_1.55976e+25_10.dat
        31       0.679725        4.23416        277.984        2.90425        4.00465        3.48377       -822.079     /gpfs/hpu/EHT2/IHARM/MAD/MAD_a-0.94_384x192x192_IHARM/m_1_1_10/image_a-0.94_0031_17_0_230.e9_6.2e9_1.55976e+25_10.dat
        32       0.797461        4.02348        291.364         4.1752         9.1533        6.90577        -1270.1     /gpfs/hpu/EHT2/IHARM/MAD/MAD_a-0.94_384x192x192_IHARM/m_1_1_10/image_a-0.94_0032_17_0_230.e9_6.2e9_1.55976e+25_10.dat
        33       0.671695        3.60147        315.552        8.88063        4.95628        6.58022       -1227.81     /gpfs/hpu/EHT2/IHARM/MAD/MAD_a-0.94_384x192x192_IHARM/m_1_1_10/image_a-0.94_0033_17_0_230.e9_6.2e9_1.55976e+25_10.dat
        34       0.918901        3.40926        323.292        9.27527        21.2237        15.8382       -2529.71     /gpfs/hpu/EHT2/IHARM/MAD/MAD_a-0.94_384x192x192_IHARM/m_1_1_10/image_a-0.94_0034_17_0_230.e9_6.2e9_1.55976e+25_10.dat
        35       0.897053        3.41651         349.93        21.8006        11.5061        15.7842       -2470.05     /gpfs/hpu/EHT2/IHARM/MAD/MAD_a-0.94_384x192x192_IHARM/m_1_1_10/image_a-0.94_0035_17_0_230.e9_6.2e9_1.55976e+25_10.dat
        36        1.69649        3.16909        331.469        10.7425        38.3374        26.0294       -4804.18     /gpfs/hpu/EHT2/IHARM/MAD/MAD_a-0.94_384x192x192_IHARM/m_1_1_10/image_a-0.94_0036_17_0_230.e9_6.2e9_1.55976e+25_10.dat
        37       0.879593        4.26582        358.741        21.3586         23.094        22.0687       -3190.14     /gpfs/hpu/EHT2/IHARM/MAD/MAD_a-0.94_384x192x192_IHARM/m_1_1_10/image_a-0.94_0037_17_0_230.e9_6.2e9_1.55976e+25_10.dat
        38       0.871999        3.57696        336.922        15.8139        37.3439        27.6507       -3874.41     /gpfs/hpu/EHT2/IHARM/MAD/MAD_a-0.94_384x192x192_IHARM/m_1_1_10/image_a-0.94_0038_17_0_230.e9_6.2e9_1.55976e+25_10.dat
        39       0.717219        4.30086        322.133        5.88823        79.9028         47.169        -6219.3     /gpfs/hpu/EHT2/IHARM/MAD/MAD_a-0.94_384x192x192_IHARM/m_1_1_10/image_a-0.94_0039_17_0_230.e9_6.2e9_1.55976e+25_10.dat
        40        1.48432        3.88359        231.656        33.3232        38.0572        35.5634       -5044.24     /gpfs/hpu/EHT2/IHARM/MAD/MAD_a-0.94_384x192x192_IHARM/m_1_1_10/image_a-0.94_0040_17_0_230.e9_6.2e9_1.55976e+25_10.dat
        41       0.678189        3.92511        315.012        8.60658         11.525        10.1326       -1681.75     /gpfs/hpu/EHT2/IHARM/MAD/MAD_a-0.94_384x192x192_IHARM/m_1_1_10/image_a-0.94_0041_17_0_230.e9_6.2e9_1.55976e+25_10.dat
        42        1.20526        4.01809        318.677        6.70174        11.4034        9.24718       -1560.29     /gpfs/hpu/EHT2/IHARM/MAD/MAD_a-0.94_384x192x192_IHARM/m_1_1_10/image_a-0.94_0042_17_0_230.e9_6.2e9_1.55976e+25_10.dat
        43       0.954637        3.75764        331.817        16.0953        21.1332        18.7145       -2797.03     /gpfs/hpu/EHT2/IHARM/MAD/MAD_a-0.94_384x192x192_IHARM/m_1_1_10/image_a-0.94_0043_17_0_230.e9_6.2e9_1.55976e+25_10.dat
        44        1.11758        3.63568        357.985         21.708        63.6371        44.8703       -6186.95     /gpfs/hpu/EHT2/IHARM/MAD/MAD_a-0.94_384x192x192_IHARM/m_1_1_10/image_a-0.94_0044_17_0_230.e9_6.2e9_1.55976e+25_10.dat
        45       0.834344         3.3784        299.955        8.80213        37.1524        24.5346       -3658.93     /gpfs/hpu/EHT2/IHARM/MAD/MAD_a-0.94_384x192x192_IHARM/m_1_1_10/image_a-0.94_0045_17_0_230.e9_6.2e9_1.55976e+25_10.dat
        46        1.64492        3.89824         204.05        30.2436        41.4051        36.1122       -5413.35     /gpfs/hpu/EHT2/IHARM/MAD/MAD_a-0.94_384x192x192_IHARM/m_1_1_10/image_a-0.94_0046_17_0_230.e9_6.2e9_1.55976e+25_10.dat
        47        1.38805        6.32753        312.227        78.8658        71.4909        73.7875       -10068.4     /gpfs/hpu/EHT2/IHARM/MAD/MAD_a-0.94_384x192x192_IHARM/m_1_1_10/image_a-0.94_0047_17_0_230.e9_6.2e9_1.55976e+25_10.dat
        48        1.50442        5.07491        352.968        22.8554        19.4162        20.6563       -3689.65     /gpfs/hpu/EHT2/IHARM/MAD/MAD_a-0.94_384x192x192_IHARM/m_1_1_10/image_a-0.94_0048_17_0_230.e9_6.2e9_1.55976e+25_10.dat
        49         1.2126        4.50809        334.103        18.7088        33.3934        26.6859       -4571.09     /gpfs/hpu/EHT2/IHARM/MAD/MAD_a-0.94_384x192x192_IHARM/m_1_1_10/image_a-0.94_0049_17_0_230.e9_6.2e9_1.55976e+25_10.dat
        50       0.869207        4.34484         359.98        6.57137        24.8743        16.7175       -2528.69     /gpfs/hpu/EHT2/IHARM/MAD/MAD_a-0.94_384x192x192_IHARM/m_1_1_10/image_a-0.94_0050_17_0_230.e9_6.2e9_1.55976e+25_10.dat
        51       0.563944        3.95224        359.154         8.2021         16.435        12.7022       -1969.51     /gpfs/hpu/EHT2/IHARM/MAD/MAD_a-0.94_384x192x192_IHARM/m_1_1_10/image_a-0.94_0051_17_0_230.e9_6.2e9_1.55976e+25_10.dat
        52        1.41527        3.95567        292.144        13.7985        10.9492         12.039       -2033.42     /gpfs/hpu/EHT2/IHARM/MAD/MAD_a-0.94_384x192x192_IHARM/m_1_1_10/image_a-0.94_0052_17_0_230.e9_6.2e9_1.55976e+25_10.dat
        53       0.834681        3.56743        299.465        11.6571         21.626        17.0852       -2600.96     /gpfs/hpu/EHT2/IHARM/MAD/MAD_a-0.94_384x192x192_IHARM/m_1_1_10/image_a-0.94_0053_17_0_230.e9_6.2e9_1.55976e+25_10.dat
        54       0.585191        3.92861        331.713        2.91108        6.94242        5.12805       -1051.36     /gpfs/hpu/EHT2/IHARM/MAD/MAD_a-0.94_384x192x192_IHARM/m_1_1_10/image_a-0.94_0054_17_0_230.e9_6.2e9_1.55976e+25_10.dat
        55        1.22404        3.76979        288.873        7.42581        8.89649        8.15729       -1684.12     /gpfs/hpu/EHT2/IHARM/MAD/MAD_a-0.94_384x192x192_IHARM/m_1_1_10/image_a-0.94_0055_17_0_230.e9_6.2e9_1.55976e+25_10.dat
        56       0.861601        3.98902        208.331        5.53491        22.5702        14.9854       -2339.37     /gpfs/hpu/EHT2/IHARM/MAD/MAD_a-0.94_384x192x192_IHARM/m_1_1_10/image_a-0.94_0056_17_0_230.e9_6.2e9_1.55976e+25_10.dat
        57        0.61061        4.26737        240.519        1.98735        4.09191        3.13904       -762.716     /gpfs/hpu/EHT2/IHARM/MAD/MAD_a-0.94_384x192x192_IHARM/m_1_1_10/image_a-0.94_0057_17_0_230.e9_6.2e9_1.55976e+25_10.dat
        58       0.644992        3.68637        277.928        2.41524        5.45526        4.08438       -927.971     /gpfs/hpu/EHT2/IHARM/MAD/MAD_a-0.94_384x192x192_IHARM/m_1_1_10/image_a-0.94_0058_17_0_230.e9_6.2e9_1.55976e+25_10.dat
        59       0.759452         3.6284        304.463        3.84238        14.8449        9.94288       -1752.82     /gpfs/hpu/EHT2/IHARM/MAD/MAD_a-0.94_384x192x192_IHARM/m_1_1_10/image_a-0.94_0059_17_0_230.e9_6.2e9_1.55976e+25_10.dat
        60       0.587546        3.73353        272.776        23.0843        11.3299        16.2367       -2390.25     /gpfs/hpu/EHT2/IHARM/MAD/MAD_a-0.94_384x192x192_IHARM/m_1_1_10/image_a-0.94_0060_17_0_230.e9_6.2e9_1.55976e+25_10.dat
        61       0.563714        3.98081        225.304        6.56507        17.6971        12.7049       -1985.04     /gpfs/hpu/EHT2/IHARM/MAD/MAD_a-0.94_384x192x192_IHARM/m_1_1_10/image_a-0.94_0061_17_0_230.e9_6.2e9_1.55976e+25_10.dat
        62       0.554233        4.31926        240.352         3.7469        22.0503        13.9276        -2097.2     /gpfs/hpu/EHT2/IHARM/MAD/MAD_a-0.94_384x192x192_IHARM/m_1_1_10/image_a-0.94_0062_17_0_230.e9_6.2e9_1.55976e+25_10.dat
        63       0.759229        4.31924        278.036        9.93075        23.0892        17.1618       -2550.17     /gpfs/hpu/EHT2/IHARM/MAD/MAD_a-0.94_384x192x192_IHARM/m_1_1_10/image_a-0.94_0063_17_0_230.e9_6.2e9_1.55976e+25_10.dat
        64       0.472499        3.83244        359.998        13.8592        10.4239        11.7716       -1888.04     /gpfs/hpu/EHT2/IHARM/MAD/MAD_a-0.94_384x192x192_IHARM/m_1_1_10/image_a-0.94_0064_17_0_230.e9_6.2e9_1.55976e+25_10.dat
        65       0.795436        3.58153        336.723        16.1807        11.9627        13.6275       -2224.16     /gpfs/hpu/EHT2/IHARM/MAD/MAD_a-0.94_384x192x192_IHARM/m_1_1_10/image_a-0.94_0065_17_0_230.e9_6.2e9_1.55976e+25_10.dat
        66       0.912821        3.22941        357.643        15.2153         21.371        18.4697       -3160.53     /gpfs/hpu/EHT2/IHARM/MAD/MAD_a-0.94_384x192x192_IHARM/m_1_1_10/image_a-0.94_0066_17_0_230.e9_6.2e9_1.55976e+25_10.dat
        67        1.13496         3.1993        359.993        19.7623        26.8395        23.4763       -3512.03     /gpfs/hpu/EHT2/IHARM/MAD/MAD_a-0.94_384x192x192_IHARM/m_1_1_10/image_a-0.94_0067_17_0_230.e9_6.2e9_1.55976e+25_10.dat
        68       0.923517        3.60404        273.779        17.2662        12.7724        14.5458          -2233     /gpfs/hpu/EHT2/IHARM/MAD/MAD_a-0.94_384x192x192_IHARM/m_1_1_10/image_a-0.94_0068_17_0_230.e9_6.2e9_1.55976e+25_10.dat
        69       0.758088         3.7159       -277.635        2.22867        26.7255        15.8881       -2663.95     /gpfs/hpu/EHT2/IHARM/MAD/MAD_a-0.94_384x192x192_IHARM/m_1_1_10/image_a-0.94_0069_17_0_230.e9_6.2e9_1.55976e+25_10.dat
        70       0.698422         3.8757       -268.505        7.82078         12.586        10.3881       -1957.52     /gpfs/hpu/EHT2/IHARM/MAD/MAD_a-0.94_384x192x192_IHARM/m_1_1_10/image_a-0.94_0070_17_0_230.e9_6.2e9_1.55976e+25_10.dat
        71        1.15048        4.39479       -308.835        9.80596        23.8225         17.518       -2710.65     /gpfs/hpu/EHT2/IHARM/MAD/MAD_a-0.94_384x192x192_IHARM/m_1_1_10/image_a-0.94_0071_17_0_230.e9_6.2e9_1.55976e+25_10.dat
        72       0.663209        3.52198       -233.968         19.872        74.1712        49.9679       -6874.02     /gpfs/hpu/EHT2/IHARM/MAD/MAD_a-0.94_384x192x192_IHARM/m_1_1_10/image_a-0.94_0072_17_0_230.e9_6.2e9_1.55976e+25_10.dat
        73       0.716295        3.90768       -107.825        10.0465        13.5061        11.8574       -1855.02     /gpfs/hpu/EHT2/IHARM/MAD/MAD_a-0.94_384x192x192_IHARM/m_1_1_10/image_a-0.94_0073_17_0_230.e9_6.2e9_1.55976e+25_10.dat
        74       0.472997        4.00621       -172.456         3.7581        5.11829        4.47239       -933.498     /gpfs/hpu/EHT2/IHARM/MAD/MAD_a-0.94_384x192x192_IHARM/m_1_1_10/image_a-0.94_0074_17_0_230.e9_6.2e9_1.55976e+25_10.dat
        75       0.533341         4.2065       -161.732        2.65272        5.82821        4.39466       -947.414     /gpfs/hpu/EHT2/IHARM/MAD/MAD_a-0.94_384x192x192_IHARM/m_1_1_10/image_a-0.94_0075_17_0_230.e9_6.2e9_1.55976e+25_10.dat
        76       0.757088        4.15286       -109.648        8.68812         7.4364        7.88326       -1381.22     /gpfs/hpu/EHT2/IHARM/MAD/MAD_a-0.94_384x192x192_IHARM/m_1_1_10/image_a-0.94_0076_17_0_230.e9_6.2e9_1.55976e+25_10.dat
        77       0.938605        3.90302       -94.2548        17.0856        14.1572        15.2419       -2362.67     /gpfs/hpu/EHT2/IHARM/MAD/MAD_a-0.94_384x192x192_IHARM/m_1_1_10/image_a-0.94_0077_17_0_230.e9_6.2e9_1.55976e+25_10.dat
        78       0.943259        4.69687       -13.8103        29.7461        19.9614        23.9181        -3486.9     /gpfs/hpu/EHT2/IHARM/MAD/MAD_a-0.94_384x192x192_IHARM/m_1_1_10/image_a-0.94_0078_17_0_230.e9_6.2e9_1.55976e+25_10.dat
        79        0.84127        3.82849       -10.3335        10.5058        19.2949        15.2887       -2433.39     /gpfs/hpu/EHT2/IHARM/MAD/MAD_a-0.94_384x192x192_IHARM/m_1_1_10/image_a-0.94_0079_17_0_230.e9_6.2e9_1.55976e+25_10.dat
        80       0.679093        3.85754       -42.3531        8.39867         12.555        10.6188       -1751.96     /gpfs/hpu/EHT2/IHARM/MAD/MAD_a-0.94_384x192x192_IHARM/m_1_1_10/image_a-0.94_0080_17_0_230.e9_6.2e9_1.55976e+25_10.dat
        81       0.696165        3.62848        -20.768        12.5433        12.5301        12.3836       -2020.73     /gpfs/hpu/EHT2/IHARM/MAD/MAD_a-0.94_384x192x192_IHARM/m_1_1_10/image_a-0.94_0081_17_0_230.e9_6.2e9_1.55976e+25_10.dat
        82       0.642744        3.37501       -53.9978         8.3098        18.3302        13.8073       -2115.52     /gpfs/hpu/EHT2/IHARM/MAD/MAD_a-0.94_384x192x192_IHARM/m_1_1_10/image_a-0.94_0082_17_0_230.e9_6.2e9_1.55976e+25_10.dat
        83        1.07643        3.39535       -67.7307        9.57935        14.5138        12.2199       -2209.61     /gpfs/hpu/EHT2/IHARM/MAD/MAD_a-0.94_384x192x192_IHARM/m_1_1_10/image_a-0.94_0083_17_0_230.e9_6.2e9_1.55976e+25_10.dat
        84       0.820463        3.13991       -39.5699        13.0767        17.5313        15.4067        -2371.4     /gpfs/hpu/EHT2/IHARM/MAD/MAD_a-0.94_384x192x192_IHARM/m_1_1_10/image_a-0.94_0084_17_0_230.e9_6.2e9_1.55976e+25_10.dat
        85       0.687452        3.56448       -27.9244        6.66049         15.062        11.2736       -1848.23     /gpfs/hpu/EHT2/IHARM/MAD/MAD_a-0.94_384x192x192_IHARM/m_1_1_10/image_a-0.94_0085_17_0_230.e9_6.2e9_1.55976e+25_10.dat
        86       0.556203        3.56915       -24.5246        5.85083        7.70383        6.81505       -1234.05     /gpfs/hpu/EHT2/IHARM/MAD/MAD_a-0.94_384x192x192_IHARM/m_1_1_10/image_a-0.94_0086_17_0_230.e9_6.2e9_1.55976e+25_10.dat
        87       0.601274        3.48285        3.88229         6.0928        17.0885        12.1621       -1941.24     /gpfs/hpu/EHT2/IHARM/MAD/MAD_a-0.94_384x192x192_IHARM/m_1_1_10/image_a-0.94_0087_17_0_230.e9_6.2e9_1.55976e+25_10.dat
        88        1.23175        4.09043        15.4413        4.59324        48.3919         29.008       -4728.05     /gpfs/hpu/EHT2/IHARM/MAD/MAD_a-0.94_384x192x192_IHARM/m_1_1_10/image_a-0.94_0088_17_0_230.e9_6.2e9_1.55976e+25_10.dat
        89       0.885334        3.96065       -32.9789        8.08529        22.2841          15.92       -2467.53     /gpfs/hpu/EHT2/IHARM/MAD/MAD_a-0.94_384x192x192_IHARM/m_1_1_10/image_a-0.94_0089_17_0_230.e9_6.2e9_1.55976e+25_10.dat
        90       0.836699        3.69965        18.7596        5.35205        4.72779        4.93827        -1054.1     /gpfs/hpu/EHT2/IHARM/MAD/MAD_a-0.94_384x192x192_IHARM/m_1_1_10/image_a-0.94_0090_17_0_230.e9_6.2e9_1.55976e+25_10.dat
        91       0.805469        3.79145       -29.2231        16.5768        15.9613        16.0316       -2366.54     /gpfs/hpu/EHT2/IHARM/MAD/MAD_a-0.94_384x192x192_IHARM/m_1_1_10/image_a-0.94_0091_17_0_230.e9_6.2e9_1.55976e+25_10.dat
        92        1.14045        3.92253       -322.665        25.2569        54.4395        41.2546       -5777.83     /gpfs/hpu/EHT2/IHARM/MAD/MAD_a-0.94_384x192x192_IHARM/m_1_1_10/image_a-0.94_0092_17_0_230.e9_6.2e9_1.55976e+25_10.dat
        93        1.21469        4.28723       -256.842        15.0519        195.356        115.606       -15018.8     /gpfs/hpu/EHT2/IHARM/MAD/MAD_a-0.94_384x192x192_IHARM/m_1_1_10/image_a-0.94_0093_17_0_230.e9_6.2e9_1.55976e+25_10.dat
        94        1.28006        4.55651       -180.213        16.1435        80.8534        52.1012       -7828.85     /gpfs/hpu/EHT2/IHARM/MAD/MAD_a-0.94_384x192x192_IHARM/m_1_1_10/image_a-0.94_0094_17_0_230.e9_6.2e9_1.55976e+25_10.dat
        95        1.15217        3.88196       -91.7876        7.23142        7.71819        7.41555       -1386.72     /gpfs/hpu/EHT2/IHARM/MAD/MAD_a-0.94_384x192x192_IHARM/m_1_1_10/image_a-0.94_0095_17_0_230.e9_6.2e9_1.55976e+25_10.dat
        96       0.703946        3.72502       -143.245        5.52486        29.4084        18.8016       -2842.26     /gpfs/hpu/EHT2/IHARM/MAD/MAD_a-0.94_384x192x192_IHARM/m_1_1_10/image_a-0.94_0096_17_0_230.e9_6.2e9_1.55976e+25_10.dat
        97       0.725054         3.4572        -121.25        12.0108        20.7148        16.7278       -2563.42     /gpfs/hpu/EHT2/IHARM/MAD/MAD_a-0.94_384x192x192_IHARM/m_1_1_10/image_a-0.94_0097_17_0_230.e9_6.2e9_1.55976e+25_10.dat
        98       0.652357        3.91924       -140.766        20.9017        14.2198        16.9147        -2514.5     /gpfs/hpu/EHT2/IHARM/MAD/MAD_a-0.94_384x192x192_IHARM/m_1_1_10/image_a-0.94_0098_17_0_230.e9_6.2e9_1.55976e+25_10.dat
        99       0.774086        3.38552       -35.1481        5.16879        20.2623        13.5388       -2224.28     /gpfs/hpu/EHT2/IHARM/MAD/MAD_a-0.94_384x192x192_IHARM/m_1_1_10/image_a-0.94_0099_17_0_230.e9_6.2e9_1.55976e+25_10.dat
