   # Index         I (Jy)      M/D (uas)       PA (deg)  VA red. chisq  CP red. chisq     red. chisq     log-liklhd     FileName
         0       0.422057        3.30346       -185.826        20.1134        11.7204        14.7375       -1276.92     /gpfs/hpu/EHT2/IHARM/SANE/SANE_a+0.5_288x128x128_IHARM/m_1_1_10/image_a+0.5_0600_163_0_230.e9_6.2e9_4.81158e+27_10.dat
         1       0.533501        3.35998       -242.242        25.8994        19.0472        21.2966       -1723.91     /gpfs/hpu/EHT2/IHARM/SANE/SANE_a+0.5_288x128x128_IHARM/m_1_1_10/image_a+0.5_0605_163_0_230.e9_6.2e9_4.81158e+27_10.dat
         2       0.659105        3.39405        -243.34        52.6889        38.6239        43.2518       -3355.08     /gpfs/hpu/EHT2/IHARM/SANE/SANE_a+0.5_288x128x128_IHARM/m_1_1_10/image_a+0.5_0610_163_0_230.e9_6.2e9_4.81158e+27_10.dat
         3       0.536738        3.29784       -246.805        16.8239        20.1762        18.4104       -1535.97     /gpfs/hpu/EHT2/IHARM/SANE/SANE_a+0.5_288x128x128_IHARM/m_1_1_10/image_a+0.5_0615_163_0_230.e9_6.2e9_4.81158e+27_10.dat
         4       0.500235        3.30165       -143.385        55.4792        29.0688         38.739       -2903.15     /gpfs/hpu/EHT2/IHARM/SANE/SANE_a+0.5_288x128x128_IHARM/m_1_1_10/image_a+0.5_0620_163_0_230.e9_6.2e9_4.81158e+27_10.dat
         5       0.793676        3.35352       -176.036        82.0452        45.0609        58.5045       -4234.48     /gpfs/hpu/EHT2/IHARM/SANE/SANE_a+0.5_288x128x128_IHARM/m_1_1_10/image_a+0.5_0625_163_0_230.e9_6.2e9_4.81158e+27_10.dat
         6       0.648733        2.56294       -257.938        38.4253        42.7203        40.0774       -3029.48     /gpfs/hpu/EHT2/IHARM/SANE/SANE_a+0.5_288x128x128_IHARM/m_1_1_10/image_a+0.5_0630_163_0_230.e9_6.2e9_4.81158e+27_10.dat
         7       0.490981        2.59263       -184.008        60.7454        28.4046        40.4084       -3002.05     /gpfs/hpu/EHT2/IHARM/SANE/SANE_a+0.5_288x128x128_IHARM/m_1_1_10/image_a+0.5_0635_163_0_230.e9_6.2e9_4.81158e+27_10.dat
         8       0.538187        2.71455       -157.065        40.2906        18.1478        26.3958       -2069.47     /gpfs/hpu/EHT2/IHARM/SANE/SANE_a+0.5_288x128x128_IHARM/m_1_1_10/image_a+0.5_0640_163_0_230.e9_6.2e9_4.81158e+27_10.dat
         9       0.425696        2.81555       -169.066        34.8008        14.1977        21.9328       -1765.49     /gpfs/hpu/EHT2/IHARM/SANE/SANE_a+0.5_288x128x128_IHARM/m_1_1_10/image_a+0.5_0645_163_0_230.e9_6.2e9_4.81158e+27_10.dat
        10       0.609398        3.18893       -164.555        65.6722        17.3169        35.8321       -2737.93     /gpfs/hpu/EHT2/IHARM/SANE/SANE_a+0.5_288x128x128_IHARM/m_1_1_10/image_a+0.5_0650_163_0_230.e9_6.2e9_4.81158e+27_10.dat
        11       0.703497        3.02743       -162.862         41.907        17.1095        26.4188       -2152.27     /gpfs/hpu/EHT2/IHARM/SANE/SANE_a+0.5_288x128x128_IHARM/m_1_1_10/image_a+0.5_0655_163_0_230.e9_6.2e9_4.81158e+27_10.dat
        12       0.571054        3.20424       -185.566        65.7182        20.3754        37.6438       -2834.94     /gpfs/hpu/EHT2/IHARM/SANE/SANE_a+0.5_288x128x128_IHARM/m_1_1_10/image_a+0.5_0660_163_0_230.e9_6.2e9_4.81158e+27_10.dat
        13       0.938754        3.53201        -187.88        43.3108        22.4554        30.1029       -2458.35     /gpfs/hpu/EHT2/IHARM/SANE/SANE_a+0.5_288x128x128_IHARM/m_1_1_10/image_a+0.5_0665_163_0_230.e9_6.2e9_4.81158e+27_10.dat
        14       0.759398         2.8214       -183.497        26.7978        23.7767        24.4216        -2153.4     /gpfs/hpu/EHT2/IHARM/SANE/SANE_a+0.5_288x128x128_IHARM/m_1_1_10/image_a+0.5_0670_163_0_230.e9_6.2e9_4.81158e+27_10.dat
        15       0.912823        3.88852       -184.643        73.4644        46.0536        55.7318       -4066.27     /gpfs/hpu/EHT2/IHARM/SANE/SANE_a+0.5_288x128x128_IHARM/m_1_1_10/image_a+0.5_0675_163_0_230.e9_6.2e9_4.81158e+27_10.dat
        16       0.665843        3.36589       -304.091        29.5661        41.8121        36.0811       -2717.88     /gpfs/hpu/EHT2/IHARM/SANE/SANE_a+0.5_288x128x128_IHARM/m_1_1_10/image_a+0.5_0680_163_0_230.e9_6.2e9_4.81158e+27_10.dat
        17        0.42571        3.16227       -267.676        25.5697        16.0212        19.3931        -1572.9     /gpfs/hpu/EHT2/IHARM/SANE/SANE_a+0.5_288x128x128_IHARM/m_1_1_10/image_a+0.5_0685_163_0_230.e9_6.2e9_4.81158e+27_10.dat
        18       0.500957        3.30625       -172.867        28.6244        11.8717        18.1538       -1508.37     /gpfs/hpu/EHT2/IHARM/SANE/SANE_a+0.5_288x128x128_IHARM/m_1_1_10/image_a+0.5_0690_163_0_230.e9_6.2e9_4.81158e+27_10.dat
        19       0.500335        3.21797       -276.461        30.0527        30.7167        29.7642       -2294.57     /gpfs/hpu/EHT2/IHARM/SANE/SANE_a+0.5_288x128x128_IHARM/m_1_1_10/image_a+0.5_0695_163_0_230.e9_6.2e9_4.81158e+27_10.dat
        20       0.376434        3.22858        -214.86         31.708        23.4698        26.1614       -2032.14     /gpfs/hpu/EHT2/IHARM/SANE/SANE_a+0.5_288x128x128_IHARM/m_1_1_10/image_a+0.5_0700_163_0_230.e9_6.2e9_4.81158e+27_10.dat
        21       0.562355        3.41815       -261.528        23.9171        17.5756        19.6585       -1594.85     /gpfs/hpu/EHT2/IHARM/SANE/SANE_a+0.5_288x128x128_IHARM/m_1_1_10/image_a+0.5_0705_163_0_230.e9_6.2e9_4.81158e+27_10.dat
        22       0.536803        3.08075        -275.37        18.6084        14.1228         15.558       -1323.55     /gpfs/hpu/EHT2/IHARM/SANE/SANE_a+0.5_288x128x128_IHARM/m_1_1_10/image_a+0.5_0710_163_0_230.e9_6.2e9_4.81158e+27_10.dat
        23       0.686815        3.26131       -267.504         20.539        20.9137        20.2955       -1679.76     /gpfs/hpu/EHT2/IHARM/SANE/SANE_a+0.5_288x128x128_IHARM/m_1_1_10/image_a+0.5_0715_163_0_230.e9_6.2e9_4.81158e+27_10.dat
        24       0.471287        3.51683       -294.543        8.59799        58.6752        37.7727        -2789.5     /gpfs/hpu/EHT2/IHARM/SANE/SANE_a+0.5_288x128x128_IHARM/m_1_1_10/image_a+0.5_0720_163_0_230.e9_6.2e9_4.81158e+27_10.dat
        25       0.650539        3.56317       -179.954         37.736        42.0315        39.4039       -2940.38     /gpfs/hpu/EHT2/IHARM/SANE/SANE_a+0.5_288x128x128_IHARM/m_1_1_10/image_a+0.5_0725_163_0_230.e9_6.2e9_4.81158e+27_10.dat
        26       0.851995        3.16889       -167.597        48.5623        20.0414        30.7404        -2473.3     /gpfs/hpu/EHT2/IHARM/SANE/SANE_a+0.5_288x128x128_IHARM/m_1_1_10/image_a+0.5_0730_163_0_230.e9_6.2e9_4.81158e+27_10.dat
        27       0.539042        3.72074       -334.194         64.252        84.8668        74.8926       -5300.08     /gpfs/hpu/EHT2/IHARM/SANE/SANE_a+0.5_288x128x128_IHARM/m_1_1_10/image_a+0.5_0735_163_0_230.e9_6.2e9_4.81158e+27_10.dat
        28       0.838363        3.44284       -327.589        6.94282        17.5466         13.005       -1243.62     /gpfs/hpu/EHT2/IHARM/SANE/SANE_a+0.5_288x128x128_IHARM/m_1_1_10/image_a+0.5_0740_163_0_230.e9_6.2e9_4.81158e+27_10.dat
        29         1.9464        5.69856       -317.292        85.4783        202.969        152.455       -10639.5     /gpfs/hpu/EHT2/IHARM/SANE/SANE_a+0.5_288x128x128_IHARM/m_1_1_10/image_a+0.5_0745_163_0_230.e9_6.2e9_4.81158e+27_10.dat
        30       0.578136        3.38953       -156.751        22.9167        20.3187        20.8762       -1749.14     /gpfs/hpu/EHT2/IHARM/SANE/SANE_a+0.5_288x128x128_IHARM/m_1_1_10/image_a+0.5_0750_163_0_230.e9_6.2e9_4.81158e+27_10.dat
        31       0.516006        3.28265       -231.502        45.4547        11.1436        24.3071        -1914.5     /gpfs/hpu/EHT2/IHARM/SANE/SANE_a+0.5_288x128x128_IHARM/m_1_1_10/image_a+0.5_0755_163_0_230.e9_6.2e9_4.81158e+27_10.dat
        32       0.350998        3.68011       -216.585        22.6844        47.6022        36.7862       -2755.79     /gpfs/hpu/EHT2/IHARM/SANE/SANE_a+0.5_288x128x128_IHARM/m_1_1_10/image_a+0.5_0760_163_0_230.e9_6.2e9_4.81158e+27_10.dat
        33       0.361606        3.78734        -176.26        9.94888        5.84123        7.31547       -752.736     /gpfs/hpu/EHT2/IHARM/SANE/SANE_a+0.5_288x128x128_IHARM/m_1_1_10/image_a+0.5_0765_163_0_230.e9_6.2e9_4.81158e+27_10.dat
        34        0.60545        4.37968       -200.343        11.4706        22.8562        17.8891       -1513.21     /gpfs/hpu/EHT2/IHARM/SANE/SANE_a+0.5_288x128x128_IHARM/m_1_1_10/image_a+0.5_0770_163_0_230.e9_6.2e9_4.81158e+27_10.dat
        35        0.37349        3.59137       -202.237        22.3349        12.5365        16.0847       -1358.58     /gpfs/hpu/EHT2/IHARM/SANE/SANE_a+0.5_288x128x128_IHARM/m_1_1_10/image_a+0.5_0775_163_0_230.e9_6.2e9_4.81158e+27_10.dat
        36        0.61263        3.27255       -111.744        25.6004        20.9735        22.3094       -1928.13     /gpfs/hpu/EHT2/IHARM/SANE/SANE_a+0.5_288x128x128_IHARM/m_1_1_10/image_a+0.5_0780_163_0_230.e9_6.2e9_4.81158e+27_10.dat
        37       0.355263        3.37303       -189.678        38.6092        17.6904        25.4701       -1981.76     /gpfs/hpu/EHT2/IHARM/SANE/SANE_a+0.5_288x128x128_IHARM/m_1_1_10/image_a+0.5_0785_163_0_230.e9_6.2e9_4.81158e+27_10.dat
        38       0.360283        3.63672        -196.49        12.2768        14.1593        13.1039       -1154.92     /gpfs/hpu/EHT2/IHARM/SANE/SANE_a+0.5_288x128x128_IHARM/m_1_1_10/image_a+0.5_0790_163_0_230.e9_6.2e9_4.81158e+27_10.dat
        39       0.559418        4.07093       -145.299        69.8717        22.3384         40.419       -3075.41     /gpfs/hpu/EHT2/IHARM/SANE/SANE_a+0.5_288x128x128_IHARM/m_1_1_10/image_a+0.5_0795_163_0_230.e9_6.2e9_4.81158e+27_10.dat
        40       0.450609        3.39606       -166.397        40.7283        18.3344        26.6764       -2124.24     /gpfs/hpu/EHT2/IHARM/SANE/SANE_a+0.5_288x128x128_IHARM/m_1_1_10/image_a+0.5_0800_163_0_230.e9_6.2e9_4.81158e+27_10.dat
        41       0.986348        4.59985       -142.528        77.1087         36.665        51.6505       -3906.99     /gpfs/hpu/EHT2/IHARM/SANE/SANE_a+0.5_288x128x128_IHARM/m_1_1_10/image_a+0.5_0805_163_0_230.e9_6.2e9_4.81158e+27_10.dat
        42       0.539659        3.91143       -161.898        73.6518        23.5409        42.6021       -3187.53     /gpfs/hpu/EHT2/IHARM/SANE/SANE_a+0.5_288x128x128_IHARM/m_1_1_10/image_a+0.5_0810_163_0_230.e9_6.2e9_4.81158e+27_10.dat
        43       0.389031        3.27661       -160.192        37.6054        42.6183        39.6971       -2971.21     /gpfs/hpu/EHT2/IHARM/SANE/SANE_a+0.5_288x128x128_IHARM/m_1_1_10/image_a+0.5_0815_163_0_230.e9_6.2e9_4.81158e+27_10.dat
        44       0.491166        3.92654       -169.206        94.3824        44.2028        62.8248       -4505.88     /gpfs/hpu/EHT2/IHARM/SANE/SANE_a+0.5_288x128x128_IHARM/m_1_1_10/image_a+0.5_0820_163_0_230.e9_6.2e9_4.81158e+27_10.dat
        45       0.416824        3.93087       -168.094        30.5951         19.125        23.1781       -1857.52     /gpfs/hpu/EHT2/IHARM/SANE/SANE_a+0.5_288x128x128_IHARM/m_1_1_10/image_a+0.5_0825_163_0_230.e9_6.2e9_4.81158e+27_10.dat
        46       0.483021        3.50742         -174.8        36.0066        24.8005        28.6224       -2250.91     /gpfs/hpu/EHT2/IHARM/SANE/SANE_a+0.5_288x128x128_IHARM/m_1_1_10/image_a+0.5_0830_163_0_230.e9_6.2e9_4.81158e+27_10.dat
        47       0.564562        3.71112       -177.241        84.4677        37.6974        55.1332       -4013.87     /gpfs/hpu/EHT2/IHARM/SANE/SANE_a+0.5_288x128x128_IHARM/m_1_1_10/image_a+0.5_0835_163_0_230.e9_6.2e9_4.81158e+27_10.dat
        48       0.404073        3.68972        -179.86        47.8461        23.0353        32.2162        -2428.5     /gpfs/hpu/EHT2/IHARM/SANE/SANE_a+0.5_288x128x128_IHARM/m_1_1_10/image_a+0.5_0840_163_0_230.e9_6.2e9_4.81158e+27_10.dat
        49         1.0798         4.4338       -187.728        17.2436        22.2505        19.7911       -1751.15     /gpfs/hpu/EHT2/IHARM/SANE/SANE_a+0.5_288x128x128_IHARM/m_1_1_10/image_a+0.5_0845_163_0_230.e9_6.2e9_4.81158e+27_10.dat
        50       0.523957        3.45503       -125.645         32.524        21.1815        25.1384       -2065.76     /gpfs/hpu/EHT2/IHARM/SANE/SANE_a+0.5_288x128x128_IHARM/m_1_1_10/image_a+0.5_0850_163_0_230.e9_6.2e9_4.81158e+27_10.dat
        51       0.590112        3.81964       -151.184        96.2741         42.577         62.611       -4564.19     /gpfs/hpu/EHT2/IHARM/SANE/SANE_a+0.5_288x128x128_IHARM/m_1_1_10/image_a+0.5_0855_163_0_230.e9_6.2e9_4.81158e+27_10.dat
        52       0.637064        3.70631       -170.649         43.043         32.191        35.7078       -2839.31     /gpfs/hpu/EHT2/IHARM/SANE/SANE_a+0.5_288x128x128_IHARM/m_1_1_10/image_a+0.5_0860_163_0_230.e9_6.2e9_4.81158e+27_10.dat
        53       0.605519        5.04982       -166.267        103.677        49.3568        69.4814       -5133.58     /gpfs/hpu/EHT2/IHARM/SANE/SANE_a+0.5_288x128x128_IHARM/m_1_1_10/image_a+0.5_0865_163_0_230.e9_6.2e9_4.81158e+27_10.dat
        54        0.55681        4.06809       -186.362        66.8325        34.2028        46.1888       -3434.96     /gpfs/hpu/EHT2/IHARM/SANE/SANE_a+0.5_288x128x128_IHARM/m_1_1_10/image_a+0.5_0870_163_0_230.e9_6.2e9_4.81158e+27_10.dat
        55       0.540372        3.15765       -197.656        37.0674        20.7112         26.639       -2326.58     /gpfs/hpu/EHT2/IHARM/SANE/SANE_a+0.5_288x128x128_IHARM/m_1_1_10/image_a+0.5_0875_163_0_230.e9_6.2e9_4.81158e+27_10.dat
        56       0.667832        4.47406       -159.044        89.7958        32.2581        54.0264       -3952.63     /gpfs/hpu/EHT2/IHARM/SANE/SANE_a+0.5_288x128x128_IHARM/m_1_1_10/image_a+0.5_0880_163_0_230.e9_6.2e9_4.81158e+27_10.dat
        57       0.799356         4.8809       -177.218         80.227         30.191        49.0729       -3971.43     /gpfs/hpu/EHT2/IHARM/SANE/SANE_a+0.5_288x128x128_IHARM/m_1_1_10/image_a+0.5_0885_163_0_230.e9_6.2e9_4.81158e+27_10.dat
        58       0.591653         4.1624       -176.998        52.3497        23.5312        34.2678       -2742.37     /gpfs/hpu/EHT2/IHARM/SANE/SANE_a+0.5_288x128x128_IHARM/m_1_1_10/image_a+0.5_0890_163_0_230.e9_6.2e9_4.81158e+27_10.dat
        59       0.707203        4.53411       -178.112        92.2167        45.0763        62.4904       -4602.99     /gpfs/hpu/EHT2/IHARM/SANE/SANE_a+0.5_288x128x128_IHARM/m_1_1_10/image_a+0.5_0895_163_0_230.e9_6.2e9_4.81158e+27_10.dat
        60       0.499595         3.9818        -191.89         72.138        38.1354        50.5695       -3706.92     /gpfs/hpu/EHT2/IHARM/SANE/SANE_a+0.5_288x128x128_IHARM/m_1_1_10/image_a+0.5_0900_163_0_230.e9_6.2e9_4.81158e+27_10.dat
        61       0.583867        3.51147       -198.387        24.8654        18.9665         20.845       -1735.69     /gpfs/hpu/EHT2/IHARM/SANE/SANE_a+0.5_288x128x128_IHARM/m_1_1_10/image_a+0.5_0905_163_0_230.e9_6.2e9_4.81158e+27_10.dat
        62       0.560349        3.88906       -158.549        44.3207        30.2558        35.0724        -2675.4     /gpfs/hpu/EHT2/IHARM/SANE/SANE_a+0.5_288x128x128_IHARM/m_1_1_10/image_a+0.5_0910_163_0_230.e9_6.2e9_4.81158e+27_10.dat
        63       0.473078        3.54077       -175.745        39.9886          16.34        25.2175       -2017.62     /gpfs/hpu/EHT2/IHARM/SANE/SANE_a+0.5_288x128x128_IHARM/m_1_1_10/image_a+0.5_0915_163_0_230.e9_6.2e9_4.81158e+27_10.dat
        64       0.593658        4.16292       -160.146        63.5385        28.4668        41.5369       -3184.86     /gpfs/hpu/EHT2/IHARM/SANE/SANE_a+0.5_288x128x128_IHARM/m_1_1_10/image_a+0.5_0920_163_0_230.e9_6.2e9_4.81158e+27_10.dat
        65       0.572063        3.55294        -164.81        29.4875        40.9876        35.5668       -2793.14     /gpfs/hpu/EHT2/IHARM/SANE/SANE_a+0.5_288x128x128_IHARM/m_1_1_10/image_a+0.5_0925_163_0_230.e9_6.2e9_4.81158e+27_10.dat
        66       0.510221        3.38812       -182.523        74.8414        19.9783        40.9779       -3051.31     /gpfs/hpu/EHT2/IHARM/SANE/SANE_a+0.5_288x128x128_IHARM/m_1_1_10/image_a+0.5_0930_163_0_230.e9_6.2e9_4.81158e+27_10.dat
        67       0.389698        3.64312       -250.334        29.3777        18.9444        22.5962       -1801.75     /gpfs/hpu/EHT2/IHARM/SANE/SANE_a+0.5_288x128x128_IHARM/m_1_1_10/image_a+0.5_0935_163_0_230.e9_6.2e9_4.81158e+27_10.dat
        68       0.356317        3.45901       -228.682        6.62405        6.44806        6.37142       -725.687     /gpfs/hpu/EHT2/IHARM/SANE/SANE_a+0.5_288x128x128_IHARM/m_1_1_10/image_a+0.5_0940_163_0_230.e9_6.2e9_4.81158e+27_10.dat
        69       0.671634        4.25345       -184.026           19.1        53.6674        38.9418       -3631.58     /gpfs/hpu/EHT2/IHARM/SANE/SANE_a+0.5_288x128x128_IHARM/m_1_1_10/image_a+0.5_0945_163_0_230.e9_6.2e9_4.81158e+27_10.dat
        70       0.399796        3.61378       -273.153        8.68927        26.4855        18.9302       -1550.19     /gpfs/hpu/EHT2/IHARM/SANE/SANE_a+0.5_288x128x128_IHARM/m_1_1_10/image_a+0.5_0950_163_0_230.e9_6.2e9_4.81158e+27_10.dat
        71       0.560191        3.20955       -266.695        55.6966        58.9295        56.3363       -4083.38     /gpfs/hpu/EHT2/IHARM/SANE/SANE_a+0.5_288x128x128_IHARM/m_1_1_10/image_a+0.5_0955_163_0_230.e9_6.2e9_4.81158e+27_10.dat
        72       0.370701        3.16286       -202.261        21.9702        17.1363        18.6397       -1534.85     /gpfs/hpu/EHT2/IHARM/SANE/SANE_a+0.5_288x128x128_IHARM/m_1_1_10/image_a+0.5_0960_163_0_230.e9_6.2e9_4.81158e+27_10.dat
        73        0.63405        3.32036       -156.384        51.4948        19.7199        31.6984       -2505.58     /gpfs/hpu/EHT2/IHARM/SANE/SANE_a+0.5_288x128x128_IHARM/m_1_1_10/image_a+0.5_0965_163_0_230.e9_6.2e9_4.81158e+27_10.dat
        74       0.516623        3.53364       -268.388         17.349        24.8098        21.3331       -1760.67     /gpfs/hpu/EHT2/IHARM/SANE/SANE_a+0.5_288x128x128_IHARM/m_1_1_10/image_a+0.5_0970_163_0_230.e9_6.2e9_4.81158e+27_10.dat
        75       0.372344        3.14347       -246.215        21.0033        15.2973        17.1831       -1435.31     /gpfs/hpu/EHT2/IHARM/SANE/SANE_a+0.5_288x128x128_IHARM/m_1_1_10/image_a+0.5_0975_163_0_230.e9_6.2e9_4.81158e+27_10.dat
        76       0.504285        3.40834       -171.583        59.7302        22.3778         36.477       -2789.29     /gpfs/hpu/EHT2/IHARM/SANE/SANE_a+0.5_288x128x128_IHARM/m_1_1_10/image_a+0.5_0980_163_0_230.e9_6.2e9_4.81158e+27_10.dat
        77       0.590504        3.92076       -176.449        34.9258        20.0738        25.4278       -2036.06     /gpfs/hpu/EHT2/IHARM/SANE/SANE_a+0.5_288x128x128_IHARM/m_1_1_10/image_a+0.5_0985_163_0_230.e9_6.2e9_4.81158e+27_10.dat
        78       0.543009         3.4701       -146.401        35.5225        22.2669        26.9473       -2130.75     /gpfs/hpu/EHT2/IHARM/SANE/SANE_a+0.5_288x128x128_IHARM/m_1_1_10/image_a+0.5_0990_163_0_230.e9_6.2e9_4.81158e+27_10.dat
        79        1.02107        4.00885        -162.75        34.3797        31.2049        31.7423       -2604.38     /gpfs/hpu/EHT2/IHARM/SANE/SANE_a+0.5_288x128x128_IHARM/m_1_1_10/image_a+0.5_0995_163_0_230.e9_6.2e9_4.81158e+27_10.dat
        80        1.10325        3.97972       -185.696        41.2539        30.8324        34.2115       -2692.83     /gpfs/hpu/EHT2/IHARM/SANE/SANE_a+0.5_288x128x128_IHARM/m_1_1_10/image_a+0.5_1000_163_0_230.e9_6.2e9_4.81158e+27_10.dat
        81        1.01354        3.57784       -256.232        47.9527        21.4408        31.3228       -2477.52     /gpfs/hpu/EHT2/IHARM/SANE/SANE_a+0.5_288x128x128_IHARM/m_1_1_10/image_a+0.5_1005_163_0_230.e9_6.2e9_4.81158e+27_10.dat
        82       0.563308        3.86612       -167.677        43.5134        22.8293        30.4014        -2370.2     /gpfs/hpu/EHT2/IHARM/SANE/SANE_a+0.5_288x128x128_IHARM/m_1_1_10/image_a+0.5_1010_163_0_230.e9_6.2e9_4.81158e+27_10.dat
        83       0.452635        3.41621       -203.763        61.2611        16.7541        33.7774        -2539.3     /gpfs/hpu/EHT2/IHARM/SANE/SANE_a+0.5_288x128x128_IHARM/m_1_1_10/image_a+0.5_1015_163_0_230.e9_6.2e9_4.81158e+27_10.dat
        84       0.590934        3.34511       -146.869        76.4146        37.6909        51.9808       -4112.34     /gpfs/hpu/EHT2/IHARM/SANE/SANE_a+0.5_288x128x128_IHARM/m_1_1_10/image_a+0.5_1020_163_0_230.e9_6.2e9_4.81158e+27_10.dat
        85       0.591608        3.62503       -157.569        22.9031        15.4874        18.0374       -1577.86     /gpfs/hpu/EHT2/IHARM/SANE/SANE_a+0.5_288x128x128_IHARM/m_1_1_10/image_a+0.5_1025_163_0_230.e9_6.2e9_4.81158e+27_10.dat
        86       0.432956        3.46137       -160.974         58.294        28.6671        39.6039       -2971.05     /gpfs/hpu/EHT2/IHARM/SANE/SANE_a+0.5_288x128x128_IHARM/m_1_1_10/image_a+0.5_1030_163_0_230.e9_6.2e9_4.81158e+27_10.dat
        87       0.723442        3.83014       -170.366        55.8601        21.6192         34.519       -2701.81     /gpfs/hpu/EHT2/IHARM/SANE/SANE_a+0.5_288x128x128_IHARM/m_1_1_10/image_a+0.5_1035_163_0_230.e9_6.2e9_4.81158e+27_10.dat
        88       0.357957        3.44455       -189.856        22.9689        16.6412        18.7398       -1531.83     /gpfs/hpu/EHT2/IHARM/SANE/SANE_a+0.5_288x128x128_IHARM/m_1_1_10/image_a+0.5_1040_163_0_230.e9_6.2e9_4.81158e+27_10.dat
        89       0.521262        3.70899       -146.732        76.0364        33.0775        49.1273       -3608.62     /gpfs/hpu/EHT2/IHARM/SANE/SANE_a+0.5_288x128x128_IHARM/m_1_1_10/image_a+0.5_1045_163_0_230.e9_6.2e9_4.81158e+27_10.dat
        90       0.395266        3.37331       -213.999        64.5769        33.1756        44.7045       -3264.42     /gpfs/hpu/EHT2/IHARM/SANE/SANE_a+0.5_288x128x128_IHARM/m_1_1_10/image_a+0.5_1050_163_0_230.e9_6.2e9_4.81158e+27_10.dat
        91       0.681983        3.39097       -253.959        40.2823        29.0195        32.7684       -2539.26     /gpfs/hpu/EHT2/IHARM/SANE/SANE_a+0.5_288x128x128_IHARM/m_1_1_10/image_a+0.5_1055_163_0_230.e9_6.2e9_4.81158e+27_10.dat
        92       0.603529        4.08901       -143.922        45.0328        25.7186        32.6899       -2521.64     /gpfs/hpu/EHT2/IHARM/SANE/SANE_a+0.5_288x128x128_IHARM/m_1_1_10/image_a+0.5_1060_163_0_230.e9_6.2e9_4.81158e+27_10.dat
        93       0.582542        3.74486       -164.469        88.8691         31.426        53.1761       -3878.34     /gpfs/hpu/EHT2/IHARM/SANE/SANE_a+0.5_288x128x128_IHARM/m_1_1_10/image_a+0.5_1065_163_0_230.e9_6.2e9_4.81158e+27_10.dat
        94       0.405894        3.99722       -256.327        12.7004         45.572         31.692       -2437.26     /gpfs/hpu/EHT2/IHARM/SANE/SANE_a+0.5_288x128x128_IHARM/m_1_1_10/image_a+0.5_1070_163_0_230.e9_6.2e9_4.81158e+27_10.dat
        95        0.55093        3.60955       -262.918        36.6154        62.6905        51.0817       -3792.44     /gpfs/hpu/EHT2/IHARM/SANE/SANE_a+0.5_288x128x128_IHARM/m_1_1_10/image_a+0.5_1075_163_0_230.e9_6.2e9_4.81158e+27_10.dat
        96       0.451589        3.49783       -156.486        58.4917        22.7671        36.2211       -2748.29     /gpfs/hpu/EHT2/IHARM/SANE/SANE_a+0.5_288x128x128_IHARM/m_1_1_10/image_a+0.5_1080_163_0_230.e9_6.2e9_4.81158e+27_10.dat
        97       0.623998        3.93023       -170.377        67.0949        21.4035         38.785        -3051.9     /gpfs/hpu/EHT2/IHARM/SANE/SANE_a+0.5_288x128x128_IHARM/m_1_1_10/image_a+0.5_1085_163_0_230.e9_6.2e9_4.81158e+27_10.dat
        98       0.479405        3.86603       -166.307        43.8929        23.5803        30.9902       -2384.31     /gpfs/hpu/EHT2/IHARM/SANE/SANE_a+0.5_288x128x128_IHARM/m_1_1_10/image_a+0.5_1090_163_0_230.e9_6.2e9_4.81158e+27_10.dat
        99       0.745618        3.79025       -159.232        44.9301        22.4465        30.7308       -2511.46     /gpfs/hpu/EHT2/IHARM/SANE/SANE_a+0.5_288x128x128_IHARM/m_1_1_10/image_a+0.5_1095_163_0_230.e9_6.2e9_4.81158e+27_10.dat
