   # Index         I (Jy)      M/D (uas)       PA (deg)  VA red. chisq  CP red. chisq     red. chisq     log-liklhd     FileName
         0        1.16723        4.71407        325.725        28.8441        20.4012        23.7766       -3462.93     /gpfs/hpu/EHT2/IHARM_inc-5/MAD_a-0.94_384x192x192_IHARM/m_1_1_80/image_a-0.94_0000_12_0_230.e9_6.2e9_3.18025e+25_80.dat
         1       0.697911        3.86392        332.406          36.69        25.7801         30.149       -4153.21     /gpfs/hpu/EHT2/IHARM_inc-5/MAD_a-0.94_384x192x192_IHARM/m_1_1_80/image_a-0.94_0001_12_0_230.e9_6.2e9_3.18025e+25_80.dat
         2       0.722464        3.39834        335.868        7.52544        6.53664        6.88159       -1337.77     /gpfs/hpu/EHT2/IHARM_inc-5/MAD_a-0.94_384x192x192_IHARM/m_1_1_80/image_a-0.94_0002_12_0_230.e9_6.2e9_3.18025e+25_80.dat
         3        0.79429        3.51206        346.101        30.5497        31.5937        30.7619       -4272.54     /gpfs/hpu/EHT2/IHARM_inc-5/MAD_a-0.94_384x192x192_IHARM/m_1_1_80/image_a-0.94_0003_12_0_230.e9_6.2e9_3.18025e+25_80.dat
         4         1.0296        3.72665        274.337        9.28212        11.4656        10.3893       -1879.72     /gpfs/hpu/EHT2/IHARM_inc-5/MAD_a-0.94_384x192x192_IHARM/m_1_1_80/image_a-0.94_0004_12_0_230.e9_6.2e9_3.18025e+25_80.dat
         5       0.733246         3.6462        304.094         10.624        16.2385        13.6318       -2278.22     /gpfs/hpu/EHT2/IHARM_inc-5/MAD_a-0.94_384x192x192_IHARM/m_1_1_80/image_a-0.94_0005_12_0_230.e9_6.2e9_3.18025e+25_80.dat
         6       0.828097        3.69375        284.296        4.53967        29.4199        18.3852       -2682.83     /gpfs/hpu/EHT2/IHARM_inc-5/MAD_a-0.94_384x192x192_IHARM/m_1_1_80/image_a-0.94_0006_12_0_230.e9_6.2e9_3.18025e+25_80.dat
         7       0.905624        3.33432        279.213        4.07158        56.2339        33.1654       -4881.26     /gpfs/hpu/EHT2/IHARM_inc-5/MAD_a-0.94_384x192x192_IHARM/m_1_1_80/image_a-0.94_0007_12_0_230.e9_6.2e9_3.18025e+25_80.dat
         8       0.817925        3.51236         210.69        6.16702        16.6203        11.9324       -1915.27     /gpfs/hpu/EHT2/IHARM_inc-5/MAD_a-0.94_384x192x192_IHARM/m_1_1_80/image_a-0.94_0008_12_0_230.e9_6.2e9_3.18025e+25_80.dat
         9        0.45847        3.65637        223.908        4.67761        9.13968        7.11377       -1248.22     /gpfs/hpu/EHT2/IHARM_inc-5/MAD_a-0.94_384x192x192_IHARM/m_1_1_80/image_a-0.94_0009_12_0_230.e9_6.2e9_3.18025e+25_80.dat
        10       0.778213        3.62708         192.41        13.1873        12.8856        12.8586       -2059.68     /gpfs/hpu/EHT2/IHARM_inc-5/MAD_a-0.94_384x192x192_IHARM/m_1_1_80/image_a-0.94_0010_12_0_230.e9_6.2e9_3.18025e+25_80.dat
        11        1.23267        4.56068         201.18        13.4817        72.6776         46.391        -6442.7     /gpfs/hpu/EHT2/IHARM_inc-5/MAD_a-0.94_384x192x192_IHARM/m_1_1_80/image_a-0.94_0011_12_0_230.e9_6.2e9_3.18025e+25_80.dat
        12       0.731601        3.55116        267.085         12.023        27.9633        20.7829       -3184.79     /gpfs/hpu/EHT2/IHARM_inc-5/MAD_a-0.94_384x192x192_IHARM/m_1_1_80/image_a-0.94_0012_12_0_230.e9_6.2e9_3.18025e+25_80.dat
        13       0.870953        4.26242         337.34        7.86965        19.9033        14.4973       -2360.81     /gpfs/hpu/EHT2/IHARM_inc-5/MAD_a-0.94_384x192x192_IHARM/m_1_1_80/image_a-0.94_0013_12_0_230.e9_6.2e9_3.18025e+25_80.dat
        14        0.80058        3.47356        243.291        6.35828        14.4294        10.7904       -1890.59     /gpfs/hpu/EHT2/IHARM_inc-5/MAD_a-0.94_384x192x192_IHARM/m_1_1_80/image_a-0.94_0014_12_0_230.e9_6.2e9_3.18025e+25_80.dat
        15       0.490307        3.68423        259.982        5.45699        7.93412        6.77469       -1225.55     /gpfs/hpu/EHT2/IHARM_inc-5/MAD_a-0.94_384x192x192_IHARM/m_1_1_80/image_a-0.94_0015_12_0_230.e9_6.2e9_3.18025e+25_80.dat
        16       0.563025        3.95848         265.24        4.14568        9.20428        6.92159       -1255.73     /gpfs/hpu/EHT2/IHARM_inc-5/MAD_a-0.94_384x192x192_IHARM/m_1_1_80/image_a-0.94_0016_12_0_230.e9_6.2e9_3.18025e+25_80.dat
        17       0.855888        4.22677        347.133        8.16657        5.84911         6.7726       -1247.66     /gpfs/hpu/EHT2/IHARM_inc-5/MAD_a-0.94_384x192x192_IHARM/m_1_1_80/image_a-0.94_0017_12_0_230.e9_6.2e9_3.18025e+25_80.dat
        18         0.6528        3.59977        308.155        17.7272        8.89822        12.5791       -1969.35     /gpfs/hpu/EHT2/IHARM_inc-5/MAD_a-0.94_384x192x192_IHARM/m_1_1_80/image_a-0.94_0018_12_0_230.e9_6.2e9_3.18025e+25_80.dat
        19       0.544391        4.20357        329.504        6.62889        9.35689        8.07252       -1386.01     /gpfs/hpu/EHT2/IHARM_inc-5/MAD_a-0.94_384x192x192_IHARM/m_1_1_80/image_a-0.94_0019_12_0_230.e9_6.2e9_3.18025e+25_80.dat
        20       0.515777        3.82378        327.736        4.88745        7.63531        6.36333       -1192.08     /gpfs/hpu/EHT2/IHARM_inc-5/MAD_a-0.94_384x192x192_IHARM/m_1_1_80/image_a-0.94_0020_12_0_230.e9_6.2e9_3.18025e+25_80.dat
        21       0.771203         3.4393       -231.419        5.15047        19.4277        13.0646       -2082.89     /gpfs/hpu/EHT2/IHARM_inc-5/MAD_a-0.94_384x192x192_IHARM/m_1_1_80/image_a-0.94_0021_12_0_230.e9_6.2e9_3.18025e+25_80.dat
        22       0.818565        4.18212       -86.2282        3.31798         8.7612        6.31883       -1215.18     /gpfs/hpu/EHT2/IHARM_inc-5/MAD_a-0.94_384x192x192_IHARM/m_1_1_80/image_a-0.94_0022_12_0_230.e9_6.2e9_3.18025e+25_80.dat
        23       0.694934        4.40846       -69.8549        6.05655        7.06201        6.54475       -1209.74     /gpfs/hpu/EHT2/IHARM_inc-5/MAD_a-0.94_384x192x192_IHARM/m_1_1_80/image_a-0.94_0023_12_0_230.e9_6.2e9_3.18025e+25_80.dat
        24       0.563812        3.84502       -46.0124        7.96256        26.7162        18.3436       -2733.58     /gpfs/hpu/EHT2/IHARM_inc-5/MAD_a-0.94_384x192x192_IHARM/m_1_1_80/image_a-0.94_0024_12_0_230.e9_6.2e9_3.18025e+25_80.dat
        25        0.64502        3.73118       -82.0422        3.71989        5.02419        4.40343       -1000.89     /gpfs/hpu/EHT2/IHARM_inc-5/MAD_a-0.94_384x192x192_IHARM/m_1_1_80/image_a-0.94_0025_12_0_230.e9_6.2e9_3.18025e+25_80.dat
        26       0.866711          3.551       -36.2174        9.92813        9.71784        9.69006       -1747.14     /gpfs/hpu/EHT2/IHARM_inc-5/MAD_a-0.94_384x192x192_IHARM/m_1_1_80/image_a-0.94_0026_12_0_230.e9_6.2e9_3.18025e+25_80.dat
        27       0.705392        3.31755       -48.3565        3.84846        4.36158         4.0884       -994.449     /gpfs/hpu/EHT2/IHARM_inc-5/MAD_a-0.94_384x192x192_IHARM/m_1_1_80/image_a-0.94_0027_12_0_230.e9_6.2e9_3.18025e+25_80.dat
        28       0.721904        3.70071        -35.849        9.82771        11.8476        10.8369        -1847.1     /gpfs/hpu/EHT2/IHARM_inc-5/MAD_a-0.94_384x192x192_IHARM/m_1_1_80/image_a-0.94_0028_12_0_230.e9_6.2e9_3.18025e+25_80.dat
        29       0.654085        3.74877       -46.2011        15.7218        28.8148         22.846       -3223.67     /gpfs/hpu/EHT2/IHARM_inc-5/MAD_a-0.94_384x192x192_IHARM/m_1_1_80/image_a-0.94_0029_12_0_230.e9_6.2e9_3.18025e+25_80.dat
        30       0.821745        3.87733       -36.3492        4.17831        9.19838         6.9323       -1330.14     /gpfs/hpu/EHT2/IHARM_inc-5/MAD_a-0.94_384x192x192_IHARM/m_1_1_80/image_a-0.94_0030_12_0_230.e9_6.2e9_3.18025e+25_80.dat
        31       0.535146        4.03043        -80.598        2.29651        4.40331        3.44569       -824.778     /gpfs/hpu/EHT2/IHARM_inc-5/MAD_a-0.94_384x192x192_IHARM/m_1_1_80/image_a-0.94_0031_12_0_230.e9_6.2e9_3.18025e+25_80.dat
        32       0.635452        3.88359       -63.0121        4.92499        7.43575        6.26794       -1168.79     /gpfs/hpu/EHT2/IHARM_inc-5/MAD_a-0.94_384x192x192_IHARM/m_1_1_80/image_a-0.94_0032_12_0_230.e9_6.2e9_3.18025e+25_80.dat
        33       0.623869        3.40152       -81.9509        3.56158        8.20077        6.11025       -1190.51     /gpfs/hpu/EHT2/IHARM_inc-5/MAD_a-0.94_384x192x192_IHARM/m_1_1_80/image_a-0.94_0033_12_0_230.e9_6.2e9_3.18025e+25_80.dat
        34       0.627253        3.46984       -45.5843        3.82525        14.1913        9.57033       -1600.56     /gpfs/hpu/EHT2/IHARM_inc-5/MAD_a-0.94_384x192x192_IHARM/m_1_1_80/image_a-0.94_0034_12_0_230.e9_6.2e9_3.18025e+25_80.dat
        35       0.614922        3.60295       -30.4822        6.11055        7.35634        6.73236       -1237.78     /gpfs/hpu/EHT2/IHARM_inc-5/MAD_a-0.94_384x192x192_IHARM/m_1_1_80/image_a-0.94_0035_12_0_230.e9_6.2e9_3.18025e+25_80.dat
        36       0.750015        3.35317        1.45214        15.4296        10.2396        12.3425       -2003.56     /gpfs/hpu/EHT2/IHARM_inc-5/MAD_a-0.94_384x192x192_IHARM/m_1_1_80/image_a-0.94_0036_12_0_230.e9_6.2e9_3.18025e+25_80.dat
        37        0.55305        3.52774       -86.7367        6.85084        20.6541        14.4796       -2307.38     /gpfs/hpu/EHT2/IHARM_inc-5/MAD_a-0.94_384x192x192_IHARM/m_1_1_80/image_a-0.94_0037_12_0_230.e9_6.2e9_3.18025e+25_80.dat
        38        0.80886        3.33663         44.157        18.5951        11.4906        14.3999       -2289.15     /gpfs/hpu/EHT2/IHARM_inc-5/MAD_a-0.94_384x192x192_IHARM/m_1_1_80/image_a-0.94_0038_12_0_230.e9_6.2e9_3.18025e+25_80.dat
        39       0.700709        4.29253       -20.8352        12.4851        37.9093        26.5381       -3670.04     /gpfs/hpu/EHT2/IHARM_inc-5/MAD_a-0.94_384x192x192_IHARM/m_1_1_80/image_a-0.94_0039_12_0_230.e9_6.2e9_3.18025e+25_80.dat
        40        1.41396        4.63216       -17.8582        20.9859        24.6698        22.7892       -3382.72     /gpfs/hpu/EHT2/IHARM_inc-5/MAD_a-0.94_384x192x192_IHARM/m_1_1_80/image_a-0.94_0040_12_0_230.e9_6.2e9_3.18025e+25_80.dat
        41       0.620604        3.96855       -46.2948        3.90887        11.1641        7.91491       -1399.55     /gpfs/hpu/EHT2/IHARM_inc-5/MAD_a-0.94_384x192x192_IHARM/m_1_1_80/image_a-0.94_0041_12_0_230.e9_6.2e9_3.18025e+25_80.dat
        42        1.19614        4.51476       -39.1514        17.2168        16.4904        16.6018       -2489.86     /gpfs/hpu/EHT2/IHARM_inc-5/MAD_a-0.94_384x192x192_IHARM/m_1_1_80/image_a-0.94_0042_12_0_230.e9_6.2e9_3.18025e+25_80.dat
        43       0.732064        3.80328       -30.2028         12.818        13.5537        13.0733       -2061.04     /gpfs/hpu/EHT2/IHARM_inc-5/MAD_a-0.94_384x192x192_IHARM/m_1_1_80/image_a-0.94_0043_12_0_230.e9_6.2e9_3.18025e+25_80.dat
        44       0.551156          3.513       -9.49873         20.552        52.0867         37.921       -5120.79     /gpfs/hpu/EHT2/IHARM_inc-5/MAD_a-0.94_384x192x192_IHARM/m_1_1_80/image_a-0.94_0044_12_0_230.e9_6.2e9_3.18025e+25_80.dat
        45       0.847268        3.35138         38.599        23.4255        23.1405        22.9818       -3560.58     /gpfs/hpu/EHT2/IHARM_inc-5/MAD_a-0.94_384x192x192_IHARM/m_1_1_80/image_a-0.94_0045_12_0_230.e9_6.2e9_3.18025e+25_80.dat
        46       0.935066        3.50969        54.9588        7.09526        42.2413        26.6453       -3802.01     /gpfs/hpu/EHT2/IHARM_inc-5/MAD_a-0.94_384x192x192_IHARM/m_1_1_80/image_a-0.94_0046_12_0_230.e9_6.2e9_3.18025e+25_80.dat
        47        1.09292        3.60772         83.195        9.98205        94.2653        56.9502       -7600.18     /gpfs/hpu/EHT2/IHARM_inc-5/MAD_a-0.94_384x192x192_IHARM/m_1_1_80/image_a-0.94_0047_12_0_230.e9_6.2e9_3.18025e+25_80.dat
        48       0.811376        3.88953        241.547        25.7173        29.0523        27.2682       -3797.72     /gpfs/hpu/EHT2/IHARM_inc-5/MAD_a-0.94_384x192x192_IHARM/m_1_1_80/image_a-0.94_0048_12_0_230.e9_6.2e9_3.18025e+25_80.dat
        49       0.639571        4.52701        275.794        24.7068        24.5183        24.3014       -3397.03     /gpfs/hpu/EHT2/IHARM_inc-5/MAD_a-0.94_384x192x192_IHARM/m_1_1_80/image_a-0.94_0049_12_0_230.e9_6.2e9_3.18025e+25_80.dat
        50        1.34574        4.24137        351.912        6.08446        19.5517        13.5348        -2243.9     /gpfs/hpu/EHT2/IHARM_inc-5/MAD_a-0.94_384x192x192_IHARM/m_1_1_80/image_a-0.94_0050_12_0_230.e9_6.2e9_3.18025e+25_80.dat
        51       0.552832        4.26422        359.991        2.51371        8.70222        5.94073       -1137.82     /gpfs/hpu/EHT2/IHARM_inc-5/MAD_a-0.94_384x192x192_IHARM/m_1_1_80/image_a-0.94_0051_12_0_230.e9_6.2e9_3.18025e+25_80.dat
        52       0.860167          3.811        288.446        6.00312        5.70393        5.76305       -1152.92     /gpfs/hpu/EHT2/IHARM_inc-5/MAD_a-0.94_384x192x192_IHARM/m_1_1_80/image_a-0.94_0052_12_0_230.e9_6.2e9_3.18025e+25_80.dat
        53       0.801544        3.99933        298.555        5.26901        16.6222        11.5481       -1926.42     /gpfs/hpu/EHT2/IHARM_inc-5/MAD_a-0.94_384x192x192_IHARM/m_1_1_80/image_a-0.94_0053_12_0_230.e9_6.2e9_3.18025e+25_80.dat
        54       0.444919        3.91122        334.074        5.30744        6.26024        5.77531       -1104.34     /gpfs/hpu/EHT2/IHARM_inc-5/MAD_a-0.94_384x192x192_IHARM/m_1_1_80/image_a-0.94_0054_12_0_230.e9_6.2e9_3.18025e+25_80.dat
        55       0.471368        4.00999        284.191        6.44355        8.96319        7.77302       -1342.53     /gpfs/hpu/EHT2/IHARM_inc-5/MAD_a-0.94_384x192x192_IHARM/m_1_1_80/image_a-0.94_0055_12_0_230.e9_6.2e9_3.18025e+25_80.dat
        56       0.785371        4.14119         301.81        7.86709        28.6907        19.4058       -2933.37     /gpfs/hpu/EHT2/IHARM_inc-5/MAD_a-0.94_384x192x192_IHARM/m_1_1_80/image_a-0.94_0056_12_0_230.e9_6.2e9_3.18025e+25_80.dat
        57       0.630167        3.76419        301.951        5.24089        7.61271        6.50238       -1248.81     /gpfs/hpu/EHT2/IHARM_inc-5/MAD_a-0.94_384x192x192_IHARM/m_1_1_80/image_a-0.94_0057_12_0_230.e9_6.2e9_3.18025e+25_80.dat
        58       0.619057        3.56007        277.703        3.77615        8.37695        6.30078        -1205.1     /gpfs/hpu/EHT2/IHARM_inc-5/MAD_a-0.94_384x192x192_IHARM/m_1_1_80/image_a-0.94_0058_12_0_230.e9_6.2e9_3.18025e+25_80.dat
        59       0.977228        3.79195        312.942        10.7807        24.5255         18.329       -2808.19     /gpfs/hpu/EHT2/IHARM_inc-5/MAD_a-0.94_384x192x192_IHARM/m_1_1_80/image_a-0.94_0059_12_0_230.e9_6.2e9_3.18025e+25_80.dat
        60       0.743307        3.75677        311.198        3.57599        17.9641        11.5712       -1932.16     /gpfs/hpu/EHT2/IHARM_inc-5/MAD_a-0.94_384x192x192_IHARM/m_1_1_80/image_a-0.94_0060_12_0_230.e9_6.2e9_3.18025e+25_80.dat
        61       0.592785        3.35887        329.099        9.95722        20.6976         15.837       -2427.05     /gpfs/hpu/EHT2/IHARM_inc-5/MAD_a-0.94_384x192x192_IHARM/m_1_1_80/image_a-0.94_0061_12_0_230.e9_6.2e9_3.18025e+25_80.dat
        62        1.34343        4.94462        298.278        9.88632        17.4285        13.9801       -2206.52     /gpfs/hpu/EHT2/IHARM_inc-5/MAD_a-0.94_384x192x192_IHARM/m_1_1_80/image_a-0.94_0062_12_0_230.e9_6.2e9_3.18025e+25_80.dat
        63       0.530435        4.11505        290.652        3.60031        10.2424        7.26757       -1270.08     /gpfs/hpu/EHT2/IHARM_inc-5/MAD_a-0.94_384x192x192_IHARM/m_1_1_80/image_a-0.94_0063_12_0_230.e9_6.2e9_3.18025e+25_80.dat
        64       0.463351        4.07499        279.514         5.5925        9.98356        7.97788       -1368.11     /gpfs/hpu/EHT2/IHARM_inc-5/MAD_a-0.94_384x192x192_IHARM/m_1_1_80/image_a-0.94_0064_12_0_230.e9_6.2e9_3.18025e+25_80.dat
        65       0.602432        3.45875        213.864        18.3741        16.9198        17.3384       -2525.49     /gpfs/hpu/EHT2/IHARM_inc-5/MAD_a-0.94_384x192x192_IHARM/m_1_1_80/image_a-0.94_0065_12_0_230.e9_6.2e9_3.18025e+25_80.dat
        66       0.993999        3.42647        335.807        11.9047         34.229        24.2328       -3642.46     /gpfs/hpu/EHT2/IHARM_inc-5/MAD_a-0.94_384x192x192_IHARM/m_1_1_80/image_a-0.94_0066_12_0_230.e9_6.2e9_3.18025e+25_80.dat
        67        1.57204        3.59705        277.607        14.0627        33.7687        24.9017       -3736.32     /gpfs/hpu/EHT2/IHARM_inc-5/MAD_a-0.94_384x192x192_IHARM/m_1_1_80/image_a-0.94_0067_12_0_230.e9_6.2e9_3.18025e+25_80.dat
        68        0.49576        3.91639         305.02        7.76453        14.8831        11.6474        -1811.7     /gpfs/hpu/EHT2/IHARM_inc-5/MAD_a-0.94_384x192x192_IHARM/m_1_1_80/image_a-0.94_0068_12_0_230.e9_6.2e9_3.18025e+25_80.dat
        69       0.948096          3.597        358.854        10.0766         18.615        14.7246       -2344.14     /gpfs/hpu/EHT2/IHARM_inc-5/MAD_a-0.94_384x192x192_IHARM/m_1_1_80/image_a-0.94_0069_12_0_230.e9_6.2e9_3.18025e+25_80.dat
        70       0.661517        4.10232        359.975        13.7239        16.0415        14.8521       -2282.23     /gpfs/hpu/EHT2/IHARM_inc-5/MAD_a-0.94_384x192x192_IHARM/m_1_1_80/image_a-0.94_0070_12_0_230.e9_6.2e9_3.18025e+25_80.dat
        71       0.685452        3.54529        359.983        11.6289        32.2477        23.0075       -3431.07     /gpfs/hpu/EHT2/IHARM_inc-5/MAD_a-0.94_384x192x192_IHARM/m_1_1_80/image_a-0.94_0071_12_0_230.e9_6.2e9_3.18025e+25_80.dat
        72        2.15782        5.14724        352.042        76.0641        159.502        121.757       -15874.7     /gpfs/hpu/EHT2/IHARM_inc-5/MAD_a-0.94_384x192x192_IHARM/m_1_1_80/image_a-0.94_0072_12_0_230.e9_6.2e9_3.18025e+25_80.dat
        73        0.49219        3.70048        266.669         9.5928        8.08321        8.63287       -1445.66     /gpfs/hpu/EHT2/IHARM_inc-5/MAD_a-0.94_384x192x192_IHARM/m_1_1_80/image_a-0.94_0073_12_0_230.e9_6.2e9_3.18025e+25_80.dat
        74       0.409688        3.67617        167.943         11.588        14.4991        13.0737       -2028.11     /gpfs/hpu/EHT2/IHARM_inc-5/MAD_a-0.94_384x192x192_IHARM/m_1_1_80/image_a-0.94_0074_12_0_230.e9_6.2e9_3.18025e+25_80.dat
        75       0.800263        3.95864        173.036        4.27631        20.6105        13.3504        -2161.7     /gpfs/hpu/EHT2/IHARM_inc-5/MAD_a-0.94_384x192x192_IHARM/m_1_1_80/image_a-0.94_0075_12_0_230.e9_6.2e9_3.18025e+25_80.dat
        76       0.690266        3.98215        243.392        7.62242         7.6629        7.55246       -1335.82     /gpfs/hpu/EHT2/IHARM_inc-5/MAD_a-0.94_384x192x192_IHARM/m_1_1_80/image_a-0.94_0076_12_0_230.e9_6.2e9_3.18025e+25_80.dat
        77        0.61305        4.10234        269.466        1.57837        5.65254        3.83545       -885.661     /gpfs/hpu/EHT2/IHARM_inc-5/MAD_a-0.94_384x192x192_IHARM/m_1_1_80/image_a-0.94_0077_12_0_230.e9_6.2e9_3.18025e+25_80.dat
        78       0.782669        4.41491        347.594        20.9813        12.2503        15.8484       -2455.51     /gpfs/hpu/EHT2/IHARM_inc-5/MAD_a-0.94_384x192x192_IHARM/m_1_1_80/image_a-0.94_0078_12_0_230.e9_6.2e9_3.18025e+25_80.dat
        79       0.600928        3.83945         289.29        9.60196        23.2214        17.0946       -2538.44     /gpfs/hpu/EHT2/IHARM_inc-5/MAD_a-0.94_384x192x192_IHARM/m_1_1_80/image_a-0.94_0079_12_0_230.e9_6.2e9_3.18025e+25_80.dat
        80       0.655049        4.04903        315.284        2.75129        8.22883         5.7782       -1153.74     /gpfs/hpu/EHT2/IHARM_inc-5/MAD_a-0.94_384x192x192_IHARM/m_1_1_80/image_a-0.94_0080_12_0_230.e9_6.2e9_3.18025e+25_80.dat
        81       0.466552        3.74453        332.382        13.1252        23.6651        18.8545       -2714.17     /gpfs/hpu/EHT2/IHARM_inc-5/MAD_a-0.94_384x192x192_IHARM/m_1_1_80/image_a-0.94_0081_12_0_230.e9_6.2e9_3.18025e+25_80.dat
        82       0.587376        3.69988        320.169        11.7231        30.0025        21.7935       -3080.31     /gpfs/hpu/EHT2/IHARM_inc-5/MAD_a-0.94_384x192x192_IHARM/m_1_1_80/image_a-0.94_0082_12_0_230.e9_6.2e9_3.18025e+25_80.dat
        83        0.73055        3.54364         333.08        16.2984        18.4257         17.289       -2607.15     /gpfs/hpu/EHT2/IHARM_inc-5/MAD_a-0.94_384x192x192_IHARM/m_1_1_80/image_a-0.94_0083_12_0_230.e9_6.2e9_3.18025e+25_80.dat
        84       0.513765        3.00663         271.52        11.1455        24.4616        18.4499       -2663.34     /gpfs/hpu/EHT2/IHARM_inc-5/MAD_a-0.94_384x192x192_IHARM/m_1_1_80/image_a-0.94_0084_12_0_230.e9_6.2e9_3.18025e+25_80.dat
        85        1.03252        3.57035        262.516         27.769        35.3839        31.6862       -4577.24     /gpfs/hpu/EHT2/IHARM_inc-5/MAD_a-0.94_384x192x192_IHARM/m_1_1_80/image_a-0.94_0085_12_0_230.e9_6.2e9_3.18025e+25_80.dat
        86       0.554563        3.54526        331.579        4.07861         5.1735         4.6408       -973.583     /gpfs/hpu/EHT2/IHARM_inc-5/MAD_a-0.94_384x192x192_IHARM/m_1_1_80/image_a-0.94_0086_12_0_230.e9_6.2e9_3.18025e+25_80.dat
        87       0.933458        3.76917        323.175        9.29983         17.736        13.9002       -2144.94     /gpfs/hpu/EHT2/IHARM_inc-5/MAD_a-0.94_384x192x192_IHARM/m_1_1_80/image_a-0.94_0087_12_0_230.e9_6.2e9_3.18025e+25_80.dat
        88         1.0999        4.16705        359.999        4.92163        55.2043         32.955       -4702.63     /gpfs/hpu/EHT2/IHARM_inc-5/MAD_a-0.94_384x192x192_IHARM/m_1_1_80/image_a-0.94_0088_12_0_230.e9_6.2e9_3.18025e+25_80.dat
        89       0.920289        3.28117        314.008        5.01071        6.85377        5.97958       -1297.89     /gpfs/hpu/EHT2/IHARM_inc-5/MAD_a-0.94_384x192x192_IHARM/m_1_1_80/image_a-0.94_0089_12_0_230.e9_6.2e9_3.18025e+25_80.dat
        90       0.923644        3.48354            360        10.2887        29.6516        20.9818       -3048.79     /gpfs/hpu/EHT2/IHARM_inc-5/MAD_a-0.94_384x192x192_IHARM/m_1_1_80/image_a-0.94_0090_12_0_230.e9_6.2e9_3.18025e+25_80.dat
        91       0.656282        3.28594        313.266        15.1811        16.8166        15.9104       -2383.16     /gpfs/hpu/EHT2/IHARM_inc-5/MAD_a-0.94_384x192x192_IHARM/m_1_1_80/image_a-0.94_0091_12_0_230.e9_6.2e9_3.18025e+25_80.dat
        92       0.699357        4.69436          207.7        11.7348        120.478        72.3473       -10344.4     /gpfs/hpu/EHT2/IHARM_inc-5/MAD_a-0.94_384x192x192_IHARM/m_1_1_80/image_a-0.94_0092_12_0_230.e9_6.2e9_3.18025e+25_80.dat
        93       0.875052        3.86703        324.589        7.65618         11.884        9.92528       -1956.21     /gpfs/hpu/EHT2/IHARM_inc-5/MAD_a-0.94_384x192x192_IHARM/m_1_1_80/image_a-0.94_0093_12_0_230.e9_6.2e9_3.18025e+25_80.dat
        94       0.569745        3.48997        97.7709        9.52847        40.5989        26.7719       -4043.55     /gpfs/hpu/EHT2/IHARM_inc-5/MAD_a-0.94_384x192x192_IHARM/m_1_1_80/image_a-0.94_0094_12_0_230.e9_6.2e9_3.18025e+25_80.dat
        95       0.812053        3.69858        257.282        6.05666        22.5714          15.21       -2332.07     /gpfs/hpu/EHT2/IHARM_inc-5/MAD_a-0.94_384x192x192_IHARM/m_1_1_80/image_a-0.94_0095_12_0_230.e9_6.2e9_3.18025e+25_80.dat
        96       0.967852        3.96411        230.359        8.85253        39.8062         26.039       -3814.39     /gpfs/hpu/EHT2/IHARM_inc-5/MAD_a-0.94_384x192x192_IHARM/m_1_1_80/image_a-0.94_0096_12_0_230.e9_6.2e9_3.18025e+25_80.dat
        97       0.648306        3.66815        283.977        9.14154        25.8998        18.3934       -3311.71     /gpfs/hpu/EHT2/IHARM_inc-5/MAD_a-0.94_384x192x192_IHARM/m_1_1_80/image_a-0.94_0097_12_0_230.e9_6.2e9_3.18025e+25_80.dat
        98       0.759854        3.92856         209.78        17.1893        29.0522        23.6084       -3495.26     /gpfs/hpu/EHT2/IHARM_inc-5/MAD_a-0.94_384x192x192_IHARM/m_1_1_80/image_a-0.94_0098_12_0_230.e9_6.2e9_3.18025e+25_80.dat
        99       0.633864        4.07413        225.465        6.52769        38.3217        24.2118       -3388.09     /gpfs/hpu/EHT2/IHARM_inc-5/MAD_a-0.94_384x192x192_IHARM/m_1_1_80/image_a-0.94_0099_12_0_230.e9_6.2e9_3.18025e+25_80.dat
