   # Index         I (Jy)      M/D (uas)       PA (deg)  VA red. chisq  CP red. chisq     red. chisq     log-liklhd     FileName
         0       0.876662        2.15265       -164.939        39.3821         107.66        77.3316       -7497.55     /gpfs/hpu/EHT2/IHARM_inc+5/SANE_a-0.94_288x128x128_IHARM/m_1_1_1/image_a-0.94_1200_22_0_230.e9_6.2e9_1.55944e+28_1.dat
         1       0.973004        2.63386        87.9324        43.4725        35.3437        38.1692       -3848.71     /gpfs/hpu/EHT2/IHARM_inc+5/SANE_a-0.94_288x128x128_IHARM/m_1_1_1/image_a-0.94_1206_22_0_230.e9_6.2e9_1.55944e+28_1.dat
         2         1.3747        2.21049        82.7451        14.4287        13.9207        13.9064       -1736.42     /gpfs/hpu/EHT2/IHARM_inc+5/SANE_a-0.94_288x128x128_IHARM/m_1_1_1/image_a-0.94_1212_22_0_230.e9_6.2e9_1.55944e+28_1.dat
         3       0.911717        2.12759        177.182         38.464        51.5466        45.2314       -4924.41     /gpfs/hpu/EHT2/IHARM_inc+5/SANE_a-0.94_288x128x128_IHARM/m_1_1_1/image_a-0.94_1218_22_0_230.e9_6.2e9_1.55944e+28_1.dat
         4       0.682462        2.27572        184.103        64.6952        68.1967        65.6195       -6524.16     /gpfs/hpu/EHT2/IHARM_inc+5/SANE_a-0.94_288x128x128_IHARM/m_1_1_1/image_a-0.94_1224_22_0_230.e9_6.2e9_1.55944e+28_1.dat
         5        1.29376        2.73268        225.851        44.9959        70.6157         58.743       -5861.07     /gpfs/hpu/EHT2/IHARM_inc+5/SANE_a-0.94_288x128x128_IHARM/m_1_1_1/image_a-0.94_1230_22_0_230.e9_6.2e9_1.55944e+28_1.dat
         6       0.922529        2.25987        103.832        55.3004        22.2699        35.7294       -3615.76     /gpfs/hpu/EHT2/IHARM_inc+5/SANE_a-0.94_288x128x128_IHARM/m_1_1_1/image_a-0.94_1236_22_0_230.e9_6.2e9_1.55944e+28_1.dat
         7       0.860603         2.0408        99.9333        45.9375        24.9121        33.3046       -3414.66     /gpfs/hpu/EHT2/IHARM_inc+5/SANE_a-0.94_288x128x128_IHARM/m_1_1_1/image_a-0.94_1242_22_0_230.e9_6.2e9_1.55944e+28_1.dat
         8        1.46585        2.52343        125.694         26.825        27.4145        26.7208       -3072.25     /gpfs/hpu/EHT2/IHARM_inc+5/SANE_a-0.94_288x128x128_IHARM/m_1_1_1/image_a-0.94_1248_22_0_230.e9_6.2e9_1.55944e+28_1.dat
         9       0.949202        2.11074        95.0793         67.657        22.4828        41.0206       -4088.06     /gpfs/hpu/EHT2/IHARM_inc+5/SANE_a-0.94_288x128x128_IHARM/m_1_1_1/image_a-0.94_1254_22_0_230.e9_6.2e9_1.55944e+28_1.dat
        10       0.669096        1.96492        194.424        63.4519        69.6186        65.9029       -7303.18     /gpfs/hpu/EHT2/IHARM_inc+5/SANE_a-0.94_288x128x128_IHARM/m_1_1_1/image_a-0.94_1260_22_0_230.e9_6.2e9_1.55944e+28_1.dat
        11       0.989108         2.1392        104.703        51.4601          62.17        56.6745       -5645.12     /gpfs/hpu/EHT2/IHARM_inc+5/SANE_a-0.94_288x128x128_IHARM/m_1_1_1/image_a-0.94_1266_22_0_230.e9_6.2e9_1.55944e+28_1.dat
        12        1.35891        1.96784        208.694        49.1492        50.0956        48.8828       -5087.99     /gpfs/hpu/EHT2/IHARM_inc+5/SANE_a-0.94_288x128x128_IHARM/m_1_1_1/image_a-0.94_1272_22_0_230.e9_6.2e9_1.55944e+28_1.dat
        13        1.20183        2.33624        67.1816        32.8175        44.5144        38.8937        -4036.7     /gpfs/hpu/EHT2/IHARM_inc+5/SANE_a-0.94_288x128x128_IHARM/m_1_1_1/image_a-0.94_1278_22_0_230.e9_6.2e9_1.55944e+28_1.dat
        14        0.57187        1.57716        147.013        141.491        112.435        122.761       -11956.3     /gpfs/hpu/EHT2/IHARM_inc+5/SANE_a-0.94_288x128x128_IHARM/m_1_1_1/image_a-0.94_1284_22_0_230.e9_6.2e9_1.55944e+28_1.dat
        15        1.98397        3.17019        66.9108        42.3396        69.8341        57.1897       -5978.95     /gpfs/hpu/EHT2/IHARM_inc+5/SANE_a-0.94_288x128x128_IHARM/m_1_1_1/image_a-0.94_1290_22_0_230.e9_6.2e9_1.55944e+28_1.dat
        16        1.08929         1.9154        91.5468        56.8755        45.2101        49.3547       -5026.64     /gpfs/hpu/EHT2/IHARM_inc+5/SANE_a-0.94_288x128x128_IHARM/m_1_1_1/image_a-0.94_1296_22_0_230.e9_6.2e9_1.55944e+28_1.dat
        17        1.22192        2.10644        131.359        71.1435        55.3367        61.0493       -6056.61     /gpfs/hpu/EHT2/IHARM_inc+5/SANE_a-0.94_288x128x128_IHARM/m_1_1_1/image_a-0.94_1302_22_0_230.e9_6.2e9_1.55944e+28_1.dat
        18       0.780886        2.26483        95.3913        18.8559        42.4017        31.8569       -3305.32     /gpfs/hpu/EHT2/IHARM_inc+5/SANE_a-0.94_288x128x128_IHARM/m_1_1_1/image_a-0.94_1308_22_0_230.e9_6.2e9_1.55944e+28_1.dat
        19       0.946668        1.92455         85.032        8.74016        17.3261        13.4506       -1663.05     /gpfs/hpu/EHT2/IHARM_inc+5/SANE_a-0.94_288x128x128_IHARM/m_1_1_1/image_a-0.94_1314_22_0_230.e9_6.2e9_1.55944e+28_1.dat
        20        0.89584        1.66021        85.5482        26.9325        38.4879        33.0247       -3441.14     /gpfs/hpu/EHT2/IHARM_inc+5/SANE_a-0.94_288x128x128_IHARM/m_1_1_1/image_a-0.94_1320_22_0_230.e9_6.2e9_1.55944e+28_1.dat
        21       0.880209        1.81503       -164.762        56.0564        35.1009         43.298       -4301.24     /gpfs/hpu/EHT2/IHARM_inc+5/SANE_a-0.94_288x128x128_IHARM/m_1_1_1/image_a-0.94_1326_22_0_230.e9_6.2e9_1.55944e+28_1.dat
        22        1.25996        3.25984       -129.793        48.5704        31.6054        38.1896       -4284.94     /gpfs/hpu/EHT2/IHARM_inc+5/SANE_a-0.94_288x128x128_IHARM/m_1_1_1/image_a-0.94_1332_22_0_230.e9_6.2e9_1.55944e+28_1.dat
        23        1.13268        1.81665       -180.812        46.4705        48.4991        46.8594       -5094.34     /gpfs/hpu/EHT2/IHARM_inc+5/SANE_a-0.94_288x128x128_IHARM/m_1_1_1/image_a-0.94_1338_22_0_230.e9_6.2e9_1.55944e+28_1.dat
        24       0.952792        1.78095       -168.935        15.6787        57.6143        39.1258       -4228.69     /gpfs/hpu/EHT2/IHARM_inc+5/SANE_a-0.94_288x128x128_IHARM/m_1_1_1/image_a-0.94_1344_22_0_230.e9_6.2e9_1.55944e+28_1.dat
        25       0.800089        1.80453       -244.494        29.3662        114.109        76.7857       -7443.33     /gpfs/hpu/EHT2/IHARM_inc+5/SANE_a-0.94_288x128x128_IHARM/m_1_1_1/image_a-0.94_1350_22_0_230.e9_6.2e9_1.55944e+28_1.dat
        26        1.10241        3.28924       -275.632        30.5489        36.2047        33.2476       -3494.77     /gpfs/hpu/EHT2/IHARM_inc+5/SANE_a-0.94_288x128x128_IHARM/m_1_1_1/image_a-0.94_1356_22_0_230.e9_6.2e9_1.55944e+28_1.dat
        27        1.00484        3.13506       -259.407        24.6163        133.825        85.9417       -8493.38     /gpfs/hpu/EHT2/IHARM_inc+5/SANE_a-0.94_288x128x128_IHARM/m_1_1_1/image_a-0.94_1362_22_0_230.e9_6.2e9_1.55944e+28_1.dat
        28        1.25471        1.96931        -330.85        15.0526        24.8611        20.3511       -2986.58     /gpfs/hpu/EHT2/IHARM_inc+5/SANE_a-0.94_288x128x128_IHARM/m_1_1_1/image_a-0.94_1368_22_0_230.e9_6.2e9_1.55944e+28_1.dat
        29        0.98097        1.92208       -248.269        63.1486        32.1176        44.5798       -4446.21     /gpfs/hpu/EHT2/IHARM_inc+5/SANE_a-0.94_288x128x128_IHARM/m_1_1_1/image_a-0.94_1374_22_0_230.e9_6.2e9_1.55944e+28_1.dat
        30       0.901191        3.40377       -313.096        75.7144        156.395        120.082       -11959.3     /gpfs/hpu/EHT2/IHARM_inc+5/SANE_a-0.94_288x128x128_IHARM/m_1_1_1/image_a-0.94_1380_22_0_230.e9_6.2e9_1.55944e+28_1.dat
        31       0.779328        2.19504       -319.704        18.6246        15.1088        16.3338        -1831.4     /gpfs/hpu/EHT2/IHARM_inc+5/SANE_a-0.94_288x128x128_IHARM/m_1_1_1/image_a-0.94_1386_22_0_230.e9_6.2e9_1.55944e+28_1.dat
        32        1.37073        1.99836       -300.722        118.808        56.3192         81.551       -8045.85     /gpfs/hpu/EHT2/IHARM_inc+5/SANE_a-0.94_288x128x128_IHARM/m_1_1_1/image_a-0.94_1392_22_0_230.e9_6.2e9_1.55944e+28_1.dat
        33       0.953403        2.10958         -301.4        103.421        25.9951        57.9723       -5662.13     /gpfs/hpu/EHT2/IHARM_inc+5/SANE_a-0.94_288x128x128_IHARM/m_1_1_1/image_a-0.94_1398_22_0_230.e9_6.2e9_1.55944e+28_1.dat
        34       0.879254        2.03435       -297.064        85.0805        78.0434        79.7158       -7686.31     /gpfs/hpu/EHT2/IHARM_inc+5/SANE_a-0.94_288x128x128_IHARM/m_1_1_1/image_a-0.94_1404_22_0_230.e9_6.2e9_1.55944e+28_1.dat
        35       0.889999        2.37304        -271.16        80.0334        121.128        101.956       -9736.45     /gpfs/hpu/EHT2/IHARM_inc+5/SANE_a-0.94_288x128x128_IHARM/m_1_1_1/image_a-0.94_1410_22_0_230.e9_6.2e9_1.55944e+28_1.dat
        36       0.740204        2.83587       -238.921        66.0701        122.646        96.9708        -9369.1     /gpfs/hpu/EHT2/IHARM_inc+5/SANE_a-0.94_288x128x128_IHARM/m_1_1_1/image_a-0.94_1416_22_0_230.e9_6.2e9_1.55944e+28_1.dat
        37        1.28008        1.96556       -163.012        51.2886        31.9267        39.5087       -4752.24     /gpfs/hpu/EHT2/IHARM_inc+5/SANE_a-0.94_288x128x128_IHARM/m_1_1_1/image_a-0.94_1422_22_0_230.e9_6.2e9_1.55944e+28_1.dat
        38        0.60849        2.02234       -242.467        53.5242        71.4628        62.7908       -6093.78     /gpfs/hpu/EHT2/IHARM_inc+5/SANE_a-0.94_288x128x128_IHARM/m_1_1_1/image_a-0.94_1428_22_0_230.e9_6.2e9_1.55944e+28_1.dat
        39         0.9031        1.89564       -316.816        57.3398        41.6405        47.5314       -5507.45     /gpfs/hpu/EHT2/IHARM_inc+5/SANE_a-0.94_288x128x128_IHARM/m_1_1_1/image_a-0.94_1434_22_0_230.e9_6.2e9_1.55944e+28_1.dat
        40       0.566949        2.52338       -316.499         67.773         31.885        46.3835       -4598.94     /gpfs/hpu/EHT2/IHARM_inc+5/SANE_a-0.94_288x128x128_IHARM/m_1_1_1/image_a-0.94_1440_22_0_230.e9_6.2e9_1.55944e+28_1.dat
        41       0.586128        2.32531       -160.728        52.0893        76.1852        64.8594       -6306.64     /gpfs/hpu/EHT2/IHARM_inc+5/SANE_a-0.94_288x128x128_IHARM/m_1_1_1/image_a-0.94_1446_22_0_230.e9_6.2e9_1.55944e+28_1.dat
        42       0.830219        2.81823       -286.309        71.6616        40.3096        52.7725       -5238.75     /gpfs/hpu/EHT2/IHARM_inc+5/SANE_a-0.94_288x128x128_IHARM/m_1_1_1/image_a-0.94_1452_22_0_230.e9_6.2e9_1.55944e+28_1.dat
        43       0.643242         2.5759       -287.808         48.441        30.1462        37.3107       -3733.34     /gpfs/hpu/EHT2/IHARM_inc+5/SANE_a-0.94_288x128x128_IHARM/m_1_1_1/image_a-0.94_1458_22_0_230.e9_6.2e9_1.55944e+28_1.dat
        44       0.761769        2.01266        -282.69        44.3435        39.2933         40.766       -4180.53     /gpfs/hpu/EHT2/IHARM_inc+5/SANE_a-0.94_288x128x128_IHARM/m_1_1_1/image_a-0.94_1464_22_0_230.e9_6.2e9_1.55944e+28_1.dat
        45        1.76112        4.11319       -253.214        33.8472        51.4581        43.2494       -4703.93     /gpfs/hpu/EHT2/IHARM_inc+5/SANE_a-0.94_288x128x128_IHARM/m_1_1_1/image_a-0.94_1470_22_0_230.e9_6.2e9_1.55944e+28_1.dat
        46       0.683864        1.85266       -270.715        132.468        96.0094        109.701       -10470.4     /gpfs/hpu/EHT2/IHARM_inc+5/SANE_a-0.94_288x128x128_IHARM/m_1_1_1/image_a-0.94_1476_22_0_230.e9_6.2e9_1.55944e+28_1.dat
        47        1.08983        3.72335       -270.851        93.2121        106.696        99.3137       -9519.34     /gpfs/hpu/EHT2/IHARM_inc+5/SANE_a-0.94_288x128x128_IHARM/m_1_1_1/image_a-0.94_1482_22_0_230.e9_6.2e9_1.55944e+28_1.dat
        48        1.05917        2.49893       -284.006        129.353        40.0306        76.7573        -7453.9     /gpfs/hpu/EHT2/IHARM_inc+5/SANE_a-0.94_288x128x128_IHARM/m_1_1_1/image_a-0.94_1488_22_0_230.e9_6.2e9_1.55944e+28_1.dat
        49       0.658776        2.11622       -151.345        86.2688        51.7869        65.3725       -6412.59     /gpfs/hpu/EHT2/IHARM_inc+5/SANE_a-0.94_288x128x128_IHARM/m_1_1_1/image_a-0.94_1494_22_0_230.e9_6.2e9_1.55944e+28_1.dat
        50       0.728405        2.24294       -274.043        84.7385        25.5967        49.9289       -4983.24     /gpfs/hpu/EHT2/IHARM_inc+5/SANE_a-0.94_288x128x128_IHARM/m_1_1_1/image_a-0.94_1500_22_0_230.e9_6.2e9_1.55944e+28_1.dat
        51       0.810266        2.77076       -252.436        63.0597        71.4414        66.7691       -7219.25     /gpfs/hpu/EHT2/IHARM_inc+5/SANE_a-0.94_288x128x128_IHARM/m_1_1_1/image_a-0.94_1506_22_0_230.e9_6.2e9_1.55944e+28_1.dat
        52        0.79018        3.11897       -240.584        67.2574        75.5113         70.826       -6890.94     /gpfs/hpu/EHT2/IHARM_inc+5/SANE_a-0.94_288x128x128_IHARM/m_1_1_1/image_a-0.94_1512_22_0_230.e9_6.2e9_1.55944e+28_1.dat
        53       0.937074        2.41325        -226.11        125.648         80.121        97.8669       -9451.06     /gpfs/hpu/EHT2/IHARM_inc+5/SANE_a-0.94_288x128x128_IHARM/m_1_1_1/image_a-0.94_1518_22_0_230.e9_6.2e9_1.55944e+28_1.dat
        54       0.843884        2.75376       -241.699         51.138        61.9857        56.4356       -5633.37     /gpfs/hpu/EHT2/IHARM_inc+5/SANE_a-0.94_288x128x128_IHARM/m_1_1_1/image_a-0.94_1524_22_0_230.e9_6.2e9_1.55944e+28_1.dat
        55         1.7494        9.23847       -242.252        33.1938        127.491        85.9512       -8353.74     /gpfs/hpu/EHT2/IHARM_inc+5/SANE_a-0.94_288x128x128_IHARM/m_1_1_1/image_a-0.94_1530_22_0_230.e9_6.2e9_1.55944e+28_1.dat
        56        1.79265        3.93128       -215.405        13.2248        187.247         111.37       -10712.9     /gpfs/hpu/EHT2/IHARM_inc+5/SANE_a-0.94_288x128x128_IHARM/m_1_1_1/image_a-0.94_1536_22_0_230.e9_6.2e9_1.55944e+28_1.dat
        57       0.728174        2.31827       -221.714        39.6878        40.1366        39.2944       -4015.28     /gpfs/hpu/EHT2/IHARM_inc+5/SANE_a-0.94_288x128x128_IHARM/m_1_1_1/image_a-0.94_1542_22_0_230.e9_6.2e9_1.55944e+28_1.dat
        58        1.07993        1.97824        -152.81        117.283         164.71        142.177       -16311.8     /gpfs/hpu/EHT2/IHARM_inc+5/SANE_a-0.94_288x128x128_IHARM/m_1_1_1/image_a-0.94_1548_22_0_230.e9_6.2e9_1.55944e+28_1.dat
        59        1.91249        5.64666       -139.865        57.2964        70.6957        63.9357       -7599.84     /gpfs/hpu/EHT2/IHARM_inc+5/SANE_a-0.94_288x128x128_IHARM/m_1_1_1/image_a-0.94_1554_22_0_230.e9_6.2e9_1.55944e+28_1.dat
        60        1.22545        3.70988       -304.461        50.5031        57.8405        53.8269       -5314.58     /gpfs/hpu/EHT2/IHARM_inc+5/SANE_a-0.94_288x128x128_IHARM/m_1_1_1/image_a-0.94_1560_22_0_230.e9_6.2e9_1.55944e+28_1.dat
        61        1.23778        3.72052       -274.033        7.70647        63.1421         38.914       -3923.86     /gpfs/hpu/EHT2/IHARM_inc+5/SANE_a-0.94_288x128x128_IHARM/m_1_1_1/image_a-0.94_1566_22_0_230.e9_6.2e9_1.55944e+28_1.dat
        62       0.657247        2.74564       -306.465        56.6075        64.2484        60.0033       -6264.48     /gpfs/hpu/EHT2/IHARM_inc+5/SANE_a-0.94_288x128x128_IHARM/m_1_1_1/image_a-0.94_1572_22_0_230.e9_6.2e9_1.55944e+28_1.dat
        63        1.40532        4.74898       -286.628        11.8294        46.5499        31.2611       -3251.38     /gpfs/hpu/EHT2/IHARM_inc+5/SANE_a-0.94_288x128x128_IHARM/m_1_1_1/image_a-0.94_1578_22_0_230.e9_6.2e9_1.55944e+28_1.dat
        64        1.21597        3.50953       -241.798        12.5933        26.2114        20.0852       -3283.07     /gpfs/hpu/EHT2/IHARM_inc+5/SANE_a-0.94_288x128x128_IHARM/m_1_1_1/image_a-0.94_1584_22_0_230.e9_6.2e9_1.55944e+28_1.dat
        65         1.4751        2.31055       -311.074        41.0982         22.662        30.0077       -3169.69     /gpfs/hpu/EHT2/IHARM_inc+5/SANE_a-0.94_288x128x128_IHARM/m_1_1_1/image_a-0.94_1590_22_0_230.e9_6.2e9_1.55944e+28_1.dat
        66        1.24623        2.45357       -291.256        51.7456        29.1915         38.154       -3932.98     /gpfs/hpu/EHT2/IHARM_inc+5/SANE_a-0.94_288x128x128_IHARM/m_1_1_1/image_a-0.94_1596_22_0_230.e9_6.2e9_1.55944e+28_1.dat
        67        1.39416        2.05774       -224.493        60.8419        62.3118        60.6807       -7408.61     /gpfs/hpu/EHT2/IHARM_inc+5/SANE_a-0.94_288x128x128_IHARM/m_1_1_1/image_a-0.94_1602_22_0_230.e9_6.2e9_1.55944e+28_1.dat
        68        1.28552        2.71829       -315.821        15.7124        31.1063        24.1571       -2541.97     /gpfs/hpu/EHT2/IHARM_inc+5/SANE_a-0.94_288x128x128_IHARM/m_1_1_1/image_a-0.94_1608_22_0_230.e9_6.2e9_1.55944e+28_1.dat
        69        1.00001         3.1102       -322.245        18.2977        47.9233        34.7442       -3551.11     /gpfs/hpu/EHT2/IHARM_inc+5/SANE_a-0.94_288x128x128_IHARM/m_1_1_1/image_a-0.94_1614_22_0_230.e9_6.2e9_1.55944e+28_1.dat
        70        1.15204        3.29908        -281.46        15.0487        49.2543        34.1369       -3473.29     /gpfs/hpu/EHT2/IHARM_inc+5/SANE_a-0.94_288x128x128_IHARM/m_1_1_1/image_a-0.94_1620_22_0_230.e9_6.2e9_1.55944e+28_1.dat
        71       0.836749        2.87777       -249.584        12.8201        18.7254        15.9488       -1779.38     /gpfs/hpu/EHT2/IHARM_inc+5/SANE_a-0.94_288x128x128_IHARM/m_1_1_1/image_a-0.94_1626_22_0_230.e9_6.2e9_1.55944e+28_1.dat
        72       0.941619        2.85044       -219.112        65.9678        35.5322        47.6895        -4744.8     /gpfs/hpu/EHT2/IHARM_inc+5/SANE_a-0.94_288x128x128_IHARM/m_1_1_1/image_a-0.94_1632_22_0_230.e9_6.2e9_1.55944e+28_1.dat
        73        1.35231        3.07794       -163.961        40.8437        66.7343        54.8116       -5659.42     /gpfs/hpu/EHT2/IHARM_inc+5/SANE_a-0.94_288x128x128_IHARM/m_1_1_1/image_a-0.94_1638_22_0_230.e9_6.2e9_1.55944e+28_1.dat
        74        1.40352        2.65761       -184.652        69.1282        77.4626        72.7118       -7799.08     /gpfs/hpu/EHT2/IHARM_inc+5/SANE_a-0.94_288x128x128_IHARM/m_1_1_1/image_a-0.94_1644_22_0_230.e9_6.2e9_1.55944e+28_1.dat
        75       0.973269        4.15455       -99.9673        53.9356        159.867         112.93       -10712.5     /gpfs/hpu/EHT2/IHARM_inc+5/SANE_a-0.94_288x128x128_IHARM/m_1_1_1/image_a-0.94_1650_22_0_230.e9_6.2e9_1.55944e+28_1.dat
        76        1.21859         2.2522         45.717        29.8311        13.4333        20.0764       -2328.14     /gpfs/hpu/EHT2/IHARM_inc+5/SANE_a-0.94_288x128x128_IHARM/m_1_1_1/image_a-0.94_1656_22_0_230.e9_6.2e9_1.55944e+28_1.dat
        77       0.720343        2.72435        170.179        9.61312        44.2024        29.0068       -3121.23     /gpfs/hpu/EHT2/IHARM_inc+5/SANE_a-0.94_288x128x128_IHARM/m_1_1_1/image_a-0.94_1662_22_0_230.e9_6.2e9_1.55944e+28_1.dat
        78       0.690159        2.36551        176.165        102.636        77.9179        86.9914        -8388.6     /gpfs/hpu/EHT2/IHARM_inc+5/SANE_a-0.94_288x128x128_IHARM/m_1_1_1/image_a-0.94_1668_22_0_230.e9_6.2e9_1.55944e+28_1.dat
        79       0.381958        2.17456        210.679        31.8887         88.316        63.2625       -6141.68     /gpfs/hpu/EHT2/IHARM_inc+5/SANE_a-0.94_288x128x128_IHARM/m_1_1_1/image_a-0.94_1674_22_0_230.e9_6.2e9_1.55944e+28_1.dat
        80       0.950675        2.06471        188.799        94.5353        42.5759        63.6256        -6313.2     /gpfs/hpu/EHT2/IHARM_inc+5/SANE_a-0.94_288x128x128_IHARM/m_1_1_1/image_a-0.94_1680_22_0_230.e9_6.2e9_1.55944e+28_1.dat
        81       0.447631        2.24478        80.5322        28.6794        17.5801        21.9383       -2366.09     /gpfs/hpu/EHT2/IHARM_inc+5/SANE_a-0.94_288x128x128_IHARM/m_1_1_1/image_a-0.94_1686_22_0_230.e9_6.2e9_1.55944e+28_1.dat
        82       0.878344        2.36449       -186.696        56.1452        41.0671        46.7074       -5578.18     /gpfs/hpu/EHT2/IHARM_inc+5/SANE_a-0.94_288x128x128_IHARM/m_1_1_1/image_a-0.94_1692_22_0_230.e9_6.2e9_1.55944e+28_1.dat
        83         1.4244        2.47784        -169.14        71.1414        27.4573        45.2905       -4607.85     /gpfs/hpu/EHT2/IHARM_inc+5/SANE_a-0.94_288x128x128_IHARM/m_1_1_1/image_a-0.94_1698_22_0_230.e9_6.2e9_1.55944e+28_1.dat
        84        0.66073        2.53768       -242.991        40.0418        42.4951        40.7756       -4089.51     /gpfs/hpu/EHT2/IHARM_inc+5/SANE_a-0.94_288x128x128_IHARM/m_1_1_1/image_a-0.94_1704_22_0_230.e9_6.2e9_1.55944e+28_1.dat
        85       0.863507         2.4301       -275.647        32.1251        28.4252        29.5101       -3088.81     /gpfs/hpu/EHT2/IHARM_inc+5/SANE_a-0.94_288x128x128_IHARM/m_1_1_1/image_a-0.94_1710_22_0_230.e9_6.2e9_1.55944e+28_1.dat
        86       0.732217        2.43431        -269.76        40.5146        32.1026        35.0994       -3552.92     /gpfs/hpu/EHT2/IHARM_inc+5/SANE_a-0.94_288x128x128_IHARM/m_1_1_1/image_a-0.94_1716_22_0_230.e9_6.2e9_1.55944e+28_1.dat
        87       0.942915        2.70736       -148.644         40.383        51.9327        46.2527        -5045.5     /gpfs/hpu/EHT2/IHARM_inc+5/SANE_a-0.94_288x128x128_IHARM/m_1_1_1/image_a-0.94_1722_22_0_230.e9_6.2e9_1.55944e+28_1.dat
        88       0.787493        2.72746       -243.839        59.3306        74.7799        67.0955       -6867.93     /gpfs/hpu/EHT2/IHARM_inc+5/SANE_a-0.94_288x128x128_IHARM/m_1_1_1/image_a-0.94_1728_22_0_230.e9_6.2e9_1.55944e+28_1.dat
        89       0.700316        2.69226        -279.12        43.4169          109.9        80.2862       -8037.46     /gpfs/hpu/EHT2/IHARM_inc+5/SANE_a-0.94_288x128x128_IHARM/m_1_1_1/image_a-0.94_1734_22_0_230.e9_6.2e9_1.55944e+28_1.dat
        90       0.693574        2.23256       -137.936        47.7379        96.4817        74.5104       -7258.75     /gpfs/hpu/EHT2/IHARM_inc+5/SANE_a-0.94_288x128x128_IHARM/m_1_1_1/image_a-0.94_1740_22_0_230.e9_6.2e9_1.55944e+28_1.dat
        91        1.09621        2.17761       -180.849        93.0049        56.2175        70.6957       -6863.36     /gpfs/hpu/EHT2/IHARM_inc+5/SANE_a-0.94_288x128x128_IHARM/m_1_1_1/image_a-0.94_1746_22_0_230.e9_6.2e9_1.55944e+28_1.dat
        92        1.46714        5.12014       -225.978        20.6298        111.575        71.6971       -7060.61     /gpfs/hpu/EHT2/IHARM_inc+5/SANE_a-0.94_288x128x128_IHARM/m_1_1_1/image_a-0.94_1752_22_0_230.e9_6.2e9_1.55944e+28_1.dat
        93        1.41346        4.69971       -133.371        50.5849        182.571        124.361       -11957.9     /gpfs/hpu/EHT2/IHARM_inc+5/SANE_a-0.94_288x128x128_IHARM/m_1_1_1/image_a-0.94_1758_22_0_230.e9_6.2e9_1.55944e+28_1.dat
        94        1.08201        1.89445       -147.397        72.3392        80.5252        75.7866       -12085.9     /gpfs/hpu/EHT2/IHARM_inc+5/SANE_a-0.94_288x128x128_IHARM/m_1_1_1/image_a-0.94_1764_22_0_230.e9_6.2e9_1.55944e+28_1.dat
        95       0.733268        2.55529       -198.855        112.254        130.777        120.893       -11482.7     /gpfs/hpu/EHT2/IHARM_inc+5/SANE_a-0.94_288x128x128_IHARM/m_1_1_1/image_a-0.94_1770_22_0_230.e9_6.2e9_1.55944e+28_1.dat
        96        1.63077        5.22703       -160.955        30.5835        66.5194        50.3964       -5233.79     /gpfs/hpu/EHT2/IHARM_inc+5/SANE_a-0.94_288x128x128_IHARM/m_1_1_1/image_a-0.94_1776_22_0_230.e9_6.2e9_1.55944e+28_1.dat
        97        1.03906        2.16261       -167.517        43.9815        58.0565        51.2199       -5130.03     /gpfs/hpu/EHT2/IHARM_inc+5/SANE_a-0.94_288x128x128_IHARM/m_1_1_1/image_a-0.94_1782_22_0_230.e9_6.2e9_1.55944e+28_1.dat
        98       0.639507         2.1474       -214.971        4.36305        18.3631         12.205       -1776.49     /gpfs/hpu/EHT2/IHARM_inc+5/SANE_a-0.94_288x128x128_IHARM/m_1_1_1/image_a-0.94_1788_22_0_230.e9_6.2e9_1.55944e+28_1.dat
        99       0.714979        2.10371       -252.718        13.4616        34.6095        25.1952       -2630.11     /gpfs/hpu/EHT2/IHARM_inc+5/SANE_a-0.94_288x128x128_IHARM/m_1_1_1/image_a-0.94_1794_22_0_230.e9_6.2e9_1.55944e+28_1.dat
