   # Index         I (Jy)      M/D (uas)       PA (deg)  VA red. chisq  CP red. chisq     red. chisq     log-liklhd     FileName
         0        1.24529        5.85947       -87.8863        45.7257        14.4125        27.8011       -1484.36     /gpfs/hpu/EHT2/IHARM/MAD/MAD_a-0.94_384x192x192_IHARM/m_1_1_10/image_a-0.94_0000_17_0_230.e9_6.2e9_1.55976e+25_10.dat
         1       0.618285        3.84803       -31.5304        41.8542        31.3398        34.9986       -1791.42     /gpfs/hpu/EHT2/IHARM/MAD/MAD_a-0.94_384x192x192_IHARM/m_1_1_10/image_a-0.94_0001_17_0_230.e9_6.2e9_1.55976e+25_10.dat
         2       0.761083        3.40964         12.718        11.1108        11.9358        11.1941       -689.593     /gpfs/hpu/EHT2/IHARM/MAD/MAD_a-0.94_384x192x192_IHARM/m_1_1_10/image_a-0.94_0002_17_0_230.e9_6.2e9_1.55976e+25_10.dat
         3        1.41937        3.46435       -80.7581        8.75496        56.3602        33.5339       -1888.67     /gpfs/hpu/EHT2/IHARM/MAD/MAD_a-0.94_384x192x192_IHARM/m_1_1_10/image_a-0.94_0003_17_0_230.e9_6.2e9_1.55976e+25_10.dat
         4        0.73727        3.83755       -13.5035        10.5824        10.3784        10.1408       -624.651     /gpfs/hpu/EHT2/IHARM/MAD/MAD_a-0.94_384x192x192_IHARM/m_1_1_10/image_a-0.94_0004_17_0_230.e9_6.2e9_1.55976e+25_10.dat
         5       0.666907        4.32551        10.2372        3.93164        8.65913        6.29564       -459.693     /gpfs/hpu/EHT2/IHARM/MAD/MAD_a-0.94_384x192x192_IHARM/m_1_1_10/image_a-0.94_0005_17_0_230.e9_6.2e9_1.55976e+25_10.dat
         6       0.889048        3.77945        45.2137        6.35224        11.2052        8.70581       -585.854     /gpfs/hpu/EHT2/IHARM/MAD/MAD_a-0.94_384x192x192_IHARM/m_1_1_10/image_a-0.94_0006_17_0_230.e9_6.2e9_1.55976e+25_10.dat
         7       0.814596        3.35661        40.6214        29.8633        27.0399        27.4342       -1451.65     /gpfs/hpu/EHT2/IHARM/MAD/MAD_a-0.94_384x192x192_IHARM/m_1_1_10/image_a-0.94_0007_17_0_230.e9_6.2e9_1.55976e+25_10.dat
         8       0.674508        3.71407        110.144        9.71574         32.427        21.3622       -1138.77     /gpfs/hpu/EHT2/IHARM/MAD/MAD_a-0.94_384x192x192_IHARM/m_1_1_10/image_a-0.94_0008_17_0_230.e9_6.2e9_1.55976e+25_10.dat
         9       0.671816        3.48299       -125.177        8.09749        15.4567        11.7151       -692.714     /gpfs/hpu/EHT2/IHARM/MAD/MAD_a-0.94_384x192x192_IHARM/m_1_1_10/image_a-0.94_0009_17_0_230.e9_6.2e9_1.55976e+25_10.dat
        10        1.04742        4.83764       -49.5995        17.2976        36.9254        27.0818       -1467.71     /gpfs/hpu/EHT2/IHARM/MAD/MAD_a-0.94_384x192x192_IHARM/m_1_1_10/image_a-0.94_0010_17_0_230.e9_6.2e9_1.55976e+25_10.dat
        11       0.902889        4.23662       -146.016        19.5335        33.0192        26.0144       -1407.73     /gpfs/hpu/EHT2/IHARM/MAD/MAD_a-0.94_384x192x192_IHARM/m_1_1_10/image_a-0.94_0011_17_0_230.e9_6.2e9_1.55976e+25_10.dat
        12       0.491637        3.51587       -97.7332        18.3716         55.785        37.4827       -2470.31     /gpfs/hpu/EHT2/IHARM/MAD/MAD_a-0.94_384x192x192_IHARM/m_1_1_10/image_a-0.94_0012_17_0_230.e9_6.2e9_1.55976e+25_10.dat
        13        1.09074        4.67905       -162.934         17.426        38.1127        27.7635       -1674.84     /gpfs/hpu/EHT2/IHARM/MAD/MAD_a-0.94_384x192x192_IHARM/m_1_1_10/image_a-0.94_0013_17_0_230.e9_6.2e9_1.55976e+25_10.dat
        14       0.533253        3.70385        -100.46        6.28761        8.17862        7.08433       -468.543     /gpfs/hpu/EHT2/IHARM/MAD/MAD_a-0.94_384x192x192_IHARM/m_1_1_10/image_a-0.94_0014_17_0_230.e9_6.2e9_1.55976e+25_10.dat
        15        0.75823         3.8563       -54.4662        12.4053        11.6239        11.6023       -689.793     /gpfs/hpu/EHT2/IHARM/MAD/MAD_a-0.94_384x192x192_IHARM/m_1_1_10/image_a-0.94_0015_17_0_230.e9_6.2e9_1.55976e+25_10.dat
        16       0.558826         3.9181       -125.296        6.54069        15.1779        10.8801       -636.864     /gpfs/hpu/EHT2/IHARM/MAD/MAD_a-0.94_384x192x192_IHARM/m_1_1_10/image_a-0.94_0016_17_0_230.e9_6.2e9_1.55976e+25_10.dat
        17       0.548364        3.80058        15.9842        10.2585         14.115        11.9643       -710.082     /gpfs/hpu/EHT2/IHARM/MAD/MAD_a-0.94_384x192x192_IHARM/m_1_1_10/image_a-0.94_0017_17_0_230.e9_6.2e9_1.55976e+25_10.dat
        18       0.600525        3.19028       -59.3194        35.6243        21.8078        27.2275       -1441.68     /gpfs/hpu/EHT2/IHARM/MAD/MAD_a-0.94_384x192x192_IHARM/m_1_1_10/image_a-0.94_0018_17_0_230.e9_6.2e9_1.55976e+25_10.dat
        19       0.623288        3.86648       -30.9449         20.706        14.6786        16.8798       -934.459     /gpfs/hpu/EHT2/IHARM/MAD/MAD_a-0.94_384x192x192_IHARM/m_1_1_10/image_a-0.94_0019_17_0_230.e9_6.2e9_1.55976e+25_10.dat
        20       0.728357        3.98158       -11.9552        3.53762         12.893        8.34981       -549.349     /gpfs/hpu/EHT2/IHARM/MAD/MAD_a-0.94_384x192x192_IHARM/m_1_1_10/image_a-0.94_0020_17_0_230.e9_6.2e9_1.55976e+25_10.dat
        21       0.448931        3.48892        190.332        6.79834        19.5477        13.2938       -973.084     /gpfs/hpu/EHT2/IHARM/MAD/MAD_a-0.94_384x192x192_IHARM/m_1_1_10/image_a-0.94_0021_17_0_230.e9_6.2e9_1.55976e+25_10.dat
        22       0.774404        4.61241        279.677        6.22761        20.7615        13.6804       -781.989     /gpfs/hpu/EHT2/IHARM/MAD/MAD_a-0.94_384x192x192_IHARM/m_1_1_10/image_a-0.94_0022_17_0_230.e9_6.2e9_1.55976e+25_10.dat
        23       0.710732        4.50716        300.638        6.37331        12.7033         9.5036        -583.83     /gpfs/hpu/EHT2/IHARM/MAD/MAD_a-0.94_384x192x192_IHARM/m_1_1_10/image_a-0.94_0023_17_0_230.e9_6.2e9_1.55976e+25_10.dat
        24       0.493936        3.73009        335.177        6.52282        12.0262        9.21336       -562.701     /gpfs/hpu/EHT2/IHARM/MAD/MAD_a-0.94_384x192x192_IHARM/m_1_1_10/image_a-0.94_0024_17_0_230.e9_6.2e9_1.55976e+25_10.dat
        25       0.563326        3.58491        249.589        7.83707        10.6998         9.0963       -563.665     /gpfs/hpu/EHT2/IHARM/MAD/MAD_a-0.94_384x192x192_IHARM/m_1_1_10/image_a-0.94_0025_17_0_230.e9_6.2e9_1.55976e+25_10.dat
        26       0.991996        3.65955        325.124        8.25673         14.519        11.2919       -826.763     /gpfs/hpu/EHT2/IHARM/MAD/MAD_a-0.94_384x192x192_IHARM/m_1_1_10/image_a-0.94_0026_17_0_230.e9_6.2e9_1.55976e+25_10.dat
        27       0.768893        3.20499         316.85        10.1807        11.4438         10.524        -744.66     /gpfs/hpu/EHT2/IHARM/MAD/MAD_a-0.94_384x192x192_IHARM/m_1_1_10/image_a-0.94_0027_17_0_230.e9_6.2e9_1.55976e+25_10.dat
        28        1.22748        3.18689        303.402        9.50222        21.3686        15.4476       -935.054     /gpfs/hpu/EHT2/IHARM/MAD/MAD_a-0.94_384x192x192_IHARM/m_1_1_10/image_a-0.94_0028_17_0_230.e9_6.2e9_1.55976e+25_10.dat
        29        1.18528        4.00635        291.004        12.8998        16.3847        14.3266       -817.389     /gpfs/hpu/EHT2/IHARM/MAD/MAD_a-0.94_384x192x192_IHARM/m_1_1_10/image_a-0.94_0029_17_0_230.e9_6.2e9_1.55976e+25_10.dat
        30        1.17496         3.8625        316.961        2.97244        11.5684        7.40278       -549.606     /gpfs/hpu/EHT2/IHARM/MAD/MAD_a-0.94_384x192x192_IHARM/m_1_1_10/image_a-0.94_0030_17_0_230.e9_6.2e9_1.55976e+25_10.dat
        31       0.727109        4.42685        275.364        2.47147        6.96828        4.76016       -343.938     /gpfs/hpu/EHT2/IHARM/MAD/MAD_a-0.94_384x192x192_IHARM/m_1_1_10/image_a-0.94_0031_17_0_230.e9_6.2e9_1.55976e+25_10.dat
        32       0.785423        4.06853        300.115        10.0482        11.3756        10.4295       -622.994     /gpfs/hpu/EHT2/IHARM/MAD/MAD_a-0.94_384x192x192_IHARM/m_1_1_10/image_a-0.94_0032_17_0_230.e9_6.2e9_1.55976e+25_10.dat
        33       0.661811        3.59186        324.673        10.4385         12.783        11.3428       -674.843     /gpfs/hpu/EHT2/IHARM/MAD/MAD_a-0.94_384x192x192_IHARM/m_1_1_10/image_a-0.94_0033_17_0_230.e9_6.2e9_1.55976e+25_10.dat
        34       0.745989        3.44019        323.358        12.0871        27.3373        19.7318       -1214.92     /gpfs/hpu/EHT2/IHARM/MAD/MAD_a-0.94_384x192x192_IHARM/m_1_1_10/image_a-0.94_0034_17_0_230.e9_6.2e9_1.55976e+25_10.dat
        35       0.819182        3.23158        344.594        49.4791        19.7712        32.2809       -1708.27     /gpfs/hpu/EHT2/IHARM/MAD/MAD_a-0.94_384x192x192_IHARM/m_1_1_10/image_a-0.94_0035_17_0_230.e9_6.2e9_1.55976e+25_10.dat
        36        1.41158        3.36995        297.582        23.1219        44.5098        33.6485        -1822.8     /gpfs/hpu/EHT2/IHARM/MAD/MAD_a-0.94_384x192x192_IHARM/m_1_1_10/image_a-0.94_0036_17_0_230.e9_6.2e9_1.55976e+25_10.dat
        37       0.668597        3.74907         269.19         4.9931        26.1926         15.993       -1013.35     /gpfs/hpu/EHT2/IHARM/MAD/MAD_a-0.94_384x192x192_IHARM/m_1_1_10/image_a-0.94_0037_17_0_230.e9_6.2e9_1.55976e+25_10.dat
        38       0.640991        3.87107        271.934        7.48544        25.2802        16.6147       -950.911     /gpfs/hpu/EHT2/IHARM/MAD/MAD_a-0.94_384x192x192_IHARM/m_1_1_10/image_a-0.94_0038_17_0_230.e9_6.2e9_1.55976e+25_10.dat
        39       0.655354        3.55541         73.218        9.97913        11.1415        10.2758       -684.041     /gpfs/hpu/EHT2/IHARM/MAD/MAD_a-0.94_384x192x192_IHARM/m_1_1_10/image_a-0.94_0039_17_0_230.e9_6.2e9_1.55976e+25_10.dat
        40       0.484541        2.10062        40.0027        68.5719        248.683        161.202       -7795.03     /gpfs/hpu/EHT2/IHARM/MAD/MAD_a-0.94_384x192x192_IHARM/m_1_1_10/image_a-0.94_0040_17_0_230.e9_6.2e9_1.55976e+25_10.dat
        41       0.671022        3.94453       -40.7993        4.69458        5.77956        5.11737       -390.981     /gpfs/hpu/EHT2/IHARM/MAD/MAD_a-0.94_384x192x192_IHARM/m_1_1_10/image_a-0.94_0041_17_0_230.e9_6.2e9_1.55976e+25_10.dat
        42        1.23305        4.23868       -36.5481        7.20418        6.97225        6.85461       -479.851     /gpfs/hpu/EHT2/IHARM/MAD/MAD_a-0.94_384x192x192_IHARM/m_1_1_10/image_a-0.94_0042_17_0_230.e9_6.2e9_1.55976e+25_10.dat
        43       0.866868        3.65589       -105.903        4.35112        16.3354        10.5212       -635.074     /gpfs/hpu/EHT2/IHARM/MAD/MAD_a-0.94_384x192x192_IHARM/m_1_1_10/image_a-0.94_0043_17_0_230.e9_6.2e9_1.55976e+25_10.dat
        44       0.674144        3.49961       -4.66322        34.1424         26.792        29.1956       -1504.53     /gpfs/hpu/EHT2/IHARM/MAD/MAD_a-0.94_384x192x192_IHARM/m_1_1_10/image_a-0.94_0044_17_0_230.e9_6.2e9_1.55976e+25_10.dat
        45       0.487658        3.45627        18.0283        28.9838        28.3466        27.7331        -1431.4     /gpfs/hpu/EHT2/IHARM/MAD/MAD_a-0.94_384x192x192_IHARM/m_1_1_10/image_a-0.94_0045_17_0_230.e9_6.2e9_1.55976e+25_10.dat
        46        1.25614        4.74289        211.358        30.6447        17.6331        22.8288        -1418.5     /gpfs/hpu/EHT2/IHARM/MAD/MAD_a-0.94_384x192x192_IHARM/m_1_1_10/image_a-0.94_0046_17_0_230.e9_6.2e9_1.55976e+25_10.dat
        47        1.07349        3.78251        180.763        13.0381        86.3078        51.1894       -2740.84     /gpfs/hpu/EHT2/IHARM/MAD/MAD_a-0.94_384x192x192_IHARM/m_1_1_10/image_a-0.94_0047_17_0_230.e9_6.2e9_1.55976e+25_10.dat
        48       0.486722        2.79686        322.592         8.3612        37.6568        23.5159       -1632.99     /gpfs/hpu/EHT2/IHARM/MAD/MAD_a-0.94_384x192x192_IHARM/m_1_1_10/image_a-0.94_0048_17_0_230.e9_6.2e9_1.55976e+25_10.dat
        49        1.35792        5.34683        208.399        8.03484        38.6958        23.9185       -1622.34     /gpfs/hpu/EHT2/IHARM/MAD/MAD_a-0.94_384x192x192_IHARM/m_1_1_10/image_a-0.94_0049_17_0_230.e9_6.2e9_1.55976e+25_10.dat
        50        1.02189        5.20517        252.607        16.9389        28.5191        22.4988       -1208.62     /gpfs/hpu/EHT2/IHARM/MAD/MAD_a-0.94_384x192x192_IHARM/m_1_1_10/image_a-0.94_0050_17_0_230.e9_6.2e9_1.55976e+25_10.dat
        51       0.534786        3.96727        12.4839        8.36554        13.9971        11.0654       -651.896     /gpfs/hpu/EHT2/IHARM/MAD/MAD_a-0.94_384x192x192_IHARM/m_1_1_10/image_a-0.94_0051_17_0_230.e9_6.2e9_1.55976e+25_10.dat
        52       0.770565        3.80624       -69.1585        10.4574        20.2215        15.2661       -868.084     /gpfs/hpu/EHT2/IHARM/MAD/MAD_a-0.94_384x192x192_IHARM/m_1_1_10/image_a-0.94_0052_17_0_230.e9_6.2e9_1.55976e+25_10.dat
        53       0.724229        3.58623        19.2192        9.55203        14.5488        11.8803       -698.962     /gpfs/hpu/EHT2/IHARM/MAD/MAD_a-0.94_384x192x192_IHARM/m_1_1_10/image_a-0.94_0053_17_0_230.e9_6.2e9_1.55976e+25_10.dat
        54       0.522495         3.9381       -29.0978        2.30361        11.6293        7.13913        -466.19     /gpfs/hpu/EHT2/IHARM/MAD/MAD_a-0.94_384x192x192_IHARM/m_1_1_10/image_a-0.94_0054_17_0_230.e9_6.2e9_1.55976e+25_10.dat
        55        0.87969         3.7996        -77.998        6.15653          13.01         9.5692       -646.934     /gpfs/hpu/EHT2/IHARM/MAD/MAD_a-0.94_384x192x192_IHARM/m_1_1_10/image_a-0.94_0055_17_0_230.e9_6.2e9_1.55976e+25_10.dat
        56       0.640285        3.97091       -165.023        2.78925         15.524        9.40366       -588.638     /gpfs/hpu/EHT2/IHARM/MAD/MAD_a-0.94_384x192x192_IHARM/m_1_1_10/image_a-0.94_0056_17_0_230.e9_6.2e9_1.55976e+25_10.dat
        57       0.556891        4.27714       -125.265        2.58636         7.6645        5.17739        -365.83     /gpfs/hpu/EHT2/IHARM/MAD/MAD_a-0.94_384x192x192_IHARM/m_1_1_10/image_a-0.94_0057_17_0_230.e9_6.2e9_1.55976e+25_10.dat
        58       0.610551        3.53438       -85.6154        3.28186        10.4789        6.96615       -467.814     /gpfs/hpu/EHT2/IHARM/MAD/MAD_a-0.94_384x192x192_IHARM/m_1_1_10/image_a-0.94_0058_17_0_230.e9_6.2e9_1.55976e+25_10.dat
        59       0.820443         4.1855       -141.758        11.4693        14.7926        12.8562       -736.361     /gpfs/hpu/EHT2/IHARM/MAD/MAD_a-0.94_384x192x192_IHARM/m_1_1_10/image_a-0.94_0059_17_0_230.e9_6.2e9_1.55976e+25_10.dat
        60       0.870976        3.68509       -95.6957         27.529        15.5914        20.3767       -1117.23     /gpfs/hpu/EHT2/IHARM/MAD/MAD_a-0.94_384x192x192_IHARM/m_1_1_10/image_a-0.94_0060_17_0_230.e9_6.2e9_1.55976e+25_10.dat
        61       0.602631        4.00185       -132.884        12.4955        18.9889        15.5185       -882.136     /gpfs/hpu/EHT2/IHARM/MAD/MAD_a-0.94_384x192x192_IHARM/m_1_1_10/image_a-0.94_0061_17_0_230.e9_6.2e9_1.55976e+25_10.dat
        62       0.545996        4.36407       -120.657        3.46212        9.26928        6.40919       -428.648     /gpfs/hpu/EHT2/IHARM/MAD/MAD_a-0.94_384x192x192_IHARM/m_1_1_10/image_a-0.94_0062_17_0_230.e9_6.2e9_1.55976e+25_10.dat
        63       0.853903        4.53007       -93.0212        14.7708        22.3611        18.2993       -1007.45     /gpfs/hpu/EHT2/IHARM/MAD/MAD_a-0.94_384x192x192_IHARM/m_1_1_10/image_a-0.94_0063_17_0_230.e9_6.2e9_1.55976e+25_10.dat
        64       0.498191        3.79209        2.28741        9.56529        16.8901        13.1184       -760.546     /gpfs/hpu/EHT2/IHARM/MAD/MAD_a-0.94_384x192x192_IHARM/m_1_1_10/image_a-0.94_0064_17_0_230.e9_6.2e9_1.55976e+25_10.dat
        65       0.693147        3.52749       -21.0327        13.2044         14.485        13.4614       -804.292     /gpfs/hpu/EHT2/IHARM/MAD/MAD_a-0.94_384x192x192_IHARM/m_1_1_10/image_a-0.94_0065_17_0_230.e9_6.2e9_1.55976e+25_10.dat
        66       0.475469        3.09488        9.09569        4.68267        12.5675        8.68468       -624.206     /gpfs/hpu/EHT2/IHARM/MAD/MAD_a-0.94_384x192x192_IHARM/m_1_1_10/image_a-0.94_0066_17_0_230.e9_6.2e9_1.55976e+25_10.dat
        67       0.687445        3.13149        12.0132        6.01347        15.5495        10.8426       -722.232     /gpfs/hpu/EHT2/IHARM/MAD/MAD_a-0.94_384x192x192_IHARM/m_1_1_10/image_a-0.94_0067_17_0_230.e9_6.2e9_1.55976e+25_10.dat
        68       0.720807        3.81864       -60.2574        7.91927        12.3673        10.0102       -617.899     /gpfs/hpu/EHT2/IHARM/MAD/MAD_a-0.94_384x192x192_IHARM/m_1_1_10/image_a-0.94_0068_17_0_230.e9_6.2e9_1.55976e+25_10.dat
        69       0.786473         3.8537        83.8275        6.11539        26.8926        16.8577       -1024.56     /gpfs/hpu/EHT2/IHARM/MAD/MAD_a-0.94_384x192x192_IHARM/m_1_1_10/image_a-0.94_0069_17_0_230.e9_6.2e9_1.55976e+25_10.dat
        70       0.506866        4.64112       -17.9987        18.0342        13.4175        15.0349       -833.062     /gpfs/hpu/EHT2/IHARM/MAD/MAD_a-0.94_384x192x192_IHARM/m_1_1_10/image_a-0.94_0070_17_0_230.e9_6.2e9_1.55976e+25_10.dat
        71        1.05589        4.36954        58.3256         6.6394        22.7045        14.8851       -849.415     /gpfs/hpu/EHT2/IHARM/MAD/MAD_a-0.94_384x192x192_IHARM/m_1_1_10/image_a-0.94_0071_17_0_230.e9_6.2e9_1.55976e+25_10.dat
        72        1.10696        3.88956         211.62        5.22438         9.8815        7.51051       -533.447     /gpfs/hpu/EHT2/IHARM/MAD/MAD_a-0.94_384x192x192_IHARM/m_1_1_10/image_a-0.94_0072_17_0_230.e9_6.2e9_1.55976e+25_10.dat
        73       0.790869        4.10585        245.459        5.12612        14.4301        9.86106       -584.877     /gpfs/hpu/EHT2/IHARM/MAD/MAD_a-0.94_384x192x192_IHARM/m_1_1_10/image_a-0.94_0073_17_0_230.e9_6.2e9_1.55976e+25_10.dat
        74       0.548825        3.89563        183.608        3.44305        9.30978        6.42207       -440.535     /gpfs/hpu/EHT2/IHARM/MAD/MAD_a-0.94_384x192x192_IHARM/m_1_1_10/image_a-0.94_0074_17_0_230.e9_6.2e9_1.55976e+25_10.dat
        75       0.513361        4.34371        208.087        2.88712        7.78873        5.37574       -385.311     /gpfs/hpu/EHT2/IHARM/MAD/MAD_a-0.94_384x192x192_IHARM/m_1_1_10/image_a-0.94_0075_17_0_230.e9_6.2e9_1.55976e+25_10.dat
        76       0.721058        4.35807        243.707        7.57081        10.3345         8.7863       -549.557     /gpfs/hpu/EHT2/IHARM/MAD/MAD_a-0.94_384x192x192_IHARM/m_1_1_10/image_a-0.94_0076_17_0_230.e9_6.2e9_1.55976e+25_10.dat
        77       0.707635          4.072        273.412        16.0849        13.8165        14.3831       -817.007     /gpfs/hpu/EHT2/IHARM/MAD/MAD_a-0.94_384x192x192_IHARM/m_1_1_10/image_a-0.94_0077_17_0_230.e9_6.2e9_1.55976e+25_10.dat
        78       0.704562        4.46513        341.072        27.2684        15.1002         20.003       -1093.87     /gpfs/hpu/EHT2/IHARM/MAD/MAD_a-0.94_384x192x192_IHARM/m_1_1_10/image_a-0.94_0078_17_0_230.e9_6.2e9_1.55976e+25_10.dat
        79       0.674191         3.7671        354.126        8.17527        13.9082        10.9344       -687.824     /gpfs/hpu/EHT2/IHARM/MAD/MAD_a-0.94_384x192x192_IHARM/m_1_1_10/image_a-0.94_0079_17_0_230.e9_6.2e9_1.55976e+25_10.dat
        80       0.712405        3.60272        313.615        20.1957        21.0429        20.0038       -1124.41     /gpfs/hpu/EHT2/IHARM/MAD/MAD_a-0.94_384x192x192_IHARM/m_1_1_10/image_a-0.94_0080_17_0_230.e9_6.2e9_1.55976e+25_10.dat
        81       0.614434        3.67471        332.034        6.63474        22.4216        14.7341        -849.24     /gpfs/hpu/EHT2/IHARM/MAD/MAD_a-0.94_384x192x192_IHARM/m_1_1_10/image_a-0.94_0081_17_0_230.e9_6.2e9_1.55976e+25_10.dat
        82       0.680018        3.20498        313.084        9.61202        23.6553        16.6997       -937.637     /gpfs/hpu/EHT2/IHARM/MAD/MAD_a-0.94_384x192x192_IHARM/m_1_1_10/image_a-0.94_0082_17_0_230.e9_6.2e9_1.55976e+25_10.dat
        83       0.946357        3.44112        292.619        7.67745        17.1696        12.4309       -821.357     /gpfs/hpu/EHT2/IHARM/MAD/MAD_a-0.94_384x192x192_IHARM/m_1_1_10/image_a-0.94_0083_17_0_230.e9_6.2e9_1.55976e+25_10.dat
        84       0.664399        2.90721        306.673        16.7583        10.7549        13.0694       -780.929     /gpfs/hpu/EHT2/IHARM/MAD/MAD_a-0.94_384x192x192_IHARM/m_1_1_10/image_a-0.94_0084_17_0_230.e9_6.2e9_1.55976e+25_10.dat
        85       0.541506        3.60036        334.722        4.82063        19.2126        12.2431       -729.725     /gpfs/hpu/EHT2/IHARM/MAD/MAD_a-0.94_384x192x192_IHARM/m_1_1_10/image_a-0.94_0085_17_0_230.e9_6.2e9_1.55976e+25_10.dat
        86        0.50662        3.59071         342.69        4.07078        8.02866        6.02532       -415.608     /gpfs/hpu/EHT2/IHARM/MAD/MAD_a-0.94_384x192x192_IHARM/m_1_1_10/image_a-0.94_0086_17_0_230.e9_6.2e9_1.55976e+25_10.dat
        87       0.635449        3.39867        359.968        5.92285        28.5902         17.666       -976.439     /gpfs/hpu/EHT2/IHARM/MAD/MAD_a-0.94_384x192x192_IHARM/m_1_1_10/image_a-0.94_0087_17_0_230.e9_6.2e9_1.55976e+25_10.dat
        88       0.870133        4.29912        359.991        8.39768        57.2001         33.818        -1737.1     /gpfs/hpu/EHT2/IHARM/MAD/MAD_a-0.94_384x192x192_IHARM/m_1_1_10/image_a-0.94_0088_17_0_230.e9_6.2e9_1.55976e+25_10.dat
        89       0.984326        3.57606         323.03        5.12436        12.0442        8.60458       -578.876     /gpfs/hpu/EHT2/IHARM/MAD/MAD_a-0.94_384x192x192_IHARM/m_1_1_10/image_a-0.94_0089_17_0_230.e9_6.2e9_1.55976e+25_10.dat
        90       0.580097        3.18806        308.419        6.60168        15.4238        11.0364         -678.8     /gpfs/hpu/EHT2/IHARM/MAD/MAD_a-0.94_384x192x192_IHARM/m_1_1_10/image_a-0.94_0090_17_0_230.e9_6.2e9_1.55976e+25_10.dat
        91       0.752086        3.87557        329.457        14.8579         17.922        16.0014       -881.096     /gpfs/hpu/EHT2/IHARM/MAD/MAD_a-0.94_384x192x192_IHARM/m_1_1_10/image_a-0.94_0091_17_0_230.e9_6.2e9_1.55976e+25_10.dat
        92        1.01725        4.48234        259.621        77.6936         80.065        76.4882        -3818.4     /gpfs/hpu/EHT2/IHARM/MAD/MAD_a-0.94_384x192x192_IHARM/m_1_1_10/image_a-0.94_0092_17_0_230.e9_6.2e9_1.55976e+25_10.dat
        93       0.925984        4.40147        202.799        14.2808        39.1225        26.9044       -1451.43     /gpfs/hpu/EHT2/IHARM/MAD/MAD_a-0.94_384x192x192_IHARM/m_1_1_10/image_a-0.94_0093_17_0_230.e9_6.2e9_1.55976e+25_10.dat
        94       0.805324        4.03224        212.488        24.9162        25.1856        24.2712       -1322.29     /gpfs/hpu/EHT2/IHARM/MAD/MAD_a-0.94_384x192x192_IHARM/m_1_1_10/image_a-0.94_0094_17_0_230.e9_6.2e9_1.55976e+25_10.dat
        95       0.839586        3.97636        259.876        6.32099        11.0256        8.59749       -546.497     /gpfs/hpu/EHT2/IHARM/MAD/MAD_a-0.94_384x192x192_IHARM/m_1_1_10/image_a-0.94_0095_17_0_230.e9_6.2e9_1.55976e+25_10.dat
        96       0.703717        3.83999        226.609        4.65771         8.8748        6.73014        -488.02     /gpfs/hpu/EHT2/IHARM/MAD/MAD_a-0.94_384x192x192_IHARM/m_1_1_10/image_a-0.94_0096_17_0_230.e9_6.2e9_1.55976e+25_10.dat
        97        1.25132        4.16848         325.21        7.27275        9.02777        7.96678       -577.262     /gpfs/hpu/EHT2/IHARM/MAD/MAD_a-0.94_384x192x192_IHARM/m_1_1_10/image_a-0.94_0097_17_0_230.e9_6.2e9_1.55976e+25_10.dat
        98       0.879287        4.60418        215.824        12.0459        19.6147        15.6491       -880.812     /gpfs/hpu/EHT2/IHARM/MAD/MAD_a-0.94_384x192x192_IHARM/m_1_1_10/image_a-0.94_0098_17_0_230.e9_6.2e9_1.55976e+25_10.dat
        99       0.704931         4.0163        214.274        4.44037         19.119        12.0258       -707.431     /gpfs/hpu/EHT2/IHARM/MAD/MAD_a-0.94_384x192x192_IHARM/m_1_1_10/image_a-0.94_0099_17_0_230.e9_6.2e9_1.55976e+25_10.dat
