   # Index         I (Jy)      M/D (uas)       PA (deg)  VA red. chisq  CP red. chisq     red. chisq     log-liklhd     FileName
         0        1.06826        3.99818        9.39668         5.2974        36.2274        23.3173       -1929.71     /gpfs/hpu/EHT2/IHARM_inc-5/MAD_a+0.94_384x192x192_IHARM/m_1_1_160/image_a+0.94_0000_168_0_230.e9_6.2e9_1.76917e+25_160.dat
         1        1.17846        3.71858        182.121        15.3099        20.7312         18.144       -1639.22     /gpfs/hpu/EHT2/IHARM_inc-5/MAD_a+0.94_384x192x192_IHARM/m_1_1_160/image_a+0.94_0001_168_0_230.e9_6.2e9_1.76917e+25_160.dat
         2       0.708919        4.16326         180.02        11.8162        13.6666        12.6349       -1192.63     /gpfs/hpu/EHT2/IHARM_inc-5/MAD_a+0.94_384x192x192_IHARM/m_1_1_160/image_a+0.94_0002_168_0_230.e9_6.2e9_1.76917e+25_160.dat
         3       0.637273        4.28538        190.749        14.0321         22.426        18.6384       -1556.15     /gpfs/hpu/EHT2/IHARM_inc-5/MAD_a+0.94_384x192x192_IHARM/m_1_1_160/image_a+0.94_0003_168_0_230.e9_6.2e9_1.76917e+25_160.dat
         4       0.395405        3.65925        83.1819         19.302        22.9924        21.0309       -1694.55     /gpfs/hpu/EHT2/IHARM_inc-5/MAD_a+0.94_384x192x192_IHARM/m_1_1_160/image_a+0.94_0004_168_0_230.e9_6.2e9_1.76917e+25_160.dat
         5       0.484116        3.75027        80.3877        4.50945        13.6308        9.75711       -920.596     /gpfs/hpu/EHT2/IHARM_inc-5/MAD_a+0.94_384x192x192_IHARM/m_1_1_160/image_a+0.94_0005_168_0_230.e9_6.2e9_1.76917e+25_160.dat
         6       0.515342        3.84528        98.8039        14.6992        15.1434        14.6282       -1280.27     /gpfs/hpu/EHT2/IHARM_inc-5/MAD_a+0.94_384x192x192_IHARM/m_1_1_160/image_a+0.94_0006_168_0_230.e9_6.2e9_1.76917e+25_160.dat
         7       0.764259        3.68299        196.629        10.4196        19.4152        15.4602       -1376.55     /gpfs/hpu/EHT2/IHARM_inc-5/MAD_a+0.94_384x192x192_IHARM/m_1_1_160/image_a+0.94_0007_168_0_230.e9_6.2e9_1.76917e+25_160.dat
         8       0.476418         3.5794        180.379        20.6708        14.7406        16.7266        -1402.3     /gpfs/hpu/EHT2/IHARM_inc-5/MAD_a+0.94_384x192x192_IHARM/m_1_1_160/image_a+0.94_0008_168_0_230.e9_6.2e9_1.76917e+25_160.dat
         9       0.529999        3.78815        77.9741        14.1895        28.6313        22.3391       -1777.33     /gpfs/hpu/EHT2/IHARM_inc-5/MAD_a+0.94_384x192x192_IHARM/m_1_1_160/image_a+0.94_0009_168_0_230.e9_6.2e9_1.76917e+25_160.dat
        10       0.580563        3.93309        196.473        9.97901        19.8985        15.5713       -1367.72     /gpfs/hpu/EHT2/IHARM_inc-5/MAD_a+0.94_384x192x192_IHARM/m_1_1_160/image_a+0.94_0010_168_0_230.e9_6.2e9_1.76917e+25_160.dat
        11        0.60846        3.89708        95.7485         13.164        15.5265        14.2526       -1241.33     /gpfs/hpu/EHT2/IHARM_inc-5/MAD_a+0.94_384x192x192_IHARM/m_1_1_160/image_a+0.94_0011_168_0_230.e9_6.2e9_1.76917e+25_160.dat
        12        0.58119          3.999        122.685        8.35331         8.1912        8.06982       -810.803     /gpfs/hpu/EHT2/IHARM_inc-5/MAD_a+0.94_384x192x192_IHARM/m_1_1_160/image_a+0.94_0012_168_0_230.e9_6.2e9_1.76917e+25_160.dat
        13       0.600031        3.56479        103.554         7.9903        15.3907        12.1502       -1135.97     /gpfs/hpu/EHT2/IHARM_inc-5/MAD_a+0.94_384x192x192_IHARM/m_1_1_160/image_a+0.94_0013_168_0_230.e9_6.2e9_1.76917e+25_160.dat
        14       0.558138        3.75725        153.023        10.4773        10.3416        10.1614       -943.955     /gpfs/hpu/EHT2/IHARM_inc-5/MAD_a+0.94_384x192x192_IHARM/m_1_1_160/image_a+0.94_0014_168_0_230.e9_6.2e9_1.76917e+25_160.dat
        15       0.495184        3.81738        115.955        6.93502        11.6111        9.52096       -914.952     /gpfs/hpu/EHT2/IHARM_inc-5/MAD_a+0.94_384x192x192_IHARM/m_1_1_160/image_a+0.94_0015_168_0_230.e9_6.2e9_1.76917e+25_160.dat
        16       0.616772        3.90088        193.389        12.1728        16.4985        14.4351       -1282.02     /gpfs/hpu/EHT2/IHARM_inc-5/MAD_a+0.94_384x192x192_IHARM/m_1_1_160/image_a+0.94_0016_168_0_230.e9_6.2e9_1.76917e+25_160.dat
        17       0.525675        3.81762        136.953        15.0171        14.9995        14.6681       -1273.29     /gpfs/hpu/EHT2/IHARM_inc-5/MAD_a+0.94_384x192x192_IHARM/m_1_1_160/image_a+0.94_0017_168_0_230.e9_6.2e9_1.76917e+25_160.dat
        18       0.640928        4.10105        73.2187        11.1678        11.8081        11.2914       -1058.79     /gpfs/hpu/EHT2/IHARM_inc-5/MAD_a+0.94_384x192x192_IHARM/m_1_1_160/image_a+0.94_0018_168_0_230.e9_6.2e9_1.76917e+25_160.dat
        19       0.631515        4.17037        140.395        6.29182        8.67662         7.5485       -824.119     /gpfs/hpu/EHT2/IHARM_inc-5/MAD_a+0.94_384x192x192_IHARM/m_1_1_160/image_a+0.94_0019_168_0_230.e9_6.2e9_1.76917e+25_160.dat
        20       0.674913        3.63403        100.221        14.5113        7.74603        10.2164       -960.282     /gpfs/hpu/EHT2/IHARM_inc-5/MAD_a+0.94_384x192x192_IHARM/m_1_1_160/image_a+0.94_0020_168_0_230.e9_6.2e9_1.76917e+25_160.dat
        21       0.534116        3.59173        107.517        15.4159          13.74        14.0853       -1219.42     /gpfs/hpu/EHT2/IHARM_inc-5/MAD_a+0.94_384x192x192_IHARM/m_1_1_160/image_a+0.94_0021_168_0_230.e9_6.2e9_1.76917e+25_160.dat
        22       0.521402        3.71591        136.756        6.98898        14.3747        11.1628       -1020.44     /gpfs/hpu/EHT2/IHARM_inc-5/MAD_a+0.94_384x192x192_IHARM/m_1_1_160/image_a+0.94_0022_168_0_230.e9_6.2e9_1.76917e+25_160.dat
        23       0.573784        3.54664        130.063        11.0166        16.5059        13.9874        -1243.5     /gpfs/hpu/EHT2/IHARM_inc-5/MAD_a+0.94_384x192x192_IHARM/m_1_1_160/image_a+0.94_0023_168_0_230.e9_6.2e9_1.76917e+25_160.dat
        24       0.552848        3.53182        106.679        17.1698        14.5938        15.2718       -1306.02     /gpfs/hpu/EHT2/IHARM_inc-5/MAD_a+0.94_384x192x192_IHARM/m_1_1_160/image_a+0.94_0024_168_0_230.e9_6.2e9_1.76917e+25_160.dat
        25        0.56479        3.55001        100.144        10.9657        11.8335        11.2273       -1047.29     /gpfs/hpu/EHT2/IHARM_inc-5/MAD_a+0.94_384x192x192_IHARM/m_1_1_160/image_a+0.94_0025_168_0_230.e9_6.2e9_1.76917e+25_160.dat
        26       0.814844        3.79464        148.909        12.5972        32.2211        23.8218       -1917.27     /gpfs/hpu/EHT2/IHARM_inc-5/MAD_a+0.94_384x192x192_IHARM/m_1_1_160/image_a+0.94_0026_168_0_230.e9_6.2e9_1.76917e+25_160.dat
        27        0.68025        4.03593       -9.95252        6.62796         16.854        12.4757       -1099.98     /gpfs/hpu/EHT2/IHARM_inc-5/MAD_a+0.94_384x192x192_IHARM/m_1_1_160/image_a+0.94_0027_168_0_230.e9_6.2e9_1.76917e+25_160.dat
        28       0.650778        3.88622       -287.489        18.0815        14.5041        15.5756        -1330.4     /gpfs/hpu/EHT2/IHARM_inc-5/MAD_a+0.94_384x192x192_IHARM/m_1_1_160/image_a+0.94_0028_168_0_230.e9_6.2e9_1.76917e+25_160.dat
        29       0.647265        3.93974       -286.651        12.9299        18.0212        15.6241       -1369.06     /gpfs/hpu/EHT2/IHARM_inc-5/MAD_a+0.94_384x192x192_IHARM/m_1_1_160/image_a+0.94_0029_168_0_230.e9_6.2e9_1.76917e+25_160.dat
        30        0.60662        3.88342       -281.436        10.7498        20.2375        16.0716       -1345.13     /gpfs/hpu/EHT2/IHARM_inc-5/MAD_a+0.94_384x192x192_IHARM/m_1_1_160/image_a+0.94_0030_168_0_230.e9_6.2e9_1.76917e+25_160.dat
        31       0.552747        3.71783       -212.269        8.42733        8.15049        8.07488        -838.72     /gpfs/hpu/EHT2/IHARM_inc-5/MAD_a+0.94_384x192x192_IHARM/m_1_1_160/image_a+0.94_0031_168_0_230.e9_6.2e9_1.76917e+25_160.dat
        32        1.05237        3.86234       -179.709         48.298        25.7164        33.9652        -2677.6     /gpfs/hpu/EHT2/IHARM_inc-5/MAD_a+0.94_384x192x192_IHARM/m_1_1_160/image_a+0.94_0032_168_0_230.e9_6.2e9_1.76917e+25_160.dat
        33         1.0079        3.75891        -205.85        34.1998        16.0741        22.7983       -1939.88     /gpfs/hpu/EHT2/IHARM_inc-5/MAD_a+0.94_384x192x192_IHARM/m_1_1_160/image_a+0.94_0033_168_0_230.e9_6.2e9_1.76917e+25_160.dat
        34        1.06447        4.01353       -322.807        16.8538        25.3762        21.4717       -1838.82     /gpfs/hpu/EHT2/IHARM_inc-5/MAD_a+0.94_384x192x192_IHARM/m_1_1_160/image_a+0.94_0034_168_0_230.e9_6.2e9_1.76917e+25_160.dat
        35       0.486745        3.95348       -229.569        2.32466        5.07923        3.88769       -529.844     /gpfs/hpu/EHT2/IHARM_inc-5/MAD_a+0.94_384x192x192_IHARM/m_1_1_160/image_a+0.94_0035_168_0_230.e9_6.2e9_1.76917e+25_160.dat
        36       0.508367         3.7507       -251.388        7.02465        8.35701        7.64758        -784.01     /gpfs/hpu/EHT2/IHARM_inc-5/MAD_a+0.94_384x192x192_IHARM/m_1_1_160/image_a+0.94_0036_168_0_230.e9_6.2e9_1.76917e+25_160.dat
        37       0.512649        3.67501       -243.177        27.1151        7.15255        14.7961        -1284.8     /gpfs/hpu/EHT2/IHARM_inc-5/MAD_a+0.94_384x192x192_IHARM/m_1_1_160/image_a+0.94_0037_168_0_230.e9_6.2e9_1.76917e+25_160.dat
        38         0.6606        4.36919       -178.166        31.4888        14.6577        20.9076       -1701.55     /gpfs/hpu/EHT2/IHARM_inc-5/MAD_a+0.94_384x192x192_IHARM/m_1_1_160/image_a+0.94_0038_168_0_230.e9_6.2e9_1.76917e+25_160.dat
        39       0.774148        4.03653        -244.57        9.70121        9.86673        9.57946       -993.679     /gpfs/hpu/EHT2/IHARM_inc-5/MAD_a+0.94_384x192x192_IHARM/m_1_1_160/image_a+0.94_0039_168_0_230.e9_6.2e9_1.76917e+25_160.dat
        40       0.675543        3.93909       -246.706        9.13726        6.05993        7.12641       -815.257     /gpfs/hpu/EHT2/IHARM_inc-5/MAD_a+0.94_384x192x192_IHARM/m_1_1_160/image_a+0.94_0040_168_0_230.e9_6.2e9_1.76917e+25_160.dat
        41       0.807487         4.3316        -207.37        28.0186        17.3525        21.1313       -1729.26     /gpfs/hpu/EHT2/IHARM_inc-5/MAD_a+0.94_384x192x192_IHARM/m_1_1_160/image_a+0.94_0041_168_0_230.e9_6.2e9_1.76917e+25_160.dat
        42       0.655038        3.54767       -289.494        15.8365        64.0674        43.7651       -3551.37     /gpfs/hpu/EHT2/IHARM_inc-5/MAD_a+0.94_384x192x192_IHARM/m_1_1_160/image_a+0.94_0042_168_0_230.e9_6.2e9_1.76917e+25_160.dat
        43       0.462241        3.91175       -204.007         15.767        15.7511         15.402       -1315.29     /gpfs/hpu/EHT2/IHARM_inc-5/MAD_a+0.94_384x192x192_IHARM/m_1_1_160/image_a+0.94_0043_168_0_230.e9_6.2e9_1.76917e+25_160.dat
        44       0.569569        4.14678        -220.01        15.9161        9.35861        11.7113       -1068.94     /gpfs/hpu/EHT2/IHARM_inc-5/MAD_a+0.94_384x192x192_IHARM/m_1_1_160/image_a+0.94_0044_168_0_230.e9_6.2e9_1.76917e+25_160.dat
        45       0.606734         3.9953       -243.217        11.1907        21.8563        17.1933       -1457.92     /gpfs/hpu/EHT2/IHARM_inc-5/MAD_a+0.94_384x192x192_IHARM/m_1_1_160/image_a+0.94_0045_168_0_230.e9_6.2e9_1.76917e+25_160.dat
        46       0.825052        3.57141       -148.784         16.545        23.5882        20.3024       -1792.11     /gpfs/hpu/EHT2/IHARM_inc-5/MAD_a+0.94_384x192x192_IHARM/m_1_1_160/image_a+0.94_0046_168_0_230.e9_6.2e9_1.76917e+25_160.dat
        47        0.56926        4.02048       -156.825        12.4885        17.2304        14.9878       -1327.79     /gpfs/hpu/EHT2/IHARM_inc-5/MAD_a+0.94_384x192x192_IHARM/m_1_1_160/image_a+0.94_0047_168_0_230.e9_6.2e9_1.76917e+25_160.dat
        48       0.792025        3.89309        104.507        42.3051         41.066        40.6242       -3074.96     /gpfs/hpu/EHT2/IHARM_inc-5/MAD_a+0.94_384x192x192_IHARM/m_1_1_160/image_a+0.94_0048_168_0_230.e9_6.2e9_1.76917e+25_160.dat
        49       0.867876        4.40588        83.8054        18.2244        10.9211        13.5302       -1221.59     /gpfs/hpu/EHT2/IHARM_inc-5/MAD_a+0.94_384x192x192_IHARM/m_1_1_160/image_a+0.94_0049_168_0_230.e9_6.2e9_1.76917e+25_160.dat
        50        0.58241        4.10648        86.1964        9.03355        9.70052        9.22094       -907.906     /gpfs/hpu/EHT2/IHARM_inc-5/MAD_a+0.94_384x192x192_IHARM/m_1_1_160/image_a+0.94_0050_168_0_230.e9_6.2e9_1.76917e+25_160.dat
        51       0.596277         3.8844        137.731        9.35884        12.1881         10.807       -1061.89     /gpfs/hpu/EHT2/IHARM_inc-5/MAD_a+0.94_384x192x192_IHARM/m_1_1_160/image_a+0.94_0051_168_0_230.e9_6.2e9_1.76917e+25_160.dat
        52        0.57654        3.81792        113.256        14.7951        24.9007         20.388       -1721.33     /gpfs/hpu/EHT2/IHARM_inc-5/MAD_a+0.94_384x192x192_IHARM/m_1_1_160/image_a+0.94_0052_168_0_230.e9_6.2e9_1.76917e+25_160.dat
        53       0.758217        4.71929        138.742        33.3914        27.1934        29.0033       -2510.07     /gpfs/hpu/EHT2/IHARM_inc-5/MAD_a+0.94_384x192x192_IHARM/m_1_1_160/image_a+0.94_0053_168_0_230.e9_6.2e9_1.76917e+25_160.dat
        54        1.00211        4.50091        129.008        16.7175        16.8836        16.4378       -1451.89     /gpfs/hpu/EHT2/IHARM_inc-5/MAD_a+0.94_384x192x192_IHARM/m_1_1_160/image_a+0.94_0054_168_0_230.e9_6.2e9_1.76917e+25_160.dat
        55       0.550184        3.85686        50.1173        14.4114        3.89252        7.91738       -800.202     /gpfs/hpu/EHT2/IHARM_inc-5/MAD_a+0.94_384x192x192_IHARM/m_1_1_160/image_a+0.94_0055_168_0_230.e9_6.2e9_1.76917e+25_160.dat
        56       0.952561        4.22608        61.1239        3.71987        6.36295        5.18604       -720.824     /gpfs/hpu/EHT2/IHARM_inc-5/MAD_a+0.94_384x192x192_IHARM/m_1_1_160/image_a+0.94_0056_168_0_230.e9_6.2e9_1.76917e+25_160.dat
        57       0.552682        4.36404       -253.949        8.67786        17.0179        13.3732       -1176.31     /gpfs/hpu/EHT2/IHARM_inc-5/MAD_a+0.94_384x192x192_IHARM/m_1_1_160/image_a+0.94_0057_168_0_230.e9_6.2e9_1.76917e+25_160.dat
        58       0.591575        3.83764       -200.156        17.1176        11.8517        13.6432       -1237.55     /gpfs/hpu/EHT2/IHARM_inc-5/MAD_a+0.94_384x192x192_IHARM/m_1_1_160/image_a+0.94_0058_168_0_230.e9_6.2e9_1.76917e+25_160.dat
        59        0.51498        3.79747       -214.918        9.82595        20.4755        15.8499       -1384.53     /gpfs/hpu/EHT2/IHARM_inc-5/MAD_a+0.94_384x192x192_IHARM/m_1_1_160/image_a+0.94_0059_168_0_230.e9_6.2e9_1.76917e+25_160.dat
        60       0.457255        4.03599       -190.096        17.6614        7.61116        11.3689       -1064.92     /gpfs/hpu/EHT2/IHARM_inc-5/MAD_a+0.94_384x192x192_IHARM/m_1_1_160/image_a+0.94_0060_168_0_230.e9_6.2e9_1.76917e+25_160.dat
        61        0.55195        3.87384       -203.112        18.2673        8.57405        12.1705       -1136.04     /gpfs/hpu/EHT2/IHARM_inc-5/MAD_a+0.94_384x192x192_IHARM/m_1_1_160/image_a+0.94_0061_168_0_230.e9_6.2e9_1.76917e+25_160.dat
        62       0.724446        3.85067       -196.994        22.0235        15.7148        17.8269        -1561.5     /gpfs/hpu/EHT2/IHARM_inc-5/MAD_a+0.94_384x192x192_IHARM/m_1_1_160/image_a+0.94_0062_168_0_230.e9_6.2e9_1.76917e+25_160.dat
        63       0.458753        3.58615       -130.427        16.3739        10.7919        12.7309       -1155.09     /gpfs/hpu/EHT2/IHARM_inc-5/MAD_a+0.94_384x192x192_IHARM/m_1_1_160/image_a+0.94_0063_168_0_230.e9_6.2e9_1.76917e+25_160.dat
        64       0.697174        3.91377        150.449        5.81972        8.96606        7.53367       -840.902     /gpfs/hpu/EHT2/IHARM_inc-5/MAD_a+0.94_384x192x192_IHARM/m_1_1_160/image_a+0.94_0064_168_0_230.e9_6.2e9_1.76917e+25_160.dat
        65       0.657666        4.19803        150.855        9.27883        8.44524        8.58066       -854.213     /gpfs/hpu/EHT2/IHARM_inc-5/MAD_a+0.94_384x192x192_IHARM/m_1_1_160/image_a+0.94_0065_168_0_230.e9_6.2e9_1.76917e+25_160.dat
        66       0.678451        3.61858        162.806        9.84161        5.09316        6.83481       -742.242     /gpfs/hpu/EHT2/IHARM_inc-5/MAD_a+0.94_384x192x192_IHARM/m_1_1_160/image_a+0.94_0066_168_0_230.e9_6.2e9_1.76917e+25_160.dat
        67       0.563858        3.59872        185.231        9.75443        7.10286        7.97935       -825.695     /gpfs/hpu/EHT2/IHARM_inc-5/MAD_a+0.94_384x192x192_IHARM/m_1_1_160/image_a+0.94_0067_168_0_230.e9_6.2e9_1.76917e+25_160.dat
        68       0.674984        3.73814        227.991        19.4009        14.2928        15.9675       -1394.71     /gpfs/hpu/EHT2/IHARM_inc-5/MAD_a+0.94_384x192x192_IHARM/m_1_1_160/image_a+0.94_0068_168_0_230.e9_6.2e9_1.76917e+25_160.dat
        69       0.511083        3.52386        146.517        17.4429        21.0127         19.143       -1583.81     /gpfs/hpu/EHT2/IHARM_inc-5/MAD_a+0.94_384x192x192_IHARM/m_1_1_160/image_a+0.94_0069_168_0_230.e9_6.2e9_1.76917e+25_160.dat
        70       0.575614        4.02677         113.93        16.4741        14.9069        15.1834       -1290.98     /gpfs/hpu/EHT2/IHARM_inc-5/MAD_a+0.94_384x192x192_IHARM/m_1_1_160/image_a+0.94_0070_168_0_230.e9_6.2e9_1.76917e+25_160.dat
        71       0.640748        4.19927        125.027        24.5115        18.0114        20.1465       -1643.15     /gpfs/hpu/EHT2/IHARM_inc-5/MAD_a+0.94_384x192x192_IHARM/m_1_1_160/image_a+0.94_0071_168_0_230.e9_6.2e9_1.76917e+25_160.dat
        72          1.149        4.15882        36.8973        12.4201        44.5377        30.9758       -2472.46     /gpfs/hpu/EHT2/IHARM_inc-5/MAD_a+0.94_384x192x192_IHARM/m_1_1_160/image_a+0.94_0072_168_0_230.e9_6.2e9_1.76917e+25_160.dat
        73       0.844165         3.7482        173.065        8.33585        19.2383        14.5418       -1370.51     /gpfs/hpu/EHT2/IHARM_inc-5/MAD_a+0.94_384x192x192_IHARM/m_1_1_160/image_a+0.94_0073_168_0_230.e9_6.2e9_1.76917e+25_160.dat
        74       0.520948        4.16412        154.556        24.6054        15.1834        18.5247       -1508.63     /gpfs/hpu/EHT2/IHARM_inc-5/MAD_a+0.94_384x192x192_IHARM/m_1_1_160/image_a+0.94_0074_168_0_230.e9_6.2e9_1.76917e+25_160.dat
        75       0.524069        3.88531        125.795        21.3051         21.503        20.9406       -1696.74     /gpfs/hpu/EHT2/IHARM_inc-5/MAD_a+0.94_384x192x192_IHARM/m_1_1_160/image_a+0.94_0075_168_0_230.e9_6.2e9_1.76917e+25_160.dat
        76        1.03293        3.62478        57.8266        16.8788        67.1478        45.9791       -3566.62     /gpfs/hpu/EHT2/IHARM_inc-5/MAD_a+0.94_384x192x192_IHARM/m_1_1_160/image_a+0.94_0076_168_0_230.e9_6.2e9_1.76917e+25_160.dat
        77       0.682993        3.51476        190.449        12.4982        21.3315        17.3967       -1553.44     /gpfs/hpu/EHT2/IHARM_inc-5/MAD_a+0.94_384x192x192_IHARM/m_1_1_160/image_a+0.94_0077_168_0_230.e9_6.2e9_1.76917e+25_160.dat
        78       0.729638        4.49944        112.806        8.59762        37.0717        25.1028       -1969.97     /gpfs/hpu/EHT2/IHARM_inc-5/MAD_a+0.94_384x192x192_IHARM/m_1_1_160/image_a+0.94_0078_168_0_230.e9_6.2e9_1.76917e+25_160.dat
        79        0.83847        3.86394        67.3614        9.56134        49.6788        32.8732       -2559.18     /gpfs/hpu/EHT2/IHARM_inc-5/MAD_a+0.94_384x192x192_IHARM/m_1_1_160/image_a+0.94_0079_168_0_230.e9_6.2e9_1.76917e+25_160.dat
        80        1.26436        4.06082        70.2333        18.4998        9.50818        12.8092        -1276.7     /gpfs/hpu/EHT2/IHARM_inc-5/MAD_a+0.94_384x192x192_IHARM/m_1_1_160/image_a+0.94_0080_168_0_230.e9_6.2e9_1.76917e+25_160.dat
        81        0.79654        4.40292        218.095        29.3732        19.3767        22.8481       -1895.57     /gpfs/hpu/EHT2/IHARM_inc-5/MAD_a+0.94_384x192x192_IHARM/m_1_1_160/image_a+0.94_0081_168_0_230.e9_6.2e9_1.76917e+25_160.dat
        82       0.637785        4.18639        204.071        13.5322        13.2759        13.0767       -1232.52     /gpfs/hpu/EHT2/IHARM_inc-5/MAD_a+0.94_384x192x192_IHARM/m_1_1_160/image_a+0.94_0082_168_0_230.e9_6.2e9_1.76917e+25_160.dat
        83       0.444372        3.64812        139.817        12.1285        13.1219        12.4375       -1117.44     /gpfs/hpu/EHT2/IHARM_inc-5/MAD_a+0.94_384x192x192_IHARM/m_1_1_160/image_a+0.94_0083_168_0_230.e9_6.2e9_1.76917e+25_160.dat
        84       0.497893        3.97844        123.048        7.41107        6.90703         6.9483       -737.502     /gpfs/hpu/EHT2/IHARM_inc-5/MAD_a+0.94_384x192x192_IHARM/m_1_1_160/image_a+0.94_0084_168_0_230.e9_6.2e9_1.76917e+25_160.dat
        85       0.458494        3.49307        123.972        10.3129        7.05499        8.16961       -816.182     /gpfs/hpu/EHT2/IHARM_inc-5/MAD_a+0.94_384x192x192_IHARM/m_1_1_160/image_a+0.94_0085_168_0_230.e9_6.2e9_1.76917e+25_160.dat
        86       0.498564        3.77938         133.26        11.9528        8.94525        9.91938       -930.639     /gpfs/hpu/EHT2/IHARM_inc-5/MAD_a+0.94_384x192x192_IHARM/m_1_1_160/image_a+0.94_0086_168_0_230.e9_6.2e9_1.76917e+25_160.dat
        87       0.625784        3.81169        123.501         15.022        19.4012        17.2514       -1519.64     /gpfs/hpu/EHT2/IHARM_inc-5/MAD_a+0.94_384x192x192_IHARM/m_1_1_160/image_a+0.94_0087_168_0_230.e9_6.2e9_1.76917e+25_160.dat
        88        0.79039        3.75413       -63.0243        12.5766        48.4839        33.3513       -2686.59     /gpfs/hpu/EHT2/IHARM_inc-5/MAD_a+0.94_384x192x192_IHARM/m_1_1_160/image_a+0.94_0088_168_0_230.e9_6.2e9_1.76917e+25_160.dat
        89       0.603828        5.36661        139.498        64.3867        77.7679         70.782       -9894.86     /gpfs/hpu/EHT2/IHARM_inc-5/MAD_a+0.94_384x192x192_IHARM/m_1_1_160/image_a+0.94_0089_168_0_230.e9_6.2e9_1.76917e+25_160.dat
        90       0.489545        3.71326        155.962        22.8587        24.4347        23.2674       -1826.46     /gpfs/hpu/EHT2/IHARM_inc-5/MAD_a+0.94_384x192x192_IHARM/m_1_1_160/image_a+0.94_0090_168_0_230.e9_6.2e9_1.76917e+25_160.dat
        91       0.974319        3.88587        154.389        14.0664        38.8198        28.2661       -2293.09     /gpfs/hpu/EHT2/IHARM_inc-5/MAD_a+0.94_384x192x192_IHARM/m_1_1_160/image_a+0.94_0091_168_0_230.e9_6.2e9_1.76917e+25_160.dat
        92       0.510982        3.92832        192.461        19.1092        14.4936        15.9713       -1359.95     /gpfs/hpu/EHT2/IHARM_inc-5/MAD_a+0.94_384x192x192_IHARM/m_1_1_160/image_a+0.94_0092_168_0_230.e9_6.2e9_1.76917e+25_160.dat
        93       0.518193        4.17778         165.09        22.8344        12.2062        16.0862       -1364.38     /gpfs/hpu/EHT2/IHARM_inc-5/MAD_a+0.94_384x192x192_IHARM/m_1_1_160/image_a+0.94_0093_168_0_230.e9_6.2e9_1.76917e+25_160.dat
        94       0.542005        3.74934        142.718         18.918        16.5737        17.1164       -1418.66     /gpfs/hpu/EHT2/IHARM_inc-5/MAD_a+0.94_384x192x192_IHARM/m_1_1_160/image_a+0.94_0094_168_0_230.e9_6.2e9_1.76917e+25_160.dat
        95       0.414282        3.96643        125.751        8.13736        8.35502        8.08146       -812.794     /gpfs/hpu/EHT2/IHARM_inc-5/MAD_a+0.94_384x192x192_IHARM/m_1_1_160/image_a+0.94_0095_168_0_230.e9_6.2e9_1.76917e+25_160.dat
        96       0.485327        3.96815        103.788        5.26465         4.6081        4.76085       -589.603     /gpfs/hpu/EHT2/IHARM_inc-5/MAD_a+0.94_384x192x192_IHARM/m_1_1_160/image_a+0.94_0096_168_0_230.e9_6.2e9_1.76917e+25_160.dat
        97       0.641059        3.82558         106.18        19.8759        8.24709        12.6077       -1166.34     /gpfs/hpu/EHT2/IHARM_inc-5/MAD_a+0.94_384x192x192_IHARM/m_1_1_160/image_a+0.94_0097_168_0_230.e9_6.2e9_1.76917e+25_160.dat
        98       0.553822        4.14606        117.098         10.978        15.4551        13.3561       -1175.48     /gpfs/hpu/EHT2/IHARM_inc-5/MAD_a+0.94_384x192x192_IHARM/m_1_1_160/image_a+0.94_0098_168_0_230.e9_6.2e9_1.76917e+25_160.dat
        99       0.570904        3.75792        172.429        4.82581        6.65654        5.79062       -715.476     /gpfs/hpu/EHT2/IHARM_inc-5/MAD_a+0.94_384x192x192_IHARM/m_1_1_160/image_a+0.94_0099_168_0_230.e9_6.2e9_1.76917e+25_160.dat
