   # Index         I (Jy)      M/D (uas)       PA (deg)  VA red. chisq  CP red. chisq     red. chisq     log-liklhd     FileName
         0        1.04638        4.15847         16.343        7.42061        34.0006        22.3231       -2826.85     /gpfs/hpu/EHT2/IHARM_inc-5/MAD_a+0.94_384x192x192_IHARM/m_1_1_40/image_a+0.94_0000_168_0_230.e9_6.2e9_9.60142e+24_40.dat
         1       0.677276        4.14683       -280.863        19.3768        38.6734        29.9677        -3083.9     /gpfs/hpu/EHT2/IHARM_inc-5/MAD_a+0.94_384x192x192_IHARM/m_1_1_40/image_a+0.94_0001_168_0_230.e9_6.2e9_9.60142e+24_40.dat
         2       0.760105        4.23916       -174.823         10.559        23.3767        17.6317       -1969.71     /gpfs/hpu/EHT2/IHARM_inc-5/MAD_a+0.94_384x192x192_IHARM/m_1_1_40/image_a+0.94_0002_168_0_230.e9_6.2e9_9.60142e+24_40.dat
         3        0.74685         4.1101         -193.2        9.50092        13.7907        11.7707       -1425.43     /gpfs/hpu/EHT2/IHARM_inc-5/MAD_a+0.94_384x192x192_IHARM/m_1_1_40/image_a+0.94_0003_168_0_230.e9_6.2e9_9.60142e+24_40.dat
         4       0.514095        4.04867       -192.198        7.43577        17.5976        13.0582       -1503.71     /gpfs/hpu/EHT2/IHARM_inc-5/MAD_a+0.94_384x192x192_IHARM/m_1_1_40/image_a+0.94_0004_168_0_230.e9_6.2e9_9.60142e+24_40.dat
         5       0.551294        3.82513       -273.019        14.6835        14.1908        14.1656       -1606.92     /gpfs/hpu/EHT2/IHARM_inc-5/MAD_a+0.94_384x192x192_IHARM/m_1_1_40/image_a+0.94_0005_168_0_230.e9_6.2e9_9.60142e+24_40.dat
         6       0.660618        4.29483       -300.063        5.50054         16.189        11.4522       -1375.92     /gpfs/hpu/EHT2/IHARM_inc-5/MAD_a+0.94_384x192x192_IHARM/m_1_1_40/image_a+0.94_0006_168_0_230.e9_6.2e9_9.60142e+24_40.dat
         7       0.549664        3.88332       -166.995        8.80372        24.4443        17.5005       -1941.86     /gpfs/hpu/EHT2/IHARM_inc-5/MAD_a+0.94_384x192x192_IHARM/m_1_1_40/image_a+0.94_0007_168_0_230.e9_6.2e9_9.60142e+24_40.dat
         8       0.500412        3.89896       -181.663        11.5959         31.216        22.4964       -2385.41     /gpfs/hpu/EHT2/IHARM_inc-5/MAD_a+0.94_384x192x192_IHARM/m_1_1_40/image_a+0.94_0008_168_0_230.e9_6.2e9_9.60142e+24_40.dat
         9       0.526195        3.96778       -277.439        14.3846        9.26863        11.2584       -1341.76     /gpfs/hpu/EHT2/IHARM_inc-5/MAD_a+0.94_384x192x192_IHARM/m_1_1_40/image_a+0.94_0009_168_0_230.e9_6.2e9_9.60142e+24_40.dat
        10       0.590771        4.04703       -295.165        13.3153         13.245        13.0585       -1523.26     /gpfs/hpu/EHT2/IHARM_inc-5/MAD_a+0.94_384x192x192_IHARM/m_1_1_40/image_a+0.94_0010_168_0_230.e9_6.2e9_9.60142e+24_40.dat
        11       0.562376        3.92937       -311.887        8.80538        13.9478        11.5684       -1417.24     /gpfs/hpu/EHT2/IHARM_inc-5/MAD_a+0.94_384x192x192_IHARM/m_1_1_40/image_a+0.94_0011_168_0_230.e9_6.2e9_9.60142e+24_40.dat
        12       0.579744        4.11486       -223.826        8.94799        20.3382        15.2401       -1732.24     /gpfs/hpu/EHT2/IHARM_inc-5/MAD_a+0.94_384x192x192_IHARM/m_1_1_40/image_a+0.94_0012_168_0_230.e9_6.2e9_9.60142e+24_40.dat
        13       0.649143        3.76005        -210.18        27.9888        17.1403        21.4007       -2334.18     /gpfs/hpu/EHT2/IHARM_inc-5/MAD_a+0.94_384x192x192_IHARM/m_1_1_40/image_a+0.94_0013_168_0_230.e9_6.2e9_9.60142e+24_40.dat
        14       0.615836        3.98557       -261.781        18.4168         12.183        14.5931       -1653.99     /gpfs/hpu/EHT2/IHARM_inc-5/MAD_a+0.94_384x192x192_IHARM/m_1_1_40/image_a+0.94_0014_168_0_230.e9_6.2e9_9.60142e+24_40.dat
        15       0.537353        3.91039       -282.701        18.7862        20.4281         19.408       -2087.38     /gpfs/hpu/EHT2/IHARM_inc-5/MAD_a+0.94_384x192x192_IHARM/m_1_1_40/image_a+0.94_0015_168_0_230.e9_6.2e9_9.60142e+24_40.dat
        16       0.635458         4.3145       -180.325        8.09899        17.4295        13.2407       -1543.04     /gpfs/hpu/EHT2/IHARM_inc-5/MAD_a+0.94_384x192x192_IHARM/m_1_1_40/image_a+0.94_0016_168_0_230.e9_6.2e9_9.60142e+24_40.dat
        17       0.587417        3.92343       -219.421        10.1694        20.1308        15.6339       -1752.95     /gpfs/hpu/EHT2/IHARM_inc-5/MAD_a+0.94_384x192x192_IHARM/m_1_1_40/image_a+0.94_0017_168_0_230.e9_6.2e9_9.60142e+24_40.dat
        18       0.689838        4.36826       -301.731        11.2803        45.8207        30.6192       -3240.18     /gpfs/hpu/EHT2/IHARM_inc-5/MAD_a+0.94_384x192x192_IHARM/m_1_1_40/image_a+0.94_0018_168_0_230.e9_6.2e9_9.60142e+24_40.dat
        19       0.538091         4.2965       -200.725        3.86887        11.8014        8.28939       -1056.63     /gpfs/hpu/EHT2/IHARM_inc-5/MAD_a+0.94_384x192x192_IHARM/m_1_1_40/image_a+0.94_0019_168_0_230.e9_6.2e9_9.60142e+24_40.dat
        20       0.595613        4.09931       -244.781        4.95994        9.40579        7.39194       -966.665     /gpfs/hpu/EHT2/IHARM_inc-5/MAD_a+0.94_384x192x192_IHARM/m_1_1_40/image_a+0.94_0020_168_0_230.e9_6.2e9_9.60142e+24_40.dat
        21       0.627385        4.33966       -206.566        7.44466        19.0759        13.8974       -1593.32     /gpfs/hpu/EHT2/IHARM_inc-5/MAD_a+0.94_384x192x192_IHARM/m_1_1_40/image_a+0.94_0021_168_0_230.e9_6.2e9_9.60142e+24_40.dat
        22       0.559113        3.98929       -227.696          4.468        17.2889        11.6417       -1386.26     /gpfs/hpu/EHT2/IHARM_inc-5/MAD_a+0.94_384x192x192_IHARM/m_1_1_40/image_a+0.94_0022_168_0_230.e9_6.2e9_9.60142e+24_40.dat
        23       0.655073        4.12172       -338.904        9.51293        20.5165        15.5773       -1773.28     /gpfs/hpu/EHT2/IHARM_inc-5/MAD_a+0.94_384x192x192_IHARM/m_1_1_40/image_a+0.94_0023_168_0_230.e9_6.2e9_9.60142e+24_40.dat
        24       0.835884        4.08707       -223.023        6.85717        21.4236        14.9786       -1767.47     /gpfs/hpu/EHT2/IHARM_inc-5/MAD_a+0.94_384x192x192_IHARM/m_1_1_40/image_a+0.94_0024_168_0_230.e9_6.2e9_9.60142e+24_40.dat
        25       0.729326         4.3055       -2.09442        2.96418        12.3774        8.23639        -1086.1     /gpfs/hpu/EHT2/IHARM_inc-5/MAD_a+0.94_384x192x192_IHARM/m_1_1_40/image_a+0.94_0025_168_0_230.e9_6.2e9_9.60142e+24_40.dat
        26       0.781668        3.95726       -262.836        17.2114          9.097        12.3444       -1461.19     /gpfs/hpu/EHT2/IHARM_inc-5/MAD_a+0.94_384x192x192_IHARM/m_1_1_40/image_a+0.94_0026_168_0_230.e9_6.2e9_9.60142e+24_40.dat
        27       0.666911        3.92325        -273.07        4.51584        16.6359        11.2927       -1382.77     /gpfs/hpu/EHT2/IHARM_inc-5/MAD_a+0.94_384x192x192_IHARM/m_1_1_40/image_a+0.94_0027_168_0_230.e9_6.2e9_9.60142e+24_40.dat
        28       0.649067        4.11429       -282.854        17.3241        22.6552        20.0549       -2139.12     /gpfs/hpu/EHT2/IHARM_inc-5/MAD_a+0.94_384x192x192_IHARM/m_1_1_40/image_a+0.94_0028_168_0_230.e9_6.2e9_9.60142e+24_40.dat
        29       0.573463        4.00338       -283.106         1.7302        6.21536        4.23708       -704.105     /gpfs/hpu/EHT2/IHARM_inc-5/MAD_a+0.94_384x192x192_IHARM/m_1_1_40/image_a+0.94_0029_168_0_230.e9_6.2e9_9.60142e+24_40.dat
        30       0.558988        3.67037       -188.025        7.86607        19.3066        14.2042       -1673.52     /gpfs/hpu/EHT2/IHARM_inc-5/MAD_a+0.94_384x192x192_IHARM/m_1_1_40/image_a+0.94_0030_168_0_230.e9_6.2e9_9.60142e+24_40.dat
        31       0.642359        4.13026       -195.914        5.22293        13.6962        9.92704        -1255.2     /gpfs/hpu/EHT2/IHARM_inc-5/MAD_a+0.94_384x192x192_IHARM/m_1_1_40/image_a+0.94_0031_168_0_230.e9_6.2e9_9.60142e+24_40.dat
        32       0.746177        4.40143       -285.668        16.5968        11.6737        13.5436       -1556.33     /gpfs/hpu/EHT2/IHARM_inc-5/MAD_a+0.94_384x192x192_IHARM/m_1_1_40/image_a+0.94_0032_168_0_230.e9_6.2e9_9.60142e+24_40.dat
        33       0.793578        4.28045       -325.069        38.0436        13.7407        23.6869       -2534.11     /gpfs/hpu/EHT2/IHARM_inc-5/MAD_a+0.94_384x192x192_IHARM/m_1_1_40/image_a+0.94_0033_168_0_230.e9_6.2e9_9.60142e+24_40.dat
        34       0.629736        3.84734       -219.874        3.37744        18.4195        11.8244        -1453.9     /gpfs/hpu/EHT2/IHARM_inc-5/MAD_a+0.94_384x192x192_IHARM/m_1_1_40/image_a+0.94_0034_168_0_230.e9_6.2e9_9.60142e+24_40.dat
        35       0.563416        4.32019       -206.484        6.47274        15.9706        11.7355       -1386.59     /gpfs/hpu/EHT2/IHARM_inc-5/MAD_a+0.94_384x192x192_IHARM/m_1_1_40/image_a+0.94_0035_168_0_230.e9_6.2e9_9.60142e+24_40.dat
        36       0.613579         4.3038       -196.589        8.27378        19.9743        14.7522       -1656.42     /gpfs/hpu/EHT2/IHARM_inc-5/MAD_a+0.94_384x192x192_IHARM/m_1_1_40/image_a+0.94_0036_168_0_230.e9_6.2e9_9.60142e+24_40.dat
        37       0.573262        3.82302        -237.65        10.7392        13.5379         12.146       -1444.65     /gpfs/hpu/EHT2/IHARM_inc-5/MAD_a+0.94_384x192x192_IHARM/m_1_1_40/image_a+0.94_0037_168_0_230.e9_6.2e9_9.60142e+24_40.dat
        38       0.557303        4.34274       -185.092        22.9935        26.0174        24.3277       -2531.16     /gpfs/hpu/EHT2/IHARM_inc-5/MAD_a+0.94_384x192x192_IHARM/m_1_1_40/image_a+0.94_0038_168_0_230.e9_6.2e9_9.60142e+24_40.dat
        39       0.647759        4.23703       -242.284        4.40754        7.61413         6.1481         -978.6     /gpfs/hpu/EHT2/IHARM_inc-5/MAD_a+0.94_384x192x192_IHARM/m_1_1_40/image_a+0.94_0039_168_0_230.e9_6.2e9_9.60142e+24_40.dat
        40       0.701304         4.4121       -217.971        8.80509        11.2037        10.0173       -1264.68     /gpfs/hpu/EHT2/IHARM_inc-5/MAD_a+0.94_384x192x192_IHARM/m_1_1_40/image_a+0.94_0040_168_0_230.e9_6.2e9_9.60142e+24_40.dat
        41        1.17776        4.56424       -201.924        16.6039        23.1881        20.0547       -2223.42     /gpfs/hpu/EHT2/IHARM_inc-5/MAD_a+0.94_384x192x192_IHARM/m_1_1_40/image_a+0.94_0041_168_0_230.e9_6.2e9_9.60142e+24_40.dat
        42       0.664223        4.16303        5.68982        24.1396        30.4026         27.286        -2905.3     /gpfs/hpu/EHT2/IHARM_inc-5/MAD_a+0.94_384x192x192_IHARM/m_1_1_40/image_a+0.94_0042_168_0_230.e9_6.2e9_9.60142e+24_40.dat
        43       0.506286          3.696        121.103        14.3795        15.9941        15.0577       -1723.58     /gpfs/hpu/EHT2/IHARM_inc-5/MAD_a+0.94_384x192x192_IHARM/m_1_1_40/image_a+0.94_0043_168_0_230.e9_6.2e9_9.60142e+24_40.dat
        44       0.522831        4.30911         89.414        8.88865         5.1752        6.64482       -926.269     /gpfs/hpu/EHT2/IHARM_inc-5/MAD_a+0.94_384x192x192_IHARM/m_1_1_40/image_a+0.94_0044_168_0_230.e9_6.2e9_9.60142e+24_40.dat
        45        0.67106        3.80888        70.8761        3.08222        17.8686        11.3895       -1363.55     /gpfs/hpu/EHT2/IHARM_inc-5/MAD_a+0.94_384x192x192_IHARM/m_1_1_40/image_a+0.94_0045_168_0_230.e9_6.2e9_9.60142e+24_40.dat
        46        0.96052        3.89367       -142.184        4.82549        25.7777        16.5894       -3135.58     /gpfs/hpu/EHT2/IHARM_inc-5/MAD_a+0.94_384x192x192_IHARM/m_1_1_40/image_a+0.94_0046_168_0_230.e9_6.2e9_9.60142e+24_40.dat
        47       0.784527        4.49744       -284.656        26.4263        21.5811        23.2569       -2440.76     /gpfs/hpu/EHT2/IHARM_inc-5/MAD_a+0.94_384x192x192_IHARM/m_1_1_40/image_a+0.94_0047_168_0_230.e9_6.2e9_9.60142e+24_40.dat
        48       0.727277        4.41963       -177.258        22.5632         22.072        21.9177       -2352.14     /gpfs/hpu/EHT2/IHARM_inc-5/MAD_a+0.94_384x192x192_IHARM/m_1_1_40/image_a+0.94_0048_168_0_230.e9_6.2e9_9.60142e+24_40.dat
        49       0.867724        4.56545       -279.791        14.1911        17.6675        15.9247       -1820.25     /gpfs/hpu/EHT2/IHARM_inc-5/MAD_a+0.94_384x192x192_IHARM/m_1_1_40/image_a+0.94_0049_168_0_230.e9_6.2e9_9.60142e+24_40.dat
        50        0.69526        4.59967       -321.132        12.9069        12.7776        12.6234       -1469.55     /gpfs/hpu/EHT2/IHARM_inc-5/MAD_a+0.94_384x192x192_IHARM/m_1_1_40/image_a+0.94_0050_168_0_230.e9_6.2e9_9.60142e+24_40.dat
        51        0.86569        4.78452        -344.13        26.1952         24.145        24.6093       -2601.48     /gpfs/hpu/EHT2/IHARM_inc-5/MAD_a+0.94_384x192x192_IHARM/m_1_1_40/image_a+0.94_0051_168_0_230.e9_6.2e9_9.60142e+24_40.dat
        52       0.774861        5.05992       -208.752        37.4342        17.8086        25.7312       -2720.28     /gpfs/hpu/EHT2/IHARM_inc-5/MAD_a+0.94_384x192x192_IHARM/m_1_1_40/image_a+0.94_0052_168_0_230.e9_6.2e9_9.60142e+24_40.dat
        53       0.690535        5.10828       -227.007        24.0887          17.57        20.0115       -2211.16     /gpfs/hpu/EHT2/IHARM_inc-5/MAD_a+0.94_384x192x192_IHARM/m_1_1_40/image_a+0.94_0053_168_0_230.e9_6.2e9_9.60142e+24_40.dat
        54       0.794498        4.85168       -233.172         9.3205        16.3817        13.1596       -1537.22     /gpfs/hpu/EHT2/IHARM_inc-5/MAD_a+0.94_384x192x192_IHARM/m_1_1_40/image_a+0.94_0054_168_0_230.e9_6.2e9_9.60142e+24_40.dat
        55       0.715107        3.96954       -293.463         7.6577        13.1939         10.662       -1335.65     /gpfs/hpu/EHT2/IHARM_inc-5/MAD_a+0.94_384x192x192_IHARM/m_1_1_40/image_a+0.94_0055_168_0_230.e9_6.2e9_9.60142e+24_40.dat
        56       0.709733        4.51768       -303.817        5.32513        4.64258        4.85252       -815.421     /gpfs/hpu/EHT2/IHARM_inc-5/MAD_a+0.94_384x192x192_IHARM/m_1_1_40/image_a+0.94_0056_168_0_230.e9_6.2e9_9.60142e+24_40.dat
        57       0.566516        4.60682       -258.569        4.88666        11.8952        8.76831       -1117.14     /gpfs/hpu/EHT2/IHARM_inc-5/MAD_a+0.94_384x192x192_IHARM/m_1_1_40/image_a+0.94_0057_168_0_230.e9_6.2e9_9.60142e+24_40.dat
        58       0.517965        4.64787       -286.635        11.5874        23.1305        17.9229       -1935.29     /gpfs/hpu/EHT2/IHARM_inc-5/MAD_a+0.94_384x192x192_IHARM/m_1_1_40/image_a+0.94_0058_168_0_230.e9_6.2e9_9.60142e+24_40.dat
        59       0.560888        4.50224       -145.866         4.3874        33.0278        20.5039       -2260.35     /gpfs/hpu/EHT2/IHARM_inc-5/MAD_a+0.94_384x192x192_IHARM/m_1_1_40/image_a+0.94_0059_168_0_230.e9_6.2e9_9.60142e+24_40.dat
        60       0.465015         4.3589       -251.352        8.82972         12.484        10.7512       -1294.84     /gpfs/hpu/EHT2/IHARM_inc-5/MAD_a+0.94_384x192x192_IHARM/m_1_1_40/image_a+0.94_0060_168_0_230.e9_6.2e9_9.60142e+24_40.dat
        61       0.526442        4.27796       -191.073        13.6424        19.9337        16.9759       -1884.09     /gpfs/hpu/EHT2/IHARM_inc-5/MAD_a+0.94_384x192x192_IHARM/m_1_1_40/image_a+0.94_0061_168_0_230.e9_6.2e9_9.60142e+24_40.dat
        62       0.593604        4.39571       -302.489        7.13275        16.3275        12.2135       -1437.14     /gpfs/hpu/EHT2/IHARM_inc-5/MAD_a+0.94_384x192x192_IHARM/m_1_1_40/image_a+0.94_0062_168_0_230.e9_6.2e9_9.60142e+24_40.dat
        63       0.580401        4.07612       -224.515        3.10006        31.8852        19.3194        -2129.2     /gpfs/hpu/EHT2/IHARM_inc-5/MAD_a+0.94_384x192x192_IHARM/m_1_1_40/image_a+0.94_0063_168_0_230.e9_6.2e9_9.60142e+24_40.dat
        64       0.673038        4.44289       -196.303        7.35441        20.7672        14.8157       -1720.11     /gpfs/hpu/EHT2/IHARM_inc-5/MAD_a+0.94_384x192x192_IHARM/m_1_1_40/image_a+0.94_0064_168_0_230.e9_6.2e9_9.60142e+24_40.dat
        65       0.637594        4.25933       -229.048        2.64621        9.96307        6.73868       -920.861     /gpfs/hpu/EHT2/IHARM_inc-5/MAD_a+0.94_384x192x192_IHARM/m_1_1_40/image_a+0.94_0065_168_0_230.e9_6.2e9_9.60142e+24_40.dat
        66       0.804613        4.04205       -279.232        5.18881        14.5215        10.3792       -1325.82     /gpfs/hpu/EHT2/IHARM_inc-5/MAD_a+0.94_384x192x192_IHARM/m_1_1_40/image_a+0.94_0066_168_0_230.e9_6.2e9_9.60142e+24_40.dat
        67       0.620795        4.25439       -278.581        3.74185        12.1245        8.41887       -1074.15     /gpfs/hpu/EHT2/IHARM_inc-5/MAD_a+0.94_384x192x192_IHARM/m_1_1_40/image_a+0.94_0067_168_0_230.e9_6.2e9_9.60142e+24_40.dat
        68       0.598315        4.11494        -234.21        18.4358        12.0567        14.5297       -1667.32     /gpfs/hpu/EHT2/IHARM_inc-5/MAD_a+0.94_384x192x192_IHARM/m_1_1_40/image_a+0.94_0068_168_0_230.e9_6.2e9_9.60142e+24_40.dat
        69       0.607688        3.60252       -259.602        9.70415        13.4831        11.6819       -1363.74     /gpfs/hpu/EHT2/IHARM_inc-5/MAD_a+0.94_384x192x192_IHARM/m_1_1_40/image_a+0.94_0069_168_0_230.e9_6.2e9_9.60142e+24_40.dat
        70            0.6        4.27419       -280.337        6.43604        4.63025        5.31044       -776.539     /gpfs/hpu/EHT2/IHARM_inc-5/MAD_a+0.94_384x192x192_IHARM/m_1_1_40/image_a+0.94_0070_168_0_230.e9_6.2e9_9.60142e+24_40.dat
        71       0.890237        4.39659       -292.085        8.21893        6.96298        7.37504       -1089.12     /gpfs/hpu/EHT2/IHARM_inc-5/MAD_a+0.94_384x192x192_IHARM/m_1_1_40/image_a+0.94_0071_168_0_230.e9_6.2e9_9.60142e+24_40.dat
        72          1.101         4.2183       -319.607        19.5841         9.6151        13.6301       -1649.88     /gpfs/hpu/EHT2/IHARM_inc-5/MAD_a+0.94_384x192x192_IHARM/m_1_1_40/image_a+0.94_0072_168_0_230.e9_6.2e9_9.60142e+24_40.dat
        73        0.58001        4.39224       -303.971        4.37183         17.719        11.8446       -1383.48     /gpfs/hpu/EHT2/IHARM_inc-5/MAD_a+0.94_384x192x192_IHARM/m_1_1_40/image_a+0.94_0073_168_0_230.e9_6.2e9_9.60142e+24_40.dat
        74       0.613489        4.12602       -202.191        13.2583        26.3804         20.459       -2211.55     /gpfs/hpu/EHT2/IHARM_inc-5/MAD_a+0.94_384x192x192_IHARM/m_1_1_40/image_a+0.94_0074_168_0_230.e9_6.2e9_9.60142e+24_40.dat
        75       0.664584        4.03594        95.8093        24.4218         25.799         24.802       -2622.96     /gpfs/hpu/EHT2/IHARM_inc-5/MAD_a+0.94_384x192x192_IHARM/m_1_1_40/image_a+0.94_0075_168_0_230.e9_6.2e9_9.60142e+24_40.dat
        76       0.780927        4.00467       -77.7235        6.21586        26.4132        17.5304       -2000.42     /gpfs/hpu/EHT2/IHARM_inc-5/MAD_a+0.94_384x192x192_IHARM/m_1_1_40/image_a+0.94_0076_168_0_230.e9_6.2e9_9.60142e+24_40.dat
        77       0.748211        4.18086        149.147        12.7451        14.1792        13.3479       -1552.49     /gpfs/hpu/EHT2/IHARM_inc-5/MAD_a+0.94_384x192x192_IHARM/m_1_1_40/image_a+0.94_0077_168_0_230.e9_6.2e9_9.60142e+24_40.dat
        78        0.70365        4.42893        116.185        8.78376        6.35663        7.26869       -970.173     /gpfs/hpu/EHT2/IHARM_inc-5/MAD_a+0.94_384x192x192_IHARM/m_1_1_40/image_a+0.94_0078_168_0_230.e9_6.2e9_9.60142e+24_40.dat
        79        0.70242        3.75799        26.4048        13.8344        36.4397        26.3857       -2844.38     /gpfs/hpu/EHT2/IHARM_inc-5/MAD_a+0.94_384x192x192_IHARM/m_1_1_40/image_a+0.94_0079_168_0_230.e9_6.2e9_9.60142e+24_40.dat
        80        1.16204        4.17288        73.1114        26.4547         26.252        25.9088       -3149.01     /gpfs/hpu/EHT2/IHARM_inc-5/MAD_a+0.94_384x192x192_IHARM/m_1_1_40/image_a+0.94_0080_168_0_230.e9_6.2e9_9.60142e+24_40.dat
        81       0.706038        4.60481        83.5729        10.0342        17.4451        14.0594       -1595.78     /gpfs/hpu/EHT2/IHARM_inc-5/MAD_a+0.94_384x192x192_IHARM/m_1_1_40/image_a+0.94_0081_168_0_230.e9_6.2e9_9.60142e+24_40.dat
        82       0.704273        4.49251        202.837         7.8508        25.8081        17.8726       -2037.82     /gpfs/hpu/EHT2/IHARM_inc-5/MAD_a+0.94_384x192x192_IHARM/m_1_1_40/image_a+0.94_0082_168_0_230.e9_6.2e9_9.60142e+24_40.dat
        83       0.689379        3.94153        149.167        8.30582        44.2998        28.5148       -2983.37     /gpfs/hpu/EHT2/IHARM_inc-5/MAD_a+0.94_384x192x192_IHARM/m_1_1_40/image_a+0.94_0083_168_0_230.e9_6.2e9_9.60142e+24_40.dat
        84       0.508295         3.9139        99.5371          15.38        9.70192        11.9199       -1392.56     /gpfs/hpu/EHT2/IHARM_inc-5/MAD_a+0.94_384x192x192_IHARM/m_1_1_40/image_a+0.94_0084_168_0_230.e9_6.2e9_9.60142e+24_40.dat
        85       0.688402         3.8316        149.315        3.68718        14.9543        9.99543       -1334.01     /gpfs/hpu/EHT2/IHARM_inc-5/MAD_a+0.94_384x192x192_IHARM/m_1_1_40/image_a+0.94_0085_168_0_230.e9_6.2e9_9.60142e+24_40.dat
        86       0.597089        4.02292        147.602        15.7001        9.92085        12.1776       -1452.11     /gpfs/hpu/EHT2/IHARM_inc-5/MAD_a+0.94_384x192x192_IHARM/m_1_1_40/image_a+0.94_0086_168_0_230.e9_6.2e9_9.60142e+24_40.dat
        87       0.573034        4.23275        110.457        13.1746        25.8272        20.1113        -2256.3     /gpfs/hpu/EHT2/IHARM_inc-5/MAD_a+0.94_384x192x192_IHARM/m_1_1_40/image_a+0.94_0087_168_0_230.e9_6.2e9_9.60142e+24_40.dat
        88       0.627291        4.11283        -302.07        9.97666        57.4008        36.6189       -3826.06     /gpfs/hpu/EHT2/IHARM_inc-5/MAD_a+0.94_384x192x192_IHARM/m_1_1_40/image_a+0.94_0088_168_0_230.e9_6.2e9_9.60142e+24_40.dat
        89       0.854631        4.33799       -219.005        9.27372        13.9086        11.7422       -1653.01     /gpfs/hpu/EHT2/IHARM_inc-5/MAD_a+0.94_384x192x192_IHARM/m_1_1_40/image_a+0.94_0089_168_0_230.e9_6.2e9_9.60142e+24_40.dat
        90       0.540729        3.81079        -208.42        16.3011        29.0158        23.2219       -2444.91     /gpfs/hpu/EHT2/IHARM_inc-5/MAD_a+0.94_384x192x192_IHARM/m_1_1_40/image_a+0.94_0090_168_0_230.e9_6.2e9_9.60142e+24_40.dat
        91       0.610212          4.047       -296.728        31.6431        24.7303          27.22       -2855.81     /gpfs/hpu/EHT2/IHARM_inc-5/MAD_a+0.94_384x192x192_IHARM/m_1_1_40/image_a+0.94_0091_168_0_230.e9_6.2e9_9.60142e+24_40.dat
        92       0.618277        3.97609       -164.538        6.26886        16.0339         11.686       -1409.57     /gpfs/hpu/EHT2/IHARM_inc-5/MAD_a+0.94_384x192x192_IHARM/m_1_1_40/image_a+0.94_0092_168_0_230.e9_6.2e9_9.60142e+24_40.dat
        93       0.605582        4.41553        166.745        7.46464        13.5607        10.7885       -1316.88     /gpfs/hpu/EHT2/IHARM_inc-5/MAD_a+0.94_384x192x192_IHARM/m_1_1_40/image_a+0.94_0093_168_0_230.e9_6.2e9_9.60142e+24_40.dat
        94       0.699761        4.12205        142.375        9.59983        23.8773        17.5132       -1920.73     /gpfs/hpu/EHT2/IHARM_inc-5/MAD_a+0.94_384x192x192_IHARM/m_1_1_40/image_a+0.94_0094_168_0_230.e9_6.2e9_9.60142e+24_40.dat
        95       0.596082        3.89322        77.8263        6.31719         8.2197        7.28952       -1004.21     /gpfs/hpu/EHT2/IHARM_inc-5/MAD_a+0.94_384x192x192_IHARM/m_1_1_40/image_a+0.94_0095_168_0_230.e9_6.2e9_9.60142e+24_40.dat
        96       0.522597        4.11294        84.2849        3.17283         6.3202        4.90004        -739.16     /gpfs/hpu/EHT2/IHARM_inc-5/MAD_a+0.94_384x192x192_IHARM/m_1_1_40/image_a+0.94_0096_168_0_230.e9_6.2e9_9.60142e+24_40.dat
        97       0.596819        3.93014         89.151        17.3595        9.82997        12.8206       -1540.24     /gpfs/hpu/EHT2/IHARM_inc-5/MAD_a+0.94_384x192x192_IHARM/m_1_1_40/image_a+0.94_0097_168_0_230.e9_6.2e9_9.60142e+24_40.dat
        98        0.50925        4.22863        103.605        9.75425        10.6802        10.1186       -1233.76     /gpfs/hpu/EHT2/IHARM_inc-5/MAD_a+0.94_384x192x192_IHARM/m_1_1_40/image_a+0.94_0098_168_0_230.e9_6.2e9_9.60142e+24_40.dat
        99       0.529265        4.15427        80.8989        16.0129        26.0344        21.4162       -2308.51     /gpfs/hpu/EHT2/IHARM_inc-5/MAD_a+0.94_384x192x192_IHARM/m_1_1_40/image_a+0.94_0099_168_0_230.e9_6.2e9_9.60142e+24_40.dat
