   # Index         I (Jy)      M/D (uas)       PA (deg)  VA red. chisq  CP red. chisq     red. chisq     log-liklhd     FileName
         0       0.703407        3.64864       -252.236        6.77381        12.6251        9.91251        -1423.3     /gpfs/hpu/EHT2/IHARM_inc+5/MAD_a-0.5_384x192x192_IHARM/m_1_1_160/image_a-0.5_0000_22_0_230.e9_6.2e9_4.33284e+25_160.dat
         1       0.866932        3.38016       -294.442        4.41259        19.7786         12.863       -1846.42     /gpfs/hpu/EHT2/IHARM_inc+5/MAD_a-0.5_384x192x192_IHARM/m_1_1_160/image_a-0.5_0001_22_0_230.e9_6.2e9_4.33284e+25_160.dat
         2       0.809672        3.44443        -325.24        18.7645        99.3438        63.1464       -6595.82     /gpfs/hpu/EHT2/IHARM_inc+5/MAD_a-0.5_384x192x192_IHARM/m_1_1_160/image_a-0.5_0002_22_0_230.e9_6.2e9_4.33284e+25_160.dat
         3       0.872175        3.54783       -257.004        34.3963        162.666        104.975       -10555.8     /gpfs/hpu/EHT2/IHARM_inc+5/MAD_a-0.5_384x192x192_IHARM/m_1_1_160/image_a-0.5_0003_22_0_230.e9_6.2e9_4.33284e+25_160.dat
         4       0.609548        3.32729       -359.057        8.59606        43.8988        28.0344       -3207.08     /gpfs/hpu/EHT2/IHARM_inc+5/MAD_a-0.5_384x192x192_IHARM/m_1_1_160/image_a-0.5_0004_22_0_230.e9_6.2e9_4.33284e+25_160.dat
         5       0.619065        3.36912       -305.376        10.5533        44.5075        29.2137        -3689.4     /gpfs/hpu/EHT2/IHARM_inc+5/MAD_a-0.5_384x192x192_IHARM/m_1_1_160/image_a-0.5_0005_22_0_230.e9_6.2e9_4.33284e+25_160.dat
         6        1.18593        3.90405       -332.537        5.80341        60.0103        35.7657       -3940.85     /gpfs/hpu/EHT2/IHARM_inc+5/MAD_a-0.5_384x192x192_IHARM/m_1_1_160/image_a-0.5_0006_22_0_230.e9_6.2e9_4.33284e+25_160.dat
         7       0.841494        4.00815       -359.867        12.1373        63.9688        40.6842       -4600.02     /gpfs/hpu/EHT2/IHARM_inc+5/MAD_a-0.5_384x192x192_IHARM/m_1_1_160/image_a-0.5_0007_22_0_230.e9_6.2e9_4.33284e+25_160.dat
         8        0.61307        3.60978       -356.553        17.3577        105.873        66.1612       -6800.73     /gpfs/hpu/EHT2/IHARM_inc+5/MAD_a-0.5_384x192x192_IHARM/m_1_1_160/image_a-0.5_0008_22_0_230.e9_6.2e9_4.33284e+25_160.dat
         9       0.992757        3.32302       -353.927        42.8068        50.2341        46.2591       -5266.99     /gpfs/hpu/EHT2/IHARM_inc+5/MAD_a-0.5_384x192x192_IHARM/m_1_1_160/image_a-0.5_0009_22_0_230.e9_6.2e9_4.33284e+25_160.dat
        10        0.60235        3.30004       -337.312        15.1653        43.7988        30.8041       -3318.98     /gpfs/hpu/EHT2/IHARM_inc+5/MAD_a-0.5_384x192x192_IHARM/m_1_1_160/image_a-0.5_0010_22_0_230.e9_6.2e9_4.33284e+25_160.dat
        11       0.747897        3.98303       -359.992        29.0282        36.9429        32.9649        -3578.9     /gpfs/hpu/EHT2/IHARM_inc+5/MAD_a-0.5_384x192x192_IHARM/m_1_1_160/image_a-0.5_0011_22_0_230.e9_6.2e9_4.33284e+25_160.dat
        12       0.982526        3.96443        -359.99         6.3834        22.2279        15.0684       -1875.17     /gpfs/hpu/EHT2/IHARM_inc+5/MAD_a-0.5_384x192x192_IHARM/m_1_1_160/image_a-0.5_0012_22_0_230.e9_6.2e9_4.33284e+25_160.dat
        13         1.4361        4.14062       -355.596        4.87308        65.6115        38.4709       -4851.13     /gpfs/hpu/EHT2/IHARM_inc+5/MAD_a-0.5_384x192x192_IHARM/m_1_1_160/image_a-0.5_0013_22_0_230.e9_6.2e9_4.33284e+25_160.dat
        14       0.715603        3.69245           -360        3.97581        43.2319        25.6778        -3023.9     /gpfs/hpu/EHT2/IHARM_inc+5/MAD_a-0.5_384x192x192_IHARM/m_1_1_160/image_a-0.5_0014_22_0_230.e9_6.2e9_4.33284e+25_160.dat
        15       0.489815        3.35395       -98.3518        44.5206        37.5138         39.944       -4162.92     /gpfs/hpu/EHT2/IHARM_inc+5/MAD_a-0.5_384x192x192_IHARM/m_1_1_160/image_a-0.5_0015_22_0_230.e9_6.2e9_4.33284e+25_160.dat
        16       0.746243         3.6049       -123.779        11.8573        25.5658         19.273       -2276.67     /gpfs/hpu/EHT2/IHARM_inc+5/MAD_a-0.5_384x192x192_IHARM/m_1_1_160/image_a-0.5_0016_22_0_230.e9_6.2e9_4.33284e+25_160.dat
        17       0.825528        3.99389       -93.5754        23.3716        21.9908        22.2428       -2534.06     /gpfs/hpu/EHT2/IHARM_inc+5/MAD_a-0.5_384x192x192_IHARM/m_1_1_160/image_a-0.5_0017_22_0_230.e9_6.2e9_4.33284e+25_160.dat
        18       0.483276        3.25927       -4.77067        21.5559        41.7301        32.4055        -3512.1     /gpfs/hpu/EHT2/IHARM_inc+5/MAD_a-0.5_384x192x192_IHARM/m_1_1_160/image_a-0.5_0018_22_0_230.e9_6.2e9_4.33284e+25_160.dat
        19       0.394542        3.52962        21.3262        4.31336        12.7403        8.91822       -1184.12     /gpfs/hpu/EHT2/IHARM_inc+5/MAD_a-0.5_384x192x192_IHARM/m_1_1_160/image_a-0.5_0019_22_0_230.e9_6.2e9_4.33284e+25_160.dat
        20       0.563215        4.07571        58.9447        22.9174        30.1795        26.5873       -2932.48     /gpfs/hpu/EHT2/IHARM_inc+5/MAD_a-0.5_384x192x192_IHARM/m_1_1_160/image_a-0.5_0020_22_0_230.e9_6.2e9_4.33284e+25_160.dat
        21       0.535026        3.87966        72.6549        12.2389        26.1826        19.7791       -2250.64     /gpfs/hpu/EHT2/IHARM_inc+5/MAD_a-0.5_384x192x192_IHARM/m_1_1_160/image_a-0.5_0021_22_0_230.e9_6.2e9_4.33284e+25_160.dat
        22       0.421878        3.41707        15.7407        6.19159        11.8509        9.23289       -1219.37     /gpfs/hpu/EHT2/IHARM_inc+5/MAD_a-0.5_384x192x192_IHARM/m_1_1_160/image_a-0.5_0022_22_0_230.e9_6.2e9_4.33284e+25_160.dat
        23       0.543548        3.73377        46.6664        9.77044        15.1551        12.6038       -1583.74     /gpfs/hpu/EHT2/IHARM_inc+5/MAD_a-0.5_384x192x192_IHARM/m_1_1_160/image_a-0.5_0023_22_0_230.e9_6.2e9_4.33284e+25_160.dat
        24       0.658934        3.68321       -82.1642        17.2897        25.7384        21.7049       -2575.25     /gpfs/hpu/EHT2/IHARM_inc+5/MAD_a-0.5_384x192x192_IHARM/m_1_1_160/image_a-0.5_0024_22_0_230.e9_6.2e9_4.33284e+25_160.dat
        25       0.393786        3.17963       -1.67758        5.11444        13.8221        9.86251       -1283.24     /gpfs/hpu/EHT2/IHARM_inc+5/MAD_a-0.5_384x192x192_IHARM/m_1_1_160/image_a-0.5_0025_22_0_230.e9_6.2e9_4.33284e+25_160.dat
        26       0.572279        3.75902        44.3559        9.46955        14.0068        11.8378       -1513.93     /gpfs/hpu/EHT2/IHARM_inc+5/MAD_a-0.5_384x192x192_IHARM/m_1_1_160/image_a-0.5_0026_22_0_230.e9_6.2e9_4.33284e+25_160.dat
        27       0.512435        3.62715        31.2522        4.12323        6.49613        5.37469       -819.059     /gpfs/hpu/EHT2/IHARM_inc+5/MAD_a-0.5_384x192x192_IHARM/m_1_1_160/image_a-0.5_0027_22_0_230.e9_6.2e9_4.33284e+25_160.dat
        28       0.513049        3.65201        188.415        5.77255        46.2768        28.1386       -3185.62     /gpfs/hpu/EHT2/IHARM_inc+5/MAD_a-0.5_384x192x192_IHARM/m_1_1_160/image_a-0.5_0028_22_0_230.e9_6.2e9_4.33284e+25_160.dat
        29       0.528932        3.76566        92.7777        8.76537        19.0291        14.3194       -1724.32     /gpfs/hpu/EHT2/IHARM_inc+5/MAD_a-0.5_384x192x192_IHARM/m_1_1_160/image_a-0.5_0029_22_0_230.e9_6.2e9_4.33284e+25_160.dat
        30        1.10647        3.59626        74.3584        17.8261        129.703        79.5739       -8339.81     /gpfs/hpu/EHT2/IHARM_inc+5/MAD_a-0.5_384x192x192_IHARM/m_1_1_160/image_a-0.5_0030_22_0_230.e9_6.2e9_4.33284e+25_160.dat
        31       0.561284        3.31648        -167.02        11.9443        20.2161        16.3446       -2179.74     /gpfs/hpu/EHT2/IHARM_inc+5/MAD_a-0.5_384x192x192_IHARM/m_1_1_160/image_a-0.5_0031_22_0_230.e9_6.2e9_4.33284e+25_160.dat
        32       0.620819        3.86548       -120.962        6.78583         11.837        9.48075       -1268.76     /gpfs/hpu/EHT2/IHARM_inc+5/MAD_a-0.5_384x192x192_IHARM/m_1_1_160/image_a-0.5_0032_22_0_230.e9_6.2e9_4.33284e+25_160.dat
        33       0.498909        3.81045       -106.713        2.69932        20.7367        12.6574       -1568.09     /gpfs/hpu/EHT2/IHARM_inc+5/MAD_a-0.5_384x192x192_IHARM/m_1_1_160/image_a-0.5_0033_22_0_230.e9_6.2e9_4.33284e+25_160.dat
        34       0.478427          3.546        -112.03        5.87826        8.71118        7.35747       -1040.87     /gpfs/hpu/EHT2/IHARM_inc+5/MAD_a-0.5_384x192x192_IHARM/m_1_1_160/image_a-0.5_0034_22_0_230.e9_6.2e9_4.33284e+25_160.dat
        35       0.416851        3.32947       -120.393        11.5444        6.71959        8.69005       -1165.44     /gpfs/hpu/EHT2/IHARM_inc+5/MAD_a-0.5_384x192x192_IHARM/m_1_1_160/image_a-0.5_0035_22_0_230.e9_6.2e9_4.33284e+25_160.dat
        36       0.498663        3.50876       -66.8441        2.59658        23.1404        13.9458       -1691.87     /gpfs/hpu/EHT2/IHARM_inc+5/MAD_a-0.5_384x192x192_IHARM/m_1_1_160/image_a-0.5_0036_22_0_230.e9_6.2e9_4.33284e+25_160.dat
        37       0.469877        3.51284       -61.8163        11.2282        13.0795        12.0801       -1455.05     /gpfs/hpu/EHT2/IHARM_inc+5/MAD_a-0.5_384x192x192_IHARM/m_1_1_160/image_a-0.5_0037_22_0_230.e9_6.2e9_4.33284e+25_160.dat
        38       0.499761        3.64856       -99.9996        4.29657        10.7914        7.83053       -1053.99     /gpfs/hpu/EHT2/IHARM_inc+5/MAD_a-0.5_384x192x192_IHARM/m_1_1_160/image_a-0.5_0038_22_0_230.e9_6.2e9_4.33284e+25_160.dat
        39       0.509165         3.3598       -123.179         12.738        10.7978        11.4643       -1450.57     /gpfs/hpu/EHT2/IHARM_inc+5/MAD_a-0.5_384x192x192_IHARM/m_1_1_160/image_a-0.5_0039_22_0_230.e9_6.2e9_4.33284e+25_160.dat
        40       0.601874        3.28521       -121.838           18.9        13.4831        15.6031       -1861.86     /gpfs/hpu/EHT2/IHARM_inc+5/MAD_a-0.5_384x192x192_IHARM/m_1_1_160/image_a-0.5_0040_22_0_230.e9_6.2e9_4.33284e+25_160.dat
        41       0.692966        3.31506       -83.2231        6.79125        13.8174         10.581       -1600.83     /gpfs/hpu/EHT2/IHARM_inc+5/MAD_a-0.5_384x192x192_IHARM/m_1_1_160/image_a-0.5_0041_22_0_230.e9_6.2e9_4.33284e+25_160.dat
        42       0.780651        3.76399       -75.0595        12.6289        32.9477        23.6974       -3459.08     /gpfs/hpu/EHT2/IHARM_inc+5/MAD_a-0.5_384x192x192_IHARM/m_1_1_160/image_a-0.5_0042_22_0_230.e9_6.2e9_4.33284e+25_160.dat
        43       0.547805        3.26872       -100.463        14.0615        20.5003        17.4126       -2000.45     /gpfs/hpu/EHT2/IHARM_inc+5/MAD_a-0.5_384x192x192_IHARM/m_1_1_160/image_a-0.5_0043_22_0_230.e9_6.2e9_4.33284e+25_160.dat
        44       0.539507        3.38896       -149.103        9.69412        36.4373          24.37       -2720.75     /gpfs/hpu/EHT2/IHARM_inc+5/MAD_a-0.5_384x192x192_IHARM/m_1_1_160/image_a-0.5_0044_22_0_230.e9_6.2e9_4.33284e+25_160.dat
        45       0.584608        3.77673       -43.4667        4.58774         22.792        14.6089       -1780.98     /gpfs/hpu/EHT2/IHARM_inc+5/MAD_a-0.5_384x192x192_IHARM/m_1_1_160/image_a-0.5_0045_22_0_230.e9_6.2e9_4.33284e+25_160.dat
        46       0.722564        3.84368        4.41113        10.1312        27.2298        19.4532       -2224.74     /gpfs/hpu/EHT2/IHARM_inc+5/MAD_a-0.5_384x192x192_IHARM/m_1_1_160/image_a-0.5_0046_22_0_230.e9_6.2e9_4.33284e+25_160.dat
        47       0.628251        3.93455       -21.2282        14.8108        8.60452        11.1398       -1437.38     /gpfs/hpu/EHT2/IHARM_inc+5/MAD_a-0.5_384x192x192_IHARM/m_1_1_160/image_a-0.5_0047_22_0_230.e9_6.2e9_4.33284e+25_160.dat
        48       0.765678        3.78093       -3.81553        12.5442        17.6766        15.1946       -1835.75     /gpfs/hpu/EHT2/IHARM_inc+5/MAD_a-0.5_384x192x192_IHARM/m_1_1_160/image_a-0.5_0048_22_0_230.e9_6.2e9_4.33284e+25_160.dat
        49       0.932486        3.81415        26.5937        8.73543        13.8794        11.4515       -1527.12     /gpfs/hpu/EHT2/IHARM_inc+5/MAD_a-0.5_384x192x192_IHARM/m_1_1_160/image_a-0.5_0049_22_0_230.e9_6.2e9_4.33284e+25_160.dat
        50        0.50839        3.00559       -31.6047        10.1973        24.3222        17.8697       -2043.38     /gpfs/hpu/EHT2/IHARM_inc+5/MAD_a-0.5_384x192x192_IHARM/m_1_1_160/image_a-0.5_0050_22_0_230.e9_6.2e9_4.33284e+25_160.dat
        51       0.890052        3.83012        99.6837        11.0128        39.6859        26.7381       -3113.48     /gpfs/hpu/EHT2/IHARM_inc+5/MAD_a-0.5_384x192x192_IHARM/m_1_1_160/image_a-0.5_0051_22_0_230.e9_6.2e9_4.33284e+25_160.dat
        52       0.544919        3.22241        8.38799        25.0994        28.5574        26.6264       -2948.74     /gpfs/hpu/EHT2/IHARM_inc+5/MAD_a-0.5_384x192x192_IHARM/m_1_1_160/image_a-0.5_0052_22_0_230.e9_6.2e9_4.33284e+25_160.dat
        53       0.789477        3.29858        320.486        25.6754        41.4727        34.0344       -3791.71     /gpfs/hpu/EHT2/IHARM_inc+5/MAD_a-0.5_384x192x192_IHARM/m_1_1_160/image_a-0.5_0053_22_0_230.e9_6.2e9_4.33284e+25_160.dat
        54       0.801025        3.26192        285.235        14.8864        92.2853        57.5653        -6308.8     /gpfs/hpu/EHT2/IHARM_inc+5/MAD_a-0.5_384x192x192_IHARM/m_1_1_160/image_a-0.5_0054_22_0_230.e9_6.2e9_4.33284e+25_160.dat
        55       0.606423        3.53689        359.341         12.421        18.4648        15.5786       -1988.68     /gpfs/hpu/EHT2/IHARM_inc+5/MAD_a-0.5_384x192x192_IHARM/m_1_1_160/image_a-0.5_0055_22_0_230.e9_6.2e9_4.33284e+25_160.dat
        56        0.46701        3.35073         359.85        7.29717        15.4954        11.7289        -1471.1     /gpfs/hpu/EHT2/IHARM_inc+5/MAD_a-0.5_384x192x192_IHARM/m_1_1_160/image_a-0.5_0056_22_0_230.e9_6.2e9_4.33284e+25_160.dat
        57       0.488132        3.28908         308.66        11.9712        14.8544        13.3836       -1692.46     /gpfs/hpu/EHT2/IHARM_inc+5/MAD_a-0.5_384x192x192_IHARM/m_1_1_160/image_a-0.5_0057_22_0_230.e9_6.2e9_4.33284e+25_160.dat
        58       0.746919        3.56505         261.82        23.3994         47.911         36.625       -3921.03     /gpfs/hpu/EHT2/IHARM_inc+5/MAD_a-0.5_384x192x192_IHARM/m_1_1_160/image_a-0.5_0058_22_0_230.e9_6.2e9_4.33284e+25_160.dat
        59       0.723856        3.67003        256.925        17.1802        20.9709        19.0147       -2187.47     /gpfs/hpu/EHT2/IHARM_inc+5/MAD_a-0.5_384x192x192_IHARM/m_1_1_160/image_a-0.5_0059_22_0_230.e9_6.2e9_4.33284e+25_160.dat
        60       0.506847        3.53148        336.957        16.9617        31.1359        24.5563       -2743.57     /gpfs/hpu/EHT2/IHARM_inc+5/MAD_a-0.5_384x192x192_IHARM/m_1_1_160/image_a-0.5_0060_22_0_230.e9_6.2e9_4.33284e+25_160.dat
        61        1.03852        4.30256        278.974        17.5671        55.0184        38.0572       -4191.13     /gpfs/hpu/EHT2/IHARM_inc+5/MAD_a-0.5_384x192x192_IHARM/m_1_1_160/image_a-0.5_0061_22_0_230.e9_6.2e9_4.33284e+25_160.dat
        62       0.543998        4.01702        75.3169        10.0211        26.4683        18.9837       -2237.12     /gpfs/hpu/EHT2/IHARM_inc+5/MAD_a-0.5_384x192x192_IHARM/m_1_1_160/image_a-0.5_0062_22_0_230.e9_6.2e9_4.33284e+25_160.dat
        63       0.779125        4.53889       -35.0115        26.8943        11.0507        17.6925       -2062.64     /gpfs/hpu/EHT2/IHARM_inc+5/MAD_a-0.5_384x192x192_IHARM/m_1_1_160/image_a-0.5_0063_22_0_230.e9_6.2e9_4.33284e+25_160.dat
        64       0.603168        3.66047        40.1138        12.3971        14.4531        13.3443       -1599.27     /gpfs/hpu/EHT2/IHARM_inc+5/MAD_a-0.5_384x192x192_IHARM/m_1_1_160/image_a-0.5_0064_22_0_230.e9_6.2e9_4.33284e+25_160.dat
        65       0.399277         3.4542        108.526        11.5024        49.6386        32.4665       -4239.27     /gpfs/hpu/EHT2/IHARM_inc+5/MAD_a-0.5_384x192x192_IHARM/m_1_1_160/image_a-0.5_0065_22_0_230.e9_6.2e9_4.33284e+25_160.dat
        66        0.93122        3.90524        192.241        3.51215         49.441        28.9207       -3291.45     /gpfs/hpu/EHT2/IHARM_inc+5/MAD_a-0.5_384x192x192_IHARM/m_1_1_160/image_a-0.5_0066_22_0_230.e9_6.2e9_4.33284e+25_160.dat
        67       0.750366        3.68077        268.367        16.6528        47.7048        33.6093       -3661.86     /gpfs/hpu/EHT2/IHARM_inc+5/MAD_a-0.5_384x192x192_IHARM/m_1_1_160/image_a-0.5_0067_22_0_230.e9_6.2e9_4.33284e+25_160.dat
        68       0.470973        3.76612        225.082        3.46053        21.6586        13.4958       -1631.52     /gpfs/hpu/EHT2/IHARM_inc+5/MAD_a-0.5_384x192x192_IHARM/m_1_1_160/image_a-0.5_0068_22_0_230.e9_6.2e9_4.33284e+25_160.dat
        69        0.58494        3.71128        334.036        2.40869        17.8999        10.9596        -1416.5     /gpfs/hpu/EHT2/IHARM_inc+5/MAD_a-0.5_384x192x192_IHARM/m_1_1_160/image_a-0.5_0069_22_0_230.e9_6.2e9_4.33284e+25_160.dat
        70       0.635462        3.71018        220.953        14.0543        13.8247        13.7086       -1631.14     /gpfs/hpu/EHT2/IHARM_inc+5/MAD_a-0.5_384x192x192_IHARM/m_1_1_160/image_a-0.5_0070_22_0_230.e9_6.2e9_4.33284e+25_160.dat
        71       0.626309        3.67494        242.293        4.37203        16.1472        10.8323        -1424.2     /gpfs/hpu/EHT2/IHARM_inc+5/MAD_a-0.5_384x192x192_IHARM/m_1_1_160/image_a-0.5_0071_22_0_230.e9_6.2e9_4.33284e+25_160.dat
        72       0.424229        3.64575        271.332        40.2859        34.3206        36.3525       -3824.79     /gpfs/hpu/EHT2/IHARM_inc+5/MAD_a-0.5_384x192x192_IHARM/m_1_1_160/image_a-0.5_0072_22_0_230.e9_6.2e9_4.33284e+25_160.dat
        73       0.635275        3.22247        298.652        38.9466        96.6244        70.3181       -7257.37     /gpfs/hpu/EHT2/IHARM_inc+5/MAD_a-0.5_384x192x192_IHARM/m_1_1_160/image_a-0.5_0073_22_0_230.e9_6.2e9_4.33284e+25_160.dat
        74       0.614579        3.45043        244.419        22.3446        23.2784         22.515       -2540.95     /gpfs/hpu/EHT2/IHARM_inc+5/MAD_a-0.5_384x192x192_IHARM/m_1_1_160/image_a-0.5_0074_22_0_230.e9_6.2e9_4.33284e+25_160.dat
        75       0.518581        3.38214        311.409        9.67626        23.8948        17.4087       -2029.14     /gpfs/hpu/EHT2/IHARM_inc+5/MAD_a-0.5_384x192x192_IHARM/m_1_1_160/image_a-0.5_0075_22_0_230.e9_6.2e9_4.33284e+25_160.dat
        76       0.536489        3.24643        265.109        16.5877        11.1976        13.3416       -1623.05     /gpfs/hpu/EHT2/IHARM_inc+5/MAD_a-0.5_384x192x192_IHARM/m_1_1_160/image_a-0.5_0076_22_0_230.e9_6.2e9_4.33284e+25_160.dat
        77       0.501243        3.43254          269.7        7.59373        6.65096        6.95302       -1001.69     /gpfs/hpu/EHT2/IHARM_inc+5/MAD_a-0.5_384x192x192_IHARM/m_1_1_160/image_a-0.5_0077_22_0_230.e9_6.2e9_4.33284e+25_160.dat
        78       0.546428        3.89457        325.408        5.58003        5.40309         5.3952       -892.779     /gpfs/hpu/EHT2/IHARM_inc+5/MAD_a-0.5_384x192x192_IHARM/m_1_1_160/image_a-0.5_0078_22_0_230.e9_6.2e9_4.33284e+25_160.dat
        79       0.882674        4.21428        328.424        4.33307        17.1947        11.3962       -1761.52     /gpfs/hpu/EHT2/IHARM_inc+5/MAD_a-0.5_384x192x192_IHARM/m_1_1_160/image_a-0.5_0079_22_0_230.e9_6.2e9_4.33284e+25_160.dat
        80       0.499444        3.74695        325.143        23.2089        23.5886        23.0586       -2889.97     /gpfs/hpu/EHT2/IHARM_inc+5/MAD_a-0.5_384x192x192_IHARM/m_1_1_160/image_a-0.5_0080_22_0_230.e9_6.2e9_4.33284e+25_160.dat
        81       0.420252        3.35789        333.787          16.71         31.407        24.5983       -2770.89     /gpfs/hpu/EHT2/IHARM_inc+5/MAD_a-0.5_384x192x192_IHARM/m_1_1_160/image_a-0.5_0081_22_0_230.e9_6.2e9_4.33284e+25_160.dat
        82       0.842207        3.12897         312.72        16.2399        48.0422        33.6188       -4363.13     /gpfs/hpu/EHT2/IHARM_inc+5/MAD_a-0.5_384x192x192_IHARM/m_1_1_160/image_a-0.5_0082_22_0_230.e9_6.2e9_4.33284e+25_160.dat
        83        0.73416        3.58493        248.614        17.3076        42.7755        31.1581       -3369.94     /gpfs/hpu/EHT2/IHARM_inc+5/MAD_a-0.5_384x192x192_IHARM/m_1_1_160/image_a-0.5_0083_22_0_230.e9_6.2e9_4.33284e+25_160.dat
        84       0.629309        3.69727        272.083        8.34622        8.67379        8.39809       -1156.66     /gpfs/hpu/EHT2/IHARM_inc+5/MAD_a-0.5_384x192x192_IHARM/m_1_1_160/image_a-0.5_0084_22_0_230.e9_6.2e9_4.33284e+25_160.dat
        85       0.711585        3.62513        272.704        10.6075        28.6121        20.4244       -2398.55     /gpfs/hpu/EHT2/IHARM_inc+5/MAD_a-0.5_384x192x192_IHARM/m_1_1_160/image_a-0.5_0085_22_0_230.e9_6.2e9_4.33284e+25_160.dat
        86        0.58172        3.64396         296.18         7.5653        31.7603        20.8615       -2377.52     /gpfs/hpu/EHT2/IHARM_inc+5/MAD_a-0.5_384x192x192_IHARM/m_1_1_160/image_a-0.5_0086_22_0_230.e9_6.2e9_4.33284e+25_160.dat
        87        0.83123        3.52488        297.843         24.001        13.4482        17.7775       -2082.64     /gpfs/hpu/EHT2/IHARM_inc+5/MAD_a-0.5_384x192x192_IHARM/m_1_1_160/image_a-0.5_0087_22_0_230.e9_6.2e9_4.33284e+25_160.dat
        88       0.793115        3.65079        291.953        7.08992        18.6475        13.3873       -1681.78     /gpfs/hpu/EHT2/IHARM_inc+5/MAD_a-0.5_384x192x192_IHARM/m_1_1_160/image_a-0.5_0088_22_0_230.e9_6.2e9_4.33284e+25_160.dat
        89       0.685044        3.63534         262.28        4.27764        20.4308        13.1665       -1594.28     /gpfs/hpu/EHT2/IHARM_inc+5/MAD_a-0.5_384x192x192_IHARM/m_1_1_160/image_a-0.5_0089_22_0_230.e9_6.2e9_4.33284e+25_160.dat
        90       0.678698        3.40026        265.044        10.4444        18.1224        14.5388       -1709.63     /gpfs/hpu/EHT2/IHARM_inc+5/MAD_a-0.5_384x192x192_IHARM/m_1_1_160/image_a-0.5_0090_22_0_230.e9_6.2e9_4.33284e+25_160.dat
        91       0.499469        4.35642        296.021        25.0122        17.9441        20.7048       -2412.81     /gpfs/hpu/EHT2/IHARM_inc+5/MAD_a-0.5_384x192x192_IHARM/m_1_1_160/image_a-0.5_0091_22_0_230.e9_6.2e9_4.33284e+25_160.dat
        92        0.65345        3.84202        292.517        19.0719        12.0561        14.8859       -1802.92     /gpfs/hpu/EHT2/IHARM_inc+5/MAD_a-0.5_384x192x192_IHARM/m_1_1_160/image_a-0.5_0092_22_0_230.e9_6.2e9_4.33284e+25_160.dat
        93       0.568671        3.75257        296.695        4.90033        9.84883        7.56763       -1061.51     /gpfs/hpu/EHT2/IHARM_inc+5/MAD_a-0.5_384x192x192_IHARM/m_1_1_160/image_a-0.5_0093_22_0_230.e9_6.2e9_4.33284e+25_160.dat
        94        0.49924        3.85127        315.843        7.66267         13.546        10.8053       -1363.32     /gpfs/hpu/EHT2/IHARM_inc+5/MAD_a-0.5_384x192x192_IHARM/m_1_1_160/image_a-0.5_0094_22_0_230.e9_6.2e9_4.33284e+25_160.dat
        95       0.555291        3.85455        330.626         10.671        11.6996        11.0754          -1407     /gpfs/hpu/EHT2/IHARM_inc+5/MAD_a-0.5_384x192x192_IHARM/m_1_1_160/image_a-0.5_0095_22_0_230.e9_6.2e9_4.33284e+25_160.dat
        96       0.746355        4.13085        351.669        27.2091        53.9407        41.6063       -4370.53     /gpfs/hpu/EHT2/IHARM_inc+5/MAD_a-0.5_384x192x192_IHARM/m_1_1_160/image_a-0.5_0096_22_0_230.e9_6.2e9_4.33284e+25_160.dat
        97       0.468927        3.89898        184.505        5.89899        24.4703        16.1033       -1875.04     /gpfs/hpu/EHT2/IHARM_inc+5/MAD_a-0.5_384x192x192_IHARM/m_1_1_160/image_a-0.5_0097_22_0_230.e9_6.2e9_4.33284e+25_160.dat
        98        0.43364        3.59426         50.279        3.35912        31.0602        18.6645       -2159.57     /gpfs/hpu/EHT2/IHARM_inc+5/MAD_a-0.5_384x192x192_IHARM/m_1_1_160/image_a-0.5_0098_22_0_230.e9_6.2e9_4.33284e+25_160.dat
        99       0.658503        3.71717       -65.9463        7.18736        20.1091        14.2395       -1722.56     /gpfs/hpu/EHT2/IHARM_inc+5/MAD_a-0.5_384x192x192_IHARM/m_1_1_160/image_a-0.5_0099_22_0_230.e9_6.2e9_4.33284e+25_160.dat
