   # Index         I (Jy)      M/D (uas)       PA (deg)  VA red. chisq  CP red. chisq     red. chisq     log-liklhd     FileName
         0       0.524674         3.6846        117.797        13.9385        20.1297        17.2106       -2064.18     /gpfs/hpu/EHT2/IHARM_inc+5/MAD_a0_384x192x192_IHARM/m_1_1_20/image_a0_0000_158_0_230.e9_6.2e9_1.50289e+25_20.dat
         1         0.7113        3.91378        235.533        6.21043        17.2004        12.3209       -1596.73     /gpfs/hpu/EHT2/IHARM_inc+5/MAD_a0_384x192x192_IHARM/m_1_1_20/image_a0_0001_158_0_230.e9_6.2e9_1.50289e+25_20.dat
         2       0.516274        3.62191        183.813        11.8869        11.3178        11.3714       -1389.51     /gpfs/hpu/EHT2/IHARM_inc+5/MAD_a0_384x192x192_IHARM/m_1_1_20/image_a0_0002_158_0_230.e9_6.2e9_1.50289e+25_20.dat
         3       0.777832        4.06446        97.9104        56.0745        85.2247        71.6364       -9872.79     /gpfs/hpu/EHT2/IHARM_inc+5/MAD_a0_384x192x192_IHARM/m_1_1_20/image_a0_0003_158_0_230.e9_6.2e9_1.50289e+25_20.dat
         4       0.494669        3.59163        188.214        11.3492        10.6843        10.7884       -1281.63     /gpfs/hpu/EHT2/IHARM_inc+5/MAD_a0_384x192x192_IHARM/m_1_1_20/image_a0_0004_158_0_230.e9_6.2e9_1.50289e+25_20.dat
         5       0.507813        3.40433        196.241        14.5276         23.901        19.5887       -2308.88     /gpfs/hpu/EHT2/IHARM_inc+5/MAD_a0_384x192x192_IHARM/m_1_1_20/image_a0_0005_158_0_230.e9_6.2e9_1.50289e+25_20.dat
         6       0.522952        3.25133        75.3098        7.58099        6.92617        7.08727       -982.857     /gpfs/hpu/EHT2/IHARM_inc+5/MAD_a0_384x192x192_IHARM/m_1_1_20/image_a0_0006_158_0_230.e9_6.2e9_1.50289e+25_20.dat
         7       0.542114        3.28487         258.25        13.5024         20.699        17.3499       -1916.19     /gpfs/hpu/EHT2/IHARM_inc+5/MAD_a0_384x192x192_IHARM/m_1_1_20/image_a0_0007_158_0_230.e9_6.2e9_1.50289e+25_20.dat
         8       0.672073        3.11552        138.378        27.8006        21.7168        23.9086       -2504.05     /gpfs/hpu/EHT2/IHARM_inc+5/MAD_a0_384x192x192_IHARM/m_1_1_20/image_a0_0008_158_0_230.e9_6.2e9_1.50289e+25_20.dat
         9       0.920943        3.26061        102.377        34.5337        21.5939        26.6568       -2822.84     /gpfs/hpu/EHT2/IHARM_inc+5/MAD_a0_384x192x192_IHARM/m_1_1_20/image_a0_0009_158_0_230.e9_6.2e9_1.50289e+25_20.dat
        10        1.02848        3.22694        303.695        12.2296        15.9055        14.1079          -1688     /gpfs/hpu/EHT2/IHARM_inc+5/MAD_a0_384x192x192_IHARM/m_1_1_20/image_a0_0010_158_0_230.e9_6.2e9_1.50289e+25_20.dat
        11       0.548651        3.36643        129.345         9.9236        31.4213        21.9127       -2372.44     /gpfs/hpu/EHT2/IHARM_inc+5/MAD_a0_384x192x192_IHARM/m_1_1_20/image_a0_0011_158_0_230.e9_6.2e9_1.50289e+25_20.dat
        12       0.654729        3.55197        129.265        11.1604        9.31188        9.93363       -1480.12     /gpfs/hpu/EHT2/IHARM_inc+5/MAD_a0_384x192x192_IHARM/m_1_1_20/image_a0_0012_158_0_230.e9_6.2e9_1.50289e+25_20.dat
        13        1.77253          4.281        139.162        32.6815        42.5706        37.7382        -4278.3     /gpfs/hpu/EHT2/IHARM_inc+5/MAD_a0_384x192x192_IHARM/m_1_1_20/image_a0_0013_158_0_230.e9_6.2e9_1.50289e+25_20.dat
        14         1.0226        4.08828        96.1808        13.7344        14.8665        14.1503       -1664.99     /gpfs/hpu/EHT2/IHARM_inc+5/MAD_a0_384x192x192_IHARM/m_1_1_20/image_a0_0014_158_0_230.e9_6.2e9_1.50289e+25_20.dat
        15        1.09168        3.70107        65.9792        45.7458        12.0538        25.9566       -2811.85     /gpfs/hpu/EHT2/IHARM_inc+5/MAD_a0_384x192x192_IHARM/m_1_1_20/image_a0_0015_158_0_230.e9_6.2e9_1.50289e+25_20.dat
        16       0.834366        3.83617        61.9056        7.76158        15.0639        11.7624       -1398.27     /gpfs/hpu/EHT2/IHARM_inc+5/MAD_a0_384x192x192_IHARM/m_1_1_20/image_a0_0016_158_0_230.e9_6.2e9_1.50289e+25_20.dat
        17       0.887835        3.71679        53.5372        24.5901        93.9356        63.3845       -6190.16     /gpfs/hpu/EHT2/IHARM_inc+5/MAD_a0_384x192x192_IHARM/m_1_1_20/image_a0_0017_158_0_230.e9_6.2e9_1.50289e+25_20.dat
        18       0.943701        3.84382         137.38        32.4812        86.9021        62.7112        -6127.3     /gpfs/hpu/EHT2/IHARM_inc+5/MAD_a0_384x192x192_IHARM/m_1_1_20/image_a0_0018_158_0_230.e9_6.2e9_1.50289e+25_20.dat
        19        1.53268         3.9866        38.7556         21.173        54.5922        39.7169       -5340.85     /gpfs/hpu/EHT2/IHARM_inc+5/MAD_a0_384x192x192_IHARM/m_1_1_20/image_a0_0019_158_0_230.e9_6.2e9_1.50289e+25_20.dat
        20       0.373511        3.49056        234.459        56.3501        77.9039        67.6139       -7264.45     /gpfs/hpu/EHT2/IHARM_inc+5/MAD_a0_384x192x192_IHARM/m_1_1_20/image_a0_0020_158_0_230.e9_6.2e9_1.50289e+25_20.dat
        21       0.904529        4.18925        139.367        7.33355        25.7894        17.6456       -2006.69     /gpfs/hpu/EHT2/IHARM_inc+5/MAD_a0_384x192x192_IHARM/m_1_1_20/image_a0_0021_158_0_230.e9_6.2e9_1.50289e+25_20.dat
        22       0.541267        3.77796        107.607        16.1527        32.5832        25.1762       -2652.29     /gpfs/hpu/EHT2/IHARM_inc+5/MAD_a0_384x192x192_IHARM/m_1_1_20/image_a0_0022_158_0_230.e9_6.2e9_1.50289e+25_20.dat
        23       0.609334        3.70127        180.265        17.5939        20.9812        19.2216       -2121.15     /gpfs/hpu/EHT2/IHARM_inc+5/MAD_a0_384x192x192_IHARM/m_1_1_20/image_a0_0023_158_0_230.e9_6.2e9_1.50289e+25_20.dat
        24       0.583588        3.81401        165.685        13.1595        25.4216        19.8757       -2149.83     /gpfs/hpu/EHT2/IHARM_inc+5/MAD_a0_384x192x192_IHARM/m_1_1_20/image_a0_0024_158_0_230.e9_6.2e9_1.50289e+25_20.dat
        25       0.503171        3.45042        155.964        6.21185        17.3068        12.3816       -1463.24     /gpfs/hpu/EHT2/IHARM_inc+5/MAD_a0_384x192x192_IHARM/m_1_1_20/image_a0_0025_158_0_230.e9_6.2e9_1.50289e+25_20.dat
        26        1.00963        4.08371        184.225        64.8552        51.3306        56.1534       -5568.05     /gpfs/hpu/EHT2/IHARM_inc+5/MAD_a0_384x192x192_IHARM/m_1_1_20/image_a0_0026_158_0_230.e9_6.2e9_1.50289e+25_20.dat
        27       0.961774        3.97049        177.081        78.6986        116.651         98.867       -9542.18     /gpfs/hpu/EHT2/IHARM_inc+5/MAD_a0_384x192x192_IHARM/m_1_1_20/image_a0_0027_158_0_230.e9_6.2e9_1.50289e+25_20.dat
        28         1.0421        3.90725        37.1032        59.0591        107.334        85.3822       -8216.07     /gpfs/hpu/EHT2/IHARM_inc+5/MAD_a0_384x192x192_IHARM/m_1_1_20/image_a0_0028_158_0_230.e9_6.2e9_1.50289e+25_20.dat
        29       0.980047        4.02066        132.647         23.626        30.7011        27.2398       -3515.39     /gpfs/hpu/EHT2/IHARM_inc+5/MAD_a0_384x192x192_IHARM/m_1_1_20/image_a0_0029_158_0_230.e9_6.2e9_1.50289e+25_20.dat
        30       0.966584        3.83887        92.0537         39.661        47.3378        43.3534       -4525.44     /gpfs/hpu/EHT2/IHARM_inc+5/MAD_a0_384x192x192_IHARM/m_1_1_20/image_a0_0030_158_0_230.e9_6.2e9_1.50289e+25_20.dat
        31       0.692805        3.40448        184.246        10.4587        15.8184        13.3176       -1800.64     /gpfs/hpu/EHT2/IHARM_inc+5/MAD_a0_384x192x192_IHARM/m_1_1_20/image_a0_0031_158_0_230.e9_6.2e9_1.50289e+25_20.dat
        32       0.660776        3.41731        172.177        3.47224        12.5158        8.52719       -1128.97     /gpfs/hpu/EHT2/IHARM_inc+5/MAD_a0_384x192x192_IHARM/m_1_1_20/image_a0_0032_158_0_230.e9_6.2e9_1.50289e+25_20.dat
        33       0.608668        3.33127        119.809        9.95149        11.4205        10.6195       -1379.56     /gpfs/hpu/EHT2/IHARM_inc+5/MAD_a0_384x192x192_IHARM/m_1_1_20/image_a0_0033_158_0_230.e9_6.2e9_1.50289e+25_20.dat
        34       0.636461        3.44664        114.364        13.1315        19.0848        16.2823       -1856.71     /gpfs/hpu/EHT2/IHARM_inc+5/MAD_a0_384x192x192_IHARM/m_1_1_20/image_a0_0034_158_0_230.e9_6.2e9_1.50289e+25_20.dat
        35       0.520575        3.17947        128.823        19.7207        36.4331        28.8453       -3026.56     /gpfs/hpu/EHT2/IHARM_inc+5/MAD_a0_384x192x192_IHARM/m_1_1_20/image_a0_0035_158_0_230.e9_6.2e9_1.50289e+25_20.dat
        36       0.584673        3.33263        126.245        9.41205        71.1579        44.1584       -4782.47     /gpfs/hpu/EHT2/IHARM_inc+5/MAD_a0_384x192x192_IHARM/m_1_1_20/image_a0_0036_158_0_230.e9_6.2e9_1.50289e+25_20.dat
        37       0.796492        3.88189        219.882        4.13161        23.1197        14.7967       -1872.41     /gpfs/hpu/EHT2/IHARM_inc+5/MAD_a0_384x192x192_IHARM/m_1_1_20/image_a0_0037_158_0_230.e9_6.2e9_1.50289e+25_20.dat
        38       0.711721        4.04074        173.895        14.8904        15.9505        15.2468       -1704.09     /gpfs/hpu/EHT2/IHARM_inc+5/MAD_a0_384x192x192_IHARM/m_1_1_20/image_a0_0038_158_0_230.e9_6.2e9_1.50289e+25_20.dat
        39       0.670993          3.908        134.965        18.0825        11.5177        14.0771       -1599.64     /gpfs/hpu/EHT2/IHARM_inc+5/MAD_a0_384x192x192_IHARM/m_1_1_20/image_a0_0039_158_0_230.e9_6.2e9_1.50289e+25_20.dat
        40       0.970773        3.76394        140.497        26.0722        82.9241        57.7808       -6246.01     /gpfs/hpu/EHT2/IHARM_inc+5/MAD_a0_384x192x192_IHARM/m_1_1_20/image_a0_0040_158_0_230.e9_6.2e9_1.50289e+25_20.dat
        41        0.80776        3.61829        207.799        29.2537        25.3787        26.5865       -2882.16     /gpfs/hpu/EHT2/IHARM_inc+5/MAD_a0_384x192x192_IHARM/m_1_1_20/image_a0_0041_158_0_230.e9_6.2e9_1.50289e+25_20.dat
        42       0.817068        4.07156        119.043        16.1334        13.8648        14.5881       -1673.93     /gpfs/hpu/EHT2/IHARM_inc+5/MAD_a0_384x192x192_IHARM/m_1_1_20/image_a0_0042_158_0_230.e9_6.2e9_1.50289e+25_20.dat
        43       0.655698        3.67583        191.248        8.09337        22.5941        16.1575       -1877.95     /gpfs/hpu/EHT2/IHARM_inc+5/MAD_a0_384x192x192_IHARM/m_1_1_20/image_a0_0043_158_0_230.e9_6.2e9_1.50289e+25_20.dat
        44       0.546382        3.96267        187.403        18.9437        30.1499        24.9688       -2622.04     /gpfs/hpu/EHT2/IHARM_inc+5/MAD_a0_384x192x192_IHARM/m_1_1_20/image_a0_0044_158_0_230.e9_6.2e9_1.50289e+25_20.dat
        45       0.498019        3.91974        93.8559         15.688        13.6185        14.2625       -1622.33     /gpfs/hpu/EHT2/IHARM_inc+5/MAD_a0_384x192x192_IHARM/m_1_1_20/image_a0_0045_158_0_230.e9_6.2e9_1.50289e+25_20.dat
        46       0.627701        4.04697        83.8742        21.2873        11.9835        15.6816       -1761.78     /gpfs/hpu/EHT2/IHARM_inc+5/MAD_a0_384x192x192_IHARM/m_1_1_20/image_a0_0046_158_0_230.e9_6.2e9_1.50289e+25_20.dat
        47        0.78893         4.2812        76.9362        10.3496        18.2662        14.6554       -1684.79     /gpfs/hpu/EHT2/IHARM_inc+5/MAD_a0_384x192x192_IHARM/m_1_1_20/image_a0_0047_158_0_230.e9_6.2e9_1.50289e+25_20.dat
        48       0.957091        4.34668        58.1731        40.2884        40.5932        39.8038       -4042.33     /gpfs/hpu/EHT2/IHARM_inc+5/MAD_a0_384x192x192_IHARM/m_1_1_20/image_a0_0048_158_0_230.e9_6.2e9_1.50289e+25_20.dat
        49       0.486345        3.45572        176.261        17.1263        22.5096        19.8898       -2132.77     /gpfs/hpu/EHT2/IHARM_inc+5/MAD_a0_384x192x192_IHARM/m_1_1_20/image_a0_0049_158_0_230.e9_6.2e9_1.50289e+25_20.dat
        50       0.537628        3.75421        194.477        5.75612        34.1841        21.7303       -2351.56     /gpfs/hpu/EHT2/IHARM_inc+5/MAD_a0_384x192x192_IHARM/m_1_1_20/image_a0_0050_158_0_230.e9_6.2e9_1.50289e+25_20.dat
        51        0.58263        3.85568        180.571        10.1151         26.349        19.1259       -2115.61     /gpfs/hpu/EHT2/IHARM_inc+5/MAD_a0_384x192x192_IHARM/m_1_1_20/image_a0_0051_158_0_230.e9_6.2e9_1.50289e+25_20.dat
        52       0.462869        3.40002        143.423        8.29895        21.2602        15.4896       -1768.47     /gpfs/hpu/EHT2/IHARM_inc+5/MAD_a0_384x192x192_IHARM/m_1_1_20/image_a0_0052_158_0_230.e9_6.2e9_1.50289e+25_20.dat
        53        0.53053        3.34295        83.6799        23.9846        19.0499        20.8044       -2246.58     /gpfs/hpu/EHT2/IHARM_inc+5/MAD_a0_384x192x192_IHARM/m_1_1_20/image_a0_0053_158_0_230.e9_6.2e9_1.50289e+25_20.dat
        54       0.535633        3.82701         45.174        26.0484        14.3468        19.0098       -2078.82     /gpfs/hpu/EHT2/IHARM_inc+5/MAD_a0_384x192x192_IHARM/m_1_1_20/image_a0_0054_158_0_230.e9_6.2e9_1.50289e+25_20.dat
        55       0.535262         3.6921        72.7098        10.1173        25.1567        18.4528       -2083.65     /gpfs/hpu/EHT2/IHARM_inc+5/MAD_a0_384x192x192_IHARM/m_1_1_20/image_a0_0055_158_0_230.e9_6.2e9_1.50289e+25_20.dat
        56       0.806822        4.05752       -9.60833        13.6564        44.8103        31.0425       -4243.71     /gpfs/hpu/EHT2/IHARM_inc+5/MAD_a0_384x192x192_IHARM/m_1_1_20/image_a0_0056_158_0_230.e9_6.2e9_1.50289e+25_20.dat
        57       0.487171        3.38415         93.958        11.0372        15.1411        13.1768          -1602     /gpfs/hpu/EHT2/IHARM_inc+5/MAD_a0_384x192x192_IHARM/m_1_1_20/image_a0_0057_158_0_230.e9_6.2e9_1.50289e+25_20.dat
        58        0.65924        3.65737        83.3294        8.64239        7.10213         7.6309       -1055.08     /gpfs/hpu/EHT2/IHARM_inc+5/MAD_a0_384x192x192_IHARM/m_1_1_20/image_a0_0058_158_0_230.e9_6.2e9_1.50289e+25_20.dat
        59       0.729911         3.6099        83.4763        19.2962        39.7955        30.5682       -3219.59     /gpfs/hpu/EHT2/IHARM_inc+5/MAD_a0_384x192x192_IHARM/m_1_1_20/image_a0_0059_158_0_230.e9_6.2e9_1.50289e+25_20.dat
        60        0.56632        3.96634        179.341        7.18588        15.9113        12.0005       -1435.93     /gpfs/hpu/EHT2/IHARM_inc+5/MAD_a0_384x192x192_IHARM/m_1_1_20/image_a0_0060_158_0_230.e9_6.2e9_1.50289e+25_20.dat
        61       0.515995        3.44211        168.824        8.61821        16.3117        12.8262       -1519.09     /gpfs/hpu/EHT2/IHARM_inc+5/MAD_a0_384x192x192_IHARM/m_1_1_20/image_a0_0061_158_0_230.e9_6.2e9_1.50289e+25_20.dat
        62       0.745842        4.21375         201.25        10.3416        22.0109        16.7687       -1877.17     /gpfs/hpu/EHT2/IHARM_inc+5/MAD_a0_384x192x192_IHARM/m_1_1_20/image_a0_0062_158_0_230.e9_6.2e9_1.50289e+25_20.dat
        63       0.480273        3.45888        282.965        6.01257        15.1398        11.0734       -1382.66     /gpfs/hpu/EHT2/IHARM_inc+5/MAD_a0_384x192x192_IHARM/m_1_1_20/image_a0_0063_158_0_230.e9_6.2e9_1.50289e+25_20.dat
        64       0.799258        3.98495        252.113        18.8246        11.4276        14.3368       -2014.99     /gpfs/hpu/EHT2/IHARM_inc+5/MAD_a0_384x192x192_IHARM/m_1_1_20/image_a0_0064_158_0_230.e9_6.2e9_1.50289e+25_20.dat
        65       0.591525        3.93687        166.783        4.11074        13.8284        9.53633       -1180.49     /gpfs/hpu/EHT2/IHARM_inc+5/MAD_a0_384x192x192_IHARM/m_1_1_20/image_a0_0065_158_0_230.e9_6.2e9_1.50289e+25_20.dat
        66       0.705997        3.73727        248.754        6.72772         30.814         20.232       -2487.24     /gpfs/hpu/EHT2/IHARM_inc+5/MAD_a0_384x192x192_IHARM/m_1_1_20/image_a0_0066_158_0_230.e9_6.2e9_1.50289e+25_20.dat
        67       0.503501        3.52119        204.695        3.49445        37.9676        22.9223       -2449.64     /gpfs/hpu/EHT2/IHARM_inc+5/MAD_a0_384x192x192_IHARM/m_1_1_20/image_a0_0067_158_0_230.e9_6.2e9_1.50289e+25_20.dat
        68       0.718933         3.6413        178.765        23.6381        34.0032        29.1112       -3137.32     /gpfs/hpu/EHT2/IHARM_inc+5/MAD_a0_384x192x192_IHARM/m_1_1_20/image_a0_0068_158_0_230.e9_6.2e9_1.50289e+25_20.dat
        69       0.498528        3.31188        147.416        23.0719        23.8556        23.1387       -2445.85     /gpfs/hpu/EHT2/IHARM_inc+5/MAD_a0_384x192x192_IHARM/m_1_1_20/image_a0_0069_158_0_230.e9_6.2e9_1.50289e+25_20.dat
        70       0.485653        3.70722        173.832        6.16711        18.0921        12.8068       -1498.56     /gpfs/hpu/EHT2/IHARM_inc+5/MAD_a0_384x192x192_IHARM/m_1_1_20/image_a0_0070_158_0_230.e9_6.2e9_1.50289e+25_20.dat
        71       0.589948        3.80422        183.146        4.88885        15.6504        10.8918       -1364.53     /gpfs/hpu/EHT2/IHARM_inc+5/MAD_a0_384x192x192_IHARM/m_1_1_20/image_a0_0071_158_0_230.e9_6.2e9_1.50289e+25_20.dat
        72       0.648082        4.19397        191.865        7.64007        22.3618        15.8365       -1810.62     /gpfs/hpu/EHT2/IHARM_inc+5/MAD_a0_384x192x192_IHARM/m_1_1_20/image_a0_0072_158_0_230.e9_6.2e9_1.50289e+25_20.dat
        73        1.11093        4.45273        172.699          17.56         26.501        22.3273       -2421.92     /gpfs/hpu/EHT2/IHARM_inc+5/MAD_a0_384x192x192_IHARM/m_1_1_20/image_a0_0073_158_0_230.e9_6.2e9_1.50289e+25_20.dat
        74       0.455795        3.69995        169.133        6.97871        17.9756        13.0805       -1524.63     /gpfs/hpu/EHT2/IHARM_inc+5/MAD_a0_384x192x192_IHARM/m_1_1_20/image_a0_0074_158_0_230.e9_6.2e9_1.50289e+25_20.dat
        75       0.701909        3.79739         72.008        16.5547        16.5646        16.2903        -1847.7     /gpfs/hpu/EHT2/IHARM_inc+5/MAD_a0_384x192x192_IHARM/m_1_1_20/image_a0_0075_158_0_230.e9_6.2e9_1.50289e+25_20.dat
        76       0.716803         3.7954        169.176        8.17968        25.0168        17.5629          -2002     /gpfs/hpu/EHT2/IHARM_inc+5/MAD_a0_384x192x192_IHARM/m_1_1_20/image_a0_0076_158_0_230.e9_6.2e9_1.50289e+25_20.dat
        77       0.483674        3.80915        173.486        5.83836        21.0638        14.3489       -1636.66     /gpfs/hpu/EHT2/IHARM_inc+5/MAD_a0_384x192x192_IHARM/m_1_1_20/image_a0_0077_158_0_230.e9_6.2e9_1.50289e+25_20.dat
        78       0.658093        3.99914         108.93        5.91667        7.08201        6.47887       -920.943     /gpfs/hpu/EHT2/IHARM_inc+5/MAD_a0_384x192x192_IHARM/m_1_1_20/image_a0_0078_158_0_230.e9_6.2e9_1.50289e+25_20.dat
        79       0.577719        4.13925        99.0703        16.4686        14.6121        15.1508       -1687.66     /gpfs/hpu/EHT2/IHARM_inc+5/MAD_a0_384x192x192_IHARM/m_1_1_20/image_a0_0079_158_0_230.e9_6.2e9_1.50289e+25_20.dat
        80       0.566089        3.61115        171.827        12.0275          44.78        30.3437       -3330.82     /gpfs/hpu/EHT2/IHARM_inc+5/MAD_a0_384x192x192_IHARM/m_1_1_20/image_a0_0080_158_0_230.e9_6.2e9_1.50289e+25_20.dat
        81       0.796139        3.99184        160.467         11.119        14.1821         12.669       -1523.36     /gpfs/hpu/EHT2/IHARM_inc+5/MAD_a0_384x192x192_IHARM/m_1_1_20/image_a0_0081_158_0_230.e9_6.2e9_1.50289e+25_20.dat
        82       0.475651        3.99456        74.8849        8.48788         13.607        11.2429       -1338.74     /gpfs/hpu/EHT2/IHARM_inc+5/MAD_a0_384x192x192_IHARM/m_1_1_20/image_a0_0082_158_0_230.e9_6.2e9_1.50289e+25_20.dat
        83       0.497833        3.79851        173.226        10.1014        15.7212        13.1131       -1520.44     /gpfs/hpu/EHT2/IHARM_inc+5/MAD_a0_384x192x192_IHARM/m_1_1_20/image_a0_0083_158_0_230.e9_6.2e9_1.50289e+25_20.dat
        84       0.429032        3.47925        118.568        10.1141        20.4305        15.7802          -1823     /gpfs/hpu/EHT2/IHARM_inc+5/MAD_a0_384x192x192_IHARM/m_1_1_20/image_a0_0084_158_0_230.e9_6.2e9_1.50289e+25_20.dat
        85       0.580227        3.42439        91.8379        8.01881        12.8622        10.6256       -1301.61     /gpfs/hpu/EHT2/IHARM_inc+5/MAD_a0_384x192x192_IHARM/m_1_1_20/image_a0_0085_158_0_230.e9_6.2e9_1.50289e+25_20.dat
        86       0.464801        3.38789        45.7584        13.5124        53.0165        35.6205       -4012.44     /gpfs/hpu/EHT2/IHARM_inc+5/MAD_a0_384x192x192_IHARM/m_1_1_20/image_a0_0086_158_0_230.e9_6.2e9_1.50289e+25_20.dat
        87        1.45604        4.17625        104.291        27.7014        29.6315        28.3407       -3115.99     /gpfs/hpu/EHT2/IHARM_inc+5/MAD_a0_384x192x192_IHARM/m_1_1_20/image_a0_0087_158_0_230.e9_6.2e9_1.50289e+25_20.dat
        88         1.0407        4.13784        70.0124        36.5681        12.6187        22.4353       -2451.65     /gpfs/hpu/EHT2/IHARM_inc+5/MAD_a0_384x192x192_IHARM/m_1_1_20/image_a0_0088_158_0_230.e9_6.2e9_1.50289e+25_20.dat
        89       0.728492         3.1116        147.176        27.4665        20.2712        22.9518       -2664.41     /gpfs/hpu/EHT2/IHARM_inc+5/MAD_a0_384x192x192_IHARM/m_1_1_20/image_a0_0089_158_0_230.e9_6.2e9_1.50289e+25_20.dat
        90       0.466491        3.33156        102.859        14.9246        56.7675        38.3316       -3953.57     /gpfs/hpu/EHT2/IHARM_inc+5/MAD_a0_384x192x192_IHARM/m_1_1_20/image_a0_0090_158_0_230.e9_6.2e9_1.50289e+25_20.dat
        91       0.739517        3.81309       -7.52963        6.32466        53.3388        32.7948       -3436.53     /gpfs/hpu/EHT2/IHARM_inc+5/MAD_a0_384x192x192_IHARM/m_1_1_20/image_a0_0091_158_0_230.e9_6.2e9_1.50289e+25_20.dat
        92       0.821661        3.66829       -141.573        11.3339        24.2653        18.4582       -2087.43     /gpfs/hpu/EHT2/IHARM_inc+5/MAD_a0_384x192x192_IHARM/m_1_1_20/image_a0_0092_158_0_230.e9_6.2e9_1.50289e+25_20.dat
        93       0.760423        4.09945       -324.305        35.8606        35.7632        35.2209       -3799.36     /gpfs/hpu/EHT2/IHARM_inc+5/MAD_a0_384x192x192_IHARM/m_1_1_20/image_a0_0093_158_0_230.e9_6.2e9_1.50289e+25_20.dat
        94       0.818218        3.33818       -237.983        10.8762        29.0926        20.9951       -2406.79     /gpfs/hpu/EHT2/IHARM_inc+5/MAD_a0_384x192x192_IHARM/m_1_1_20/image_a0_0094_158_0_230.e9_6.2e9_1.50289e+25_20.dat
        95       0.618908        3.68949       -208.392        4.62411        31.8792        19.9537       -2203.74     /gpfs/hpu/EHT2/IHARM_inc+5/MAD_a0_384x192x192_IHARM/m_1_1_20/image_a0_0095_158_0_230.e9_6.2e9_1.50289e+25_20.dat
        96       0.852056        3.92432       -210.189        14.1205        27.5191        21.4634       -2373.73     /gpfs/hpu/EHT2/IHARM_inc+5/MAD_a0_384x192x192_IHARM/m_1_1_20/image_a0_0096_158_0_230.e9_6.2e9_1.50289e+25_20.dat
        97       0.575083        3.65927       -171.753        13.2834        18.9494        16.2693       -1814.67     /gpfs/hpu/EHT2/IHARM_inc+5/MAD_a0_384x192x192_IHARM/m_1_1_20/image_a0_0097_158_0_230.e9_6.2e9_1.50289e+25_20.dat
        98        0.52445        3.79405       -135.288        13.1759        20.4241        17.0579       -1861.02     /gpfs/hpu/EHT2/IHARM_inc+5/MAD_a0_384x192x192_IHARM/m_1_1_20/image_a0_0098_158_0_230.e9_6.2e9_1.50289e+25_20.dat
        99       0.509674        3.92356       -157.051          9.122        16.3152         13.039       -1487.62     /gpfs/hpu/EHT2/IHARM_inc+5/MAD_a0_384x192x192_IHARM/m_1_1_20/image_a0_0099_158_0_230.e9_6.2e9_1.50289e+25_20.dat
