   # Index         I (Jy)      M/D (uas)       PA (deg)  VA red. chisq  CP red. chisq     red. chisq     log-liklhd     FileName
         0        0.39579        4.13021       -176.704         15.781        10.4634        12.3831       -1109.24     /gpfs/hpu/EHT2/IHARM/MAD/MAD_a+0.5_384x192x192_IHARM/m_1_1_10/image_a+0.5_0000_163_0_230.e9_6.2e9_9.76006e+24_10.dat
         1       0.423949        4.28585       -173.715        19.7978        12.2931        15.0569       -1333.21     /gpfs/hpu/EHT2/IHARM/MAD/MAD_a+0.5_384x192x192_IHARM/m_1_1_10/image_a+0.5_0001_163_0_230.e9_6.2e9_9.76006e+24_10.dat
         2       0.389417        4.21936       -210.954        8.25875         12.279        10.3823       -981.347     /gpfs/hpu/EHT2/IHARM/MAD/MAD_a+0.5_384x192x192_IHARM/m_1_1_10/image_a+0.5_0002_163_0_230.e9_6.2e9_9.76006e+24_10.dat
         3       0.488868        4.00841        -166.41        75.9978        47.2189        57.8158       -4257.79     /gpfs/hpu/EHT2/IHARM/MAD/MAD_a+0.5_384x192x192_IHARM/m_1_1_10/image_a+0.5_0003_163_0_230.e9_6.2e9_9.76006e+24_10.dat
         4       0.423248        3.74692       -165.002         46.305        21.2666        30.9233       -2424.88     /gpfs/hpu/EHT2/IHARM/MAD/MAD_a+0.5_384x192x192_IHARM/m_1_1_10/image_a+0.5_0004_163_0_230.e9_6.2e9_9.76006e+24_10.dat
         5       0.523478        3.99258       -178.517        31.6103        15.4912        21.6683       -1847.26     /gpfs/hpu/EHT2/IHARM/MAD/MAD_a+0.5_384x192x192_IHARM/m_1_1_10/image_a+0.5_0005_163_0_230.e9_6.2e9_9.76006e+24_10.dat
         6       0.395841         4.1583        -176.39        31.2422        17.2747        22.5423       -1871.81     /gpfs/hpu/EHT2/IHARM/MAD/MAD_a+0.5_384x192x192_IHARM/m_1_1_10/image_a+0.5_0006_163_0_230.e9_6.2e9_9.76006e+24_10.dat
         7       0.383822        4.19381        -210.08        48.5612        21.2647        31.8346       -2453.87     /gpfs/hpu/EHT2/IHARM/MAD/MAD_a+0.5_384x192x192_IHARM/m_1_1_10/image_a+0.5_0007_163_0_230.e9_6.2e9_9.76006e+24_10.dat
         8       0.548317        4.49751       -177.665        59.6011        20.3745        35.7887       -2786.47     /gpfs/hpu/EHT2/IHARM/MAD/MAD_a+0.5_384x192x192_IHARM/m_1_1_10/image_a+0.5_0008_163_0_230.e9_6.2e9_9.76006e+24_10.dat
         9       0.497256         3.6217       -203.823        17.9257        20.5806         19.053       -1679.99     /gpfs/hpu/EHT2/IHARM/MAD/MAD_a+0.5_384x192x192_IHARM/m_1_1_10/image_a+0.5_0009_163_0_230.e9_6.2e9_9.76006e+24_10.dat
        10       0.972451        4.49988       -310.674         35.889        26.1492        29.5113       -2399.22     /gpfs/hpu/EHT2/IHARM/MAD/MAD_a+0.5_384x192x192_IHARM/m_1_1_10/image_a+0.5_0010_163_0_230.e9_6.2e9_9.76006e+24_10.dat
        11       0.432214        4.16673       -279.155        29.9095         23.334        25.4785       -2018.55     /gpfs/hpu/EHT2/IHARM/MAD/MAD_a+0.5_384x192x192_IHARM/m_1_1_10/image_a+0.5_0011_163_0_230.e9_6.2e9_9.76006e+24_10.dat
        12       0.376503        4.32218       -267.335        9.70008        10.7253        10.0741       -954.247     /gpfs/hpu/EHT2/IHARM/MAD/MAD_a+0.5_384x192x192_IHARM/m_1_1_10/image_a+0.5_0012_163_0_230.e9_6.2e9_9.76006e+24_10.dat
        13       0.329447        4.01933       -226.269        25.4447        21.2051        22.4519        -1814.8     /gpfs/hpu/EHT2/IHARM/MAD/MAD_a+0.5_384x192x192_IHARM/m_1_1_10/image_a+0.5_0013_163_0_230.e9_6.2e9_9.76006e+24_10.dat
        14        1.01367        4.58481       -189.578        43.3403        77.9706        62.2457       -4776.16     /gpfs/hpu/EHT2/IHARM/MAD/MAD_a+0.5_384x192x192_IHARM/m_1_1_10/image_a+0.5_0014_163_0_230.e9_6.2e9_9.76006e+24_10.dat
        15       0.370165        3.65012       -116.742        18.0041        28.5503        23.6555       -1949.04     /gpfs/hpu/EHT2/IHARM/MAD/MAD_a+0.5_384x192x192_IHARM/m_1_1_10/image_a+0.5_0015_163_0_230.e9_6.2e9_9.76006e+24_10.dat
        16       0.494831        4.17736       -269.244        11.4537        31.3049        22.5863       -1831.98     /gpfs/hpu/EHT2/IHARM/MAD/MAD_a+0.5_384x192x192_IHARM/m_1_1_10/image_a+0.5_0016_163_0_230.e9_6.2e9_9.76006e+24_10.dat
        17       0.410245        3.65089       -267.547        6.33102        11.7853        9.31957       -939.884     /gpfs/hpu/EHT2/IHARM/MAD/MAD_a+0.5_384x192x192_IHARM/m_1_1_10/image_a+0.5_0017_163_0_230.e9_6.2e9_9.76006e+24_10.dat
        18       0.365411        3.51167       -158.863        11.1193        14.3611        12.7333       -1175.56     /gpfs/hpu/EHT2/IHARM/MAD/MAD_a+0.5_384x192x192_IHARM/m_1_1_10/image_a+0.5_0018_163_0_230.e9_6.2e9_9.76006e+24_10.dat
        19       0.442842        3.63648       -186.557        16.7905         26.752        22.1333       -1811.99     /gpfs/hpu/EHT2/IHARM/MAD/MAD_a+0.5_384x192x192_IHARM/m_1_1_10/image_a+0.5_0019_163_0_230.e9_6.2e9_9.76006e+24_10.dat
        20       0.674396        3.44478        -277.65         45.303        26.0676        33.2716       -2611.56     /gpfs/hpu/EHT2/IHARM/MAD/MAD_a+0.5_384x192x192_IHARM/m_1_1_10/image_a+0.5_0020_163_0_230.e9_6.2e9_9.76006e+24_10.dat
        21       0.814969        3.57166       -158.478        9.90181        43.5511        28.9822       -2386.58     /gpfs/hpu/EHT2/IHARM/MAD/MAD_a+0.5_384x192x192_IHARM/m_1_1_10/image_a+0.5_0021_163_0_230.e9_6.2e9_9.76006e+24_10.dat
        22       0.723403        3.84198       -259.087        25.2061        25.3252        24.7184       -2043.01     /gpfs/hpu/EHT2/IHARM/MAD/MAD_a+0.5_384x192x192_IHARM/m_1_1_10/image_a+0.5_0022_163_0_230.e9_6.2e9_9.76006e+24_10.dat
        23        0.47864        3.77257       -305.384        18.0849        14.7969        15.8002       -1389.74     /gpfs/hpu/EHT2/IHARM/MAD/MAD_a+0.5_384x192x192_IHARM/m_1_1_10/image_a+0.5_0023_163_0_230.e9_6.2e9_9.76006e+24_10.dat
        24       0.872984        3.46253       -246.165        15.2021        26.6075        21.4081       -1858.03     /gpfs/hpu/EHT2/IHARM/MAD/MAD_a+0.5_384x192x192_IHARM/m_1_1_10/image_a+0.5_0024_163_0_230.e9_6.2e9_9.76006e+24_10.dat
        25       0.587994        3.74712       -226.396        23.6184        47.5358        36.8147       -2811.71     /gpfs/hpu/EHT2/IHARM/MAD/MAD_a+0.5_384x192x192_IHARM/m_1_1_10/image_a+0.5_0025_163_0_230.e9_6.2e9_9.76006e+24_10.dat
        26       0.478975        3.39403       -160.709        11.4757        12.7704        11.9651       -1098.82     /gpfs/hpu/EHT2/IHARM/MAD/MAD_a+0.5_384x192x192_IHARM/m_1_1_10/image_a+0.5_0026_163_0_230.e9_6.2e9_9.76006e+24_10.dat
        27       0.717051        3.91378       -233.734        9.26326        44.7221        29.3956       -2379.15     /gpfs/hpu/EHT2/IHARM/MAD/MAD_a+0.5_384x192x192_IHARM/m_1_1_10/image_a+0.5_0027_163_0_230.e9_6.2e9_9.76006e+24_10.dat
        28       0.988136        2.99393        -164.91        42.4435        71.8029        58.3457       -4746.33     /gpfs/hpu/EHT2/IHARM/MAD/MAD_a+0.5_384x192x192_IHARM/m_1_1_10/image_a+0.5_0028_163_0_230.e9_6.2e9_9.76006e+24_10.dat
        29        1.23425        3.81905       -264.692        60.1358        63.0717        60.4931        -4689.8     /gpfs/hpu/EHT2/IHARM/MAD/MAD_a+0.5_384x192x192_IHARM/m_1_1_10/image_a+0.5_0029_163_0_230.e9_6.2e9_9.76006e+24_10.dat
        30       0.501895        3.44237       -182.401        11.0609        23.9491        18.2087       -1564.65     /gpfs/hpu/EHT2/IHARM/MAD/MAD_a+0.5_384x192x192_IHARM/m_1_1_10/image_a+0.5_0030_163_0_230.e9_6.2e9_9.76006e+24_10.dat
        31       0.371752        3.71067       -189.203        9.95226        12.2652        11.0593       -1046.87     /gpfs/hpu/EHT2/IHARM/MAD/MAD_a+0.5_384x192x192_IHARM/m_1_1_10/image_a+0.5_0031_163_0_230.e9_6.2e9_9.76006e+24_10.dat
        32       0.472561        3.92922       -227.839        22.3611        36.8882        30.1996       -2389.64     /gpfs/hpu/EHT2/IHARM/MAD/MAD_a+0.5_384x192x192_IHARM/m_1_1_10/image_a+0.5_0032_163_0_230.e9_6.2e9_9.76006e+24_10.dat
        33       0.491015         3.5506       -219.033        29.1089        16.8386        21.4294       -1750.09     /gpfs/hpu/EHT2/IHARM/MAD/MAD_a+0.5_384x192x192_IHARM/m_1_1_10/image_a+0.5_0033_163_0_230.e9_6.2e9_9.76006e+24_10.dat
        34         1.4513        4.30276       -231.326        27.1889        21.5307         23.344       -2046.49     /gpfs/hpu/EHT2/IHARM/MAD/MAD_a+0.5_384x192x192_IHARM/m_1_1_10/image_a+0.5_0034_163_0_230.e9_6.2e9_9.76006e+24_10.dat
        35       0.818804        4.17643       -274.275        59.5675         31.113         41.934       -3214.39     /gpfs/hpu/EHT2/IHARM/MAD/MAD_a+0.5_384x192x192_IHARM/m_1_1_10/image_a+0.5_0035_163_0_230.e9_6.2e9_9.76006e+24_10.dat
        36        0.91141         4.2705       -323.525        29.9244        67.9307        51.0621       -3833.94     /gpfs/hpu/EHT2/IHARM/MAD/MAD_a+0.5_384x192x192_IHARM/m_1_1_10/image_a+0.5_0036_163_0_230.e9_6.2e9_9.76006e+24_10.dat
        37       0.469483        3.52276       -302.752        28.1728        186.915        118.595       -8772.95     /gpfs/hpu/EHT2/IHARM/MAD/MAD_a+0.5_384x192x192_IHARM/m_1_1_10/image_a+0.5_0037_163_0_230.e9_6.2e9_9.76006e+24_10.dat
        38       0.403509        3.74009       -198.534        7.07907        13.1178        10.3863       -1005.95     /gpfs/hpu/EHT2/IHARM/MAD/MAD_a+0.5_384x192x192_IHARM/m_1_1_10/image_a+0.5_0038_163_0_230.e9_6.2e9_9.76006e+24_10.dat
        39       0.456543        3.64083       -171.952        31.2274        26.6236        27.8982       -2236.33     /gpfs/hpu/EHT2/IHARM/MAD/MAD_a+0.5_384x192x192_IHARM/m_1_1_10/image_a+0.5_0039_163_0_230.e9_6.2e9_9.76006e+24_10.dat
        40       0.404684        4.19643       -248.906        11.1647        17.1704        14.3629       -1247.24     /gpfs/hpu/EHT2/IHARM/MAD/MAD_a+0.5_384x192x192_IHARM/m_1_1_10/image_a+0.5_0040_163_0_230.e9_6.2e9_9.76006e+24_10.dat
        41       0.478217        4.22845       -236.782        39.0212        15.2097        24.5038       -1979.11     /gpfs/hpu/EHT2/IHARM/MAD/MAD_a+0.5_384x192x192_IHARM/m_1_1_10/image_a+0.5_0041_163_0_230.e9_6.2e9_9.76006e+24_10.dat
        42       0.436751         4.0419       -250.206        24.2415        19.2586         20.849        -1726.2     /gpfs/hpu/EHT2/IHARM/MAD/MAD_a+0.5_384x192x192_IHARM/m_1_1_10/image_a+0.5_0042_163_0_230.e9_6.2e9_9.76006e+24_10.dat
        43       0.443985        3.95591       -168.936        29.4102        16.0881        21.1208       -1770.57     /gpfs/hpu/EHT2/IHARM/MAD/MAD_a+0.5_384x192x192_IHARM/m_1_1_10/image_a+0.5_0043_163_0_230.e9_6.2e9_9.76006e+24_10.dat
        44       0.381326        3.93151       -246.455        17.4347        14.3537         15.283        -1318.3     /gpfs/hpu/EHT2/IHARM/MAD/MAD_a+0.5_384x192x192_IHARM/m_1_1_10/image_a+0.5_0044_163_0_230.e9_6.2e9_9.76006e+24_10.dat
        45       0.418959        3.90036       -196.364        24.8865        8.63842        15.0188       -1304.73     /gpfs/hpu/EHT2/IHARM/MAD/MAD_a+0.5_384x192x192_IHARM/m_1_1_10/image_a+0.5_0045_163_0_230.e9_6.2e9_9.76006e+24_10.dat
        46       0.376293        3.74917       -250.882        19.9902        16.6513        17.6343        -1472.4     /gpfs/hpu/EHT2/IHARM/MAD/MAD_a+0.5_384x192x192_IHARM/m_1_1_10/image_a+0.5_0046_163_0_230.e9_6.2e9_9.76006e+24_10.dat
        47        0.38611         3.7673       -254.757        18.8785        16.9233        17.3407       -1477.79     /gpfs/hpu/EHT2/IHARM/MAD/MAD_a+0.5_384x192x192_IHARM/m_1_1_10/image_a+0.5_0047_163_0_230.e9_6.2e9_9.76006e+24_10.dat
        48       0.358349        3.99247       -187.202        9.33882        14.3583        12.0117       -1107.08     /gpfs/hpu/EHT2/IHARM/MAD/MAD_a+0.5_384x192x192_IHARM/m_1_1_10/image_a+0.5_0048_163_0_230.e9_6.2e9_9.76006e+24_10.dat
        49       0.387471        3.89414       -229.976        21.7072        20.8195        20.7192       -1696.51     /gpfs/hpu/EHT2/IHARM/MAD/MAD_a+0.5_384x192x192_IHARM/m_1_1_10/image_a+0.5_0049_163_0_230.e9_6.2e9_9.76006e+24_10.dat
        50       0.562744        3.89781       -156.802        39.7773        17.0132         25.844       -2118.05     /gpfs/hpu/EHT2/IHARM/MAD/MAD_a+0.5_384x192x192_IHARM/m_1_1_10/image_a+0.5_0050_163_0_230.e9_6.2e9_9.76006e+24_10.dat
        51       0.481917        3.91437        -185.52        33.6334        12.5803        20.8169        -1725.9     /gpfs/hpu/EHT2/IHARM/MAD/MAD_a+0.5_384x192x192_IHARM/m_1_1_10/image_a+0.5_0051_163_0_230.e9_6.2e9_9.76006e+24_10.dat
        52       0.426188         3.7227       -173.118        25.2506        12.5487        17.4087       -1496.84     /gpfs/hpu/EHT2/IHARM/MAD/MAD_a+0.5_384x192x192_IHARM/m_1_1_10/image_a+0.5_0052_163_0_230.e9_6.2e9_9.76006e+24_10.dat
        53       0.440646        3.81199       -184.132        21.4366        14.7436        17.1251       -1496.42     /gpfs/hpu/EHT2/IHARM/MAD/MAD_a+0.5_384x192x192_IHARM/m_1_1_10/image_a+0.5_0053_163_0_230.e9_6.2e9_9.76006e+24_10.dat
        54       0.438684        3.75658       -210.194        23.0249        11.0406        15.6437       -1365.22     /gpfs/hpu/EHT2/IHARM/MAD/MAD_a+0.5_384x192x192_IHARM/m_1_1_10/image_a+0.5_0054_163_0_230.e9_6.2e9_9.76006e+24_10.dat
        55        0.40338        3.86179       -231.099        14.3322         15.667        14.7816       -1298.99     /gpfs/hpu/EHT2/IHARM/MAD/MAD_a+0.5_384x192x192_IHARM/m_1_1_10/image_a+0.5_0055_163_0_230.e9_6.2e9_9.76006e+24_10.dat
        56       0.380348        3.82123       -227.515        4.54369        6.37345        5.49288       -652.696     /gpfs/hpu/EHT2/IHARM/MAD/MAD_a+0.5_384x192x192_IHARM/m_1_1_10/image_a+0.5_0056_163_0_230.e9_6.2e9_9.76006e+24_10.dat
        57       0.427433        3.71822       -191.011        10.8224        11.1752         10.786        -1043.5     /gpfs/hpu/EHT2/IHARM/MAD/MAD_a+0.5_384x192x192_IHARM/m_1_1_10/image_a+0.5_0057_163_0_230.e9_6.2e9_9.76006e+24_10.dat
        58       0.457667        3.85222       -229.835        14.8288        8.23983        10.7227       -1014.68     /gpfs/hpu/EHT2/IHARM/MAD/MAD_a+0.5_384x192x192_IHARM/m_1_1_10/image_a+0.5_0058_163_0_230.e9_6.2e9_9.76006e+24_10.dat
        59       0.395978        3.91187       -229.478         8.2597         9.6644        8.88313       -891.228     /gpfs/hpu/EHT2/IHARM/MAD/MAD_a+0.5_384x192x192_IHARM/m_1_1_10/image_a+0.5_0059_163_0_230.e9_6.2e9_9.76006e+24_10.dat
        60       0.447274        3.79414        -274.55        31.0175        39.3213        35.0958       -2734.13     /gpfs/hpu/EHT2/IHARM/MAD/MAD_a+0.5_384x192x192_IHARM/m_1_1_10/image_a+0.5_0060_163_0_230.e9_6.2e9_9.76006e+24_10.dat
        61        1.15134        4.36736       -224.521        48.2199        71.9064        60.7411       -4595.61     /gpfs/hpu/EHT2/IHARM/MAD/MAD_a+0.5_384x192x192_IHARM/m_1_1_10/image_a+0.5_0061_163_0_230.e9_6.2e9_9.76006e+24_10.dat
        62       0.920047        3.99291       -264.299        44.2866        195.246        129.889       -9341.45     /gpfs/hpu/EHT2/IHARM/MAD/MAD_a+0.5_384x192x192_IHARM/m_1_1_10/image_a+0.5_0062_163_0_230.e9_6.2e9_9.76006e+24_10.dat
        63        1.15424        4.31359       -292.801        32.4053        55.8162        45.1173       -3483.22     /gpfs/hpu/EHT2/IHARM/MAD/MAD_a+0.5_384x192x192_IHARM/m_1_1_10/image_a+0.5_0063_163_0_230.e9_6.2e9_9.76006e+24_10.dat
        64       0.627882        4.05466       -216.955        48.4045         82.605        66.9517       -4909.75     /gpfs/hpu/EHT2/IHARM/MAD/MAD_a+0.5_384x192x192_IHARM/m_1_1_10/image_a+0.5_0064_163_0_230.e9_6.2e9_9.76006e+24_10.dat
        65       0.482411         3.5685       -255.098        10.3402        10.7094        10.3239       -1003.17     /gpfs/hpu/EHT2/IHARM/MAD/MAD_a+0.5_384x192x192_IHARM/m_1_1_10/image_a+0.5_0065_163_0_230.e9_6.2e9_9.76006e+24_10.dat
        66       0.515269        3.66128       -178.312         24.505        17.9368        20.1974       -1655.45     /gpfs/hpu/EHT2/IHARM/MAD/MAD_a+0.5_384x192x192_IHARM/m_1_1_10/image_a+0.5_0066_163_0_230.e9_6.2e9_9.76006e+24_10.dat
        67       0.479891        3.67912       -232.052        8.27842        9.85723         9.0013       -888.346     /gpfs/hpu/EHT2/IHARM/MAD/MAD_a+0.5_384x192x192_IHARM/m_1_1_10/image_a+0.5_0067_163_0_230.e9_6.2e9_9.76006e+24_10.dat
        68        0.49619        3.71581       -245.361        4.27174        10.7777        7.90889       -838.208     /gpfs/hpu/EHT2/IHARM/MAD/MAD_a+0.5_384x192x192_IHARM/m_1_1_10/image_a+0.5_0068_163_0_230.e9_6.2e9_9.76006e+24_10.dat
        69        0.56057         3.4965       -140.392        21.2082        53.1453        39.0573       -3105.45     /gpfs/hpu/EHT2/IHARM/MAD/MAD_a+0.5_384x192x192_IHARM/m_1_1_10/image_a+0.5_0069_163_0_230.e9_6.2e9_9.76006e+24_10.dat
        70       0.629976        4.26478       -223.377        13.8092        28.2778        21.8027       -1800.74     /gpfs/hpu/EHT2/IHARM/MAD/MAD_a+0.5_384x192x192_IHARM/m_1_1_10/image_a+0.5_0070_163_0_230.e9_6.2e9_9.76006e+24_10.dat
        71       0.431523        3.83764       -281.463        19.1128        22.7481        20.7761       -1701.71     /gpfs/hpu/EHT2/IHARM/MAD/MAD_a+0.5_384x192x192_IHARM/m_1_1_10/image_a+0.5_0071_163_0_230.e9_6.2e9_9.76006e+24_10.dat
        72       0.436779        3.87048        -301.37        14.5929        12.6544        13.1592       -1170.26     /gpfs/hpu/EHT2/IHARM/MAD/MAD_a+0.5_384x192x192_IHARM/m_1_1_10/image_a+0.5_0072_163_0_230.e9_6.2e9_9.76006e+24_10.dat
        73       0.611265        3.65072       -268.753        37.0159        42.0921        39.1107       -3139.13     /gpfs/hpu/EHT2/IHARM/MAD/MAD_a+0.5_384x192x192_IHARM/m_1_1_10/image_a+0.5_0073_163_0_230.e9_6.2e9_9.76006e+24_10.dat
        74       0.424693        4.20603       -238.982        10.6856        24.1458        18.1697       -1518.59     /gpfs/hpu/EHT2/IHARM/MAD/MAD_a+0.5_384x192x192_IHARM/m_1_1_10/image_a+0.5_0074_163_0_230.e9_6.2e9_9.76006e+24_10.dat
        75       0.477152        3.66849       -251.415        28.7865        13.1141        19.1629       -1616.46     /gpfs/hpu/EHT2/IHARM/MAD/MAD_a+0.5_384x192x192_IHARM/m_1_1_10/image_a+0.5_0075_163_0_230.e9_6.2e9_9.76006e+24_10.dat
        76       0.539606        4.03169       -274.771        11.0806        22.7441        17.5255       -1531.66     /gpfs/hpu/EHT2/IHARM/MAD/MAD_a+0.5_384x192x192_IHARM/m_1_1_10/image_a+0.5_0076_163_0_230.e9_6.2e9_9.76006e+24_10.dat
        77       0.406643        3.83697       -264.534        11.9445        11.7564        11.5731        -1072.7     /gpfs/hpu/EHT2/IHARM/MAD/MAD_a+0.5_384x192x192_IHARM/m_1_1_10/image_a+0.5_0077_163_0_230.e9_6.2e9_9.76006e+24_10.dat
        78       0.401225        3.59414       -198.904        28.6302        36.8381        32.7061       -2555.78     /gpfs/hpu/EHT2/IHARM/MAD/MAD_a+0.5_384x192x192_IHARM/m_1_1_10/image_a+0.5_0078_163_0_230.e9_6.2e9_9.76006e+24_10.dat
        79       0.478395         4.0632       -191.645        22.4146        19.1647        20.0562       -1679.65     /gpfs/hpu/EHT2/IHARM/MAD/MAD_a+0.5_384x192x192_IHARM/m_1_1_10/image_a+0.5_0079_163_0_230.e9_6.2e9_9.76006e+24_10.dat
        80       0.410997        3.92912        -211.88        37.3963        18.3615        25.6544        -2025.7     /gpfs/hpu/EHT2/IHARM/MAD/MAD_a+0.5_384x192x192_IHARM/m_1_1_10/image_a+0.5_0080_163_0_230.e9_6.2e9_9.76006e+24_10.dat
        81       0.527808        3.69281       -255.374        27.9919        28.2372        27.5151        -2243.8     /gpfs/hpu/EHT2/IHARM/MAD/MAD_a+0.5_384x192x192_IHARM/m_1_1_10/image_a+0.5_0081_163_0_230.e9_6.2e9_9.76006e+24_10.dat
        82       0.440268        3.93252       -218.909         10.371        6.00961        7.64085       -802.644     /gpfs/hpu/EHT2/IHARM/MAD/MAD_a+0.5_384x192x192_IHARM/m_1_1_10/image_a+0.5_0082_163_0_230.e9_6.2e9_9.76006e+24_10.dat
        83       0.488962        3.57256        -170.17        35.0224        16.9377        23.8777       -1967.01     /gpfs/hpu/EHT2/IHARM/MAD/MAD_a+0.5_384x192x192_IHARM/m_1_1_10/image_a+0.5_0083_163_0_230.e9_6.2e9_9.76006e+24_10.dat
        84       0.406399        3.87998       -213.788        18.9943        11.8376        14.4707       -1254.39     /gpfs/hpu/EHT2/IHARM/MAD/MAD_a+0.5_384x192x192_IHARM/m_1_1_10/image_a+0.5_0084_163_0_230.e9_6.2e9_9.76006e+24_10.dat
        85       0.699698        3.48475        -213.57         14.473        18.7352        16.5983       -1516.28     /gpfs/hpu/EHT2/IHARM/MAD/MAD_a+0.5_384x192x192_IHARM/m_1_1_10/image_a+0.5_0085_163_0_230.e9_6.2e9_9.76006e+24_10.dat
        86       0.713633        3.84101       -239.979        15.4238        42.1275        30.3989       -2458.94     /gpfs/hpu/EHT2/IHARM/MAD/MAD_a+0.5_384x192x192_IHARM/m_1_1_10/image_a+0.5_0086_163_0_230.e9_6.2e9_9.76006e+24_10.dat
        87       0.485519         4.0141        -201.63        8.92553        11.6211        10.2746       -1010.72     /gpfs/hpu/EHT2/IHARM/MAD/MAD_a+0.5_384x192x192_IHARM/m_1_1_10/image_a+0.5_0087_163_0_230.e9_6.2e9_9.76006e+24_10.dat
        88       0.471861        3.68484       -242.841        17.8329        15.9535        16.3616       -1427.26     /gpfs/hpu/EHT2/IHARM/MAD/MAD_a+0.5_384x192x192_IHARM/m_1_1_10/image_a+0.5_0088_163_0_230.e9_6.2e9_9.76006e+24_10.dat
        89       0.666729        3.57091       -190.666        22.9657        61.3198        44.4563       -4471.37     /gpfs/hpu/EHT2/IHARM/MAD/MAD_a+0.5_384x192x192_IHARM/m_1_1_10/image_a+0.5_0089_163_0_230.e9_6.2e9_9.76006e+24_10.dat
        90        0.43958         3.6348       -245.187        15.3863        13.4265        13.9229       -1258.45     /gpfs/hpu/EHT2/IHARM/MAD/MAD_a+0.5_384x192x192_IHARM/m_1_1_10/image_a+0.5_0090_163_0_230.e9_6.2e9_9.76006e+24_10.dat
        91       0.424479        3.77723       -287.197        8.92421        13.2688        11.2191       -1078.68     /gpfs/hpu/EHT2/IHARM/MAD/MAD_a+0.5_384x192x192_IHARM/m_1_1_10/image_a+0.5_0091_163_0_230.e9_6.2e9_9.76006e+24_10.dat
        92       0.384455        3.70475       -187.382        13.6206        29.8845        22.6479       -1852.36     /gpfs/hpu/EHT2/IHARM/MAD/MAD_a+0.5_384x192x192_IHARM/m_1_1_10/image_a+0.5_0092_163_0_230.e9_6.2e9_9.76006e+24_10.dat
        93       0.555498        3.93051       -242.733        27.1274        11.4792        17.5543       -1497.44     /gpfs/hpu/EHT2/IHARM/MAD/MAD_a+0.5_384x192x192_IHARM/m_1_1_10/image_a+0.5_0093_163_0_230.e9_6.2e9_9.76006e+24_10.dat
        94       0.540779        4.11514       -212.874          11.44        22.9187         17.771       -1500.85     /gpfs/hpu/EHT2/IHARM/MAD/MAD_a+0.5_384x192x192_IHARM/m_1_1_10/image_a+0.5_0094_163_0_230.e9_6.2e9_9.76006e+24_10.dat
        95       0.662209        3.62661       -157.705        32.0322        35.0459         33.054       -2672.55     /gpfs/hpu/EHT2/IHARM/MAD/MAD_a+0.5_384x192x192_IHARM/m_1_1_10/image_a+0.5_0095_163_0_230.e9_6.2e9_9.76006e+24_10.dat
        96         1.1197        4.33675       -267.285        55.1103        44.4528        47.7822       -3653.88     /gpfs/hpu/EHT2/IHARM/MAD/MAD_a+0.5_384x192x192_IHARM/m_1_1_10/image_a+0.5_0096_163_0_230.e9_6.2e9_9.76006e+24_10.dat
        97       0.450653        3.83149       -243.059        34.7584        15.1971        22.7727       -1860.43     /gpfs/hpu/EHT2/IHARM/MAD/MAD_a+0.5_384x192x192_IHARM/m_1_1_10/image_a+0.5_0097_163_0_230.e9_6.2e9_9.76006e+24_10.dat
        98       0.578865        3.94747       -302.107        9.82251         26.785        19.3343       -1684.83     /gpfs/hpu/EHT2/IHARM/MAD/MAD_a+0.5_384x192x192_IHARM/m_1_1_10/image_a+0.5_0098_163_0_230.e9_6.2e9_9.76006e+24_10.dat
        99       0.411508        3.80344       -242.543        17.7399        33.4915        26.3826       -2098.16     /gpfs/hpu/EHT2/IHARM/MAD/MAD_a+0.5_384x192x192_IHARM/m_1_1_10/image_a+0.5_0099_163_0_230.e9_6.2e9_9.76006e+24_10.dat
