   # Index         I (Jy)      M/D (uas)       PA (deg)  VA red. chisq  CP red. chisq     red. chisq     log-liklhd     FileName
         0       0.746784        2.75769       -62.8247          9.273        34.9048        22.8703       -2541.31     /gpfs/hpu/EHT/MAD/384x192x192_IHARM/a-0.5/m_1_1_40/image_a-0.5_1000_17_0_230.e9_6.2e9_3.09351e+25_40.dat
         1         1.1587          2.852         125.09        30.2043        57.3302        44.2789       -4686.78     /gpfs/hpu/EHT/MAD/384x192x192_IHARM/a-0.5/m_1_1_40/image_a-0.5_1008_17_0_230.e9_6.2e9_3.09351e+25_40.dat
         2        1.09479        3.43986       -64.1677         45.656        56.4817        50.7534       -5939.18     /gpfs/hpu/EHT/MAD/384x192x192_IHARM/a-0.5/m_1_1_40/image_a-0.5_1016_17_0_230.e9_6.2e9_3.09351e+25_40.dat
         3        1.23766        3.39795       -98.0292        60.8464        42.8481        50.2569       -5642.48     /gpfs/hpu/EHT/MAD/384x192x192_IHARM/a-0.5/m_1_1_40/image_a-0.5_1024_17_0_230.e9_6.2e9_3.09351e+25_40.dat
         4        1.65286        2.57299       -213.297        35.4727        46.7854        40.9887       -4322.85     /gpfs/hpu/EHT/MAD/384x192x192_IHARM/a-0.5/m_1_1_40/image_a-0.5_1032_17_0_230.e9_6.2e9_3.09351e+25_40.dat
         5        1.42053        2.78725       -256.883        19.4335        184.496         107.62       -10827.6     /gpfs/hpu/EHT/MAD/384x192x192_IHARM/a-0.5/m_1_1_40/image_a-0.5_1040_17_0_230.e9_6.2e9_3.09351e+25_40.dat
         6        1.71781        3.40746        -198.59        47.1178         55.814        51.0511       -5340.21     /gpfs/hpu/EHT/MAD/384x192x192_IHARM/a-0.5/m_1_1_40/image_a-0.5_1048_17_0_230.e9_6.2e9_3.09351e+25_40.dat
         7         1.1363        3.43803       -249.696         23.132        259.906        149.705       -14983.9     /gpfs/hpu/EHT/MAD/384x192x192_IHARM/a-0.5/m_1_1_40/image_a-0.5_1056_17_0_230.e9_6.2e9_3.09351e+25_40.dat
         8       0.751307        3.33058       -136.894         32.898        45.0229        38.8892       -4097.87     /gpfs/hpu/EHT/MAD/384x192x192_IHARM/a-0.5/m_1_1_40/image_a-0.5_1064_17_0_230.e9_6.2e9_3.09351e+25_40.dat
         9       0.673039        2.91351       -220.227        7.55202        18.8248        13.4784       -1599.61     /gpfs/hpu/EHT/MAD/384x192x192_IHARM/a-0.5/m_1_1_40/image_a-0.5_1072_17_0_230.e9_6.2e9_3.09351e+25_40.dat
        10       0.919535         3.0928       -249.189        9.05336        17.2986        13.3335       -1682.81     /gpfs/hpu/EHT/MAD/384x192x192_IHARM/a-0.5/m_1_1_40/image_a-0.5_1080_17_0_230.e9_6.2e9_3.09351e+25_40.dat
        11       0.763543        3.12386       -152.131        15.2592        99.9044        60.4001       -6209.98     /gpfs/hpu/EHT/MAD/384x192x192_IHARM/a-0.5/m_1_1_40/image_a-0.5_1088_17_0_230.e9_6.2e9_3.09351e+25_40.dat
        12       0.888069        3.20248       -171.955        9.44003          72.05        42.8581        -4539.4     /gpfs/hpu/EHT/MAD/384x192x192_IHARM/a-0.5/m_1_1_40/image_a-0.5_1096_17_0_230.e9_6.2e9_3.09351e+25_40.dat
        13       0.932669        3.43322        42.7053        17.1362        53.6558        36.4487       -4059.77     /gpfs/hpu/EHT/MAD/384x192x192_IHARM/a-0.5/m_1_1_40/image_a-0.5_1104_17_0_230.e9_6.2e9_3.09351e+25_40.dat
        14        0.67397        2.96079        142.433        13.4783        19.1174        16.2929       -1898.55     /gpfs/hpu/EHT/MAD/384x192x192_IHARM/a-0.5/m_1_1_40/image_a-0.5_1112_17_0_230.e9_6.2e9_3.09351e+25_40.dat
        15       0.783187        3.20896        181.569        11.6613        41.0884        27.2563       -3007.91     /gpfs/hpu/EHT/MAD/384x192x192_IHARM/a-0.5/m_1_1_40/image_a-0.5_1120_17_0_230.e9_6.2e9_3.09351e+25_40.dat
        16       0.764511        3.18048        183.775        19.9408        26.9252        23.3767       -2621.11     /gpfs/hpu/EHT/MAD/384x192x192_IHARM/a-0.5/m_1_1_40/image_a-0.5_1128_17_0_230.e9_6.2e9_3.09351e+25_40.dat
        17       0.787265        3.16858         151.11        17.5266        67.6651        44.1339       -4795.52     /gpfs/hpu/EHT/MAD/384x192x192_IHARM/a-0.5/m_1_1_40/image_a-0.5_1136_17_0_230.e9_6.2e9_3.09351e+25_40.dat
        18       0.638132        2.94103        122.239        5.13354        56.6436        32.6678       -3476.47     /gpfs/hpu/EHT/MAD/384x192x192_IHARM/a-0.5/m_1_1_40/image_a-0.5_1144_17_0_230.e9_6.2e9_3.09351e+25_40.dat
        19       0.710709         2.9143        61.9907        21.0689        18.2142        19.2127       -2218.14     /gpfs/hpu/EHT/MAD/384x192x192_IHARM/a-0.5/m_1_1_40/image_a-0.5_1152_17_0_230.e9_6.2e9_3.09351e+25_40.dat
        20       0.550695         2.8838        117.426        13.6885        16.3176        14.8862       -1736.92     /gpfs/hpu/EHT/MAD/384x192x192_IHARM/a-0.5/m_1_1_40/image_a-0.5_1160_17_0_230.e9_6.2e9_3.09351e+25_40.dat
        21       0.605632        3.30956         35.803        15.1817          23.27        19.2829       -2209.16     /gpfs/hpu/EHT/MAD/384x192x192_IHARM/a-0.5/m_1_1_40/image_a-0.5_1168_17_0_230.e9_6.2e9_3.09351e+25_40.dat
        22       0.563239        2.83616        92.5137        17.5512        27.1421        22.4213       -2515.51     /gpfs/hpu/EHT/MAD/384x192x192_IHARM/a-0.5/m_1_1_40/image_a-0.5_1176_17_0_230.e9_6.2e9_3.09351e+25_40.dat
        23       0.906518        2.87833        53.5278        65.6841        36.7822        49.1745       -5594.02     /gpfs/hpu/EHT/MAD/384x192x192_IHARM/a-0.5/m_1_1_40/image_a-0.5_1184_17_0_230.e9_6.2e9_3.09351e+25_40.dat
        24       0.471745        3.04728        120.207        31.0095        73.3745        53.2411       -5459.86     /gpfs/hpu/EHT/MAD/384x192x192_IHARM/a-0.5/m_1_1_40/image_a-0.5_1192_17_0_230.e9_6.2e9_3.09351e+25_40.dat
        25       0.624195        3.02248        26.3328        11.2146        20.8969        16.2317       -1949.43     /gpfs/hpu/EHT/MAD/384x192x192_IHARM/a-0.5/m_1_1_40/image_a-0.5_1200_17_0_230.e9_6.2e9_3.09351e+25_40.dat
        26         1.0154         2.8374        17.0292        65.6846        10.2005        34.9248       -3793.13     /gpfs/hpu/EHT/MAD/384x192x192_IHARM/a-0.5/m_1_1_40/image_a-0.5_1208_17_0_230.e9_6.2e9_3.09351e+25_40.dat
        27       0.546582        2.98309        10.1717        12.5863        28.2794        20.8045       -2324.79     /gpfs/hpu/EHT/MAD/384x192x192_IHARM/a-0.5/m_1_1_40/image_a-0.5_1216_17_0_230.e9_6.2e9_3.09351e+25_40.dat
        28       0.580655        3.26551        0.63535        27.5838         209.62        124.743       -12438.8     /gpfs/hpu/EHT/MAD/384x192x192_IHARM/a-0.5/m_1_1_40/image_a-0.5_1224_17_0_230.e9_6.2e9_3.09351e+25_40.dat
        29        0.69361        3.24401        340.425         24.298        75.9035        51.5871       -5340.39     /gpfs/hpu/EHT/MAD/384x192x192_IHARM/a-0.5/m_1_1_40/image_a-0.5_1232_17_0_230.e9_6.2e9_3.09351e+25_40.dat
        30       0.997645        3.41606        215.835        27.3319        49.2641        38.6667       -4138.31     /gpfs/hpu/EHT/MAD/384x192x192_IHARM/a-0.5/m_1_1_40/image_a-0.5_1240_17_0_230.e9_6.2e9_3.09351e+25_40.dat
        31        1.76879         2.8668        243.042        43.4501        22.5291        31.5629       -3827.11     /gpfs/hpu/EHT/MAD/384x192x192_IHARM/a-0.5/m_1_1_40/image_a-0.5_1248_17_0_230.e9_6.2e9_3.09351e+25_40.dat
        32       0.640326         3.5059        185.607        16.0436        43.6135        30.5752       -3335.75     /gpfs/hpu/EHT/MAD/384x192x192_IHARM/a-0.5/m_1_1_40/image_a-0.5_1256_17_0_230.e9_6.2e9_3.09351e+25_40.dat
        33       0.503956        3.03487         284.95        43.4263         54.132        48.4939       -5005.72     /gpfs/hpu/EHT/MAD/384x192x192_IHARM/a-0.5/m_1_1_40/image_a-0.5_1264_17_0_230.e9_6.2e9_3.09351e+25_40.dat
        34       0.570556        3.09433        194.288        23.9491        23.6973        23.4438       -2623.16     /gpfs/hpu/EHT/MAD/384x192x192_IHARM/a-0.5/m_1_1_40/image_a-0.5_1272_17_0_230.e9_6.2e9_3.09351e+25_40.dat
        35       0.554404        3.27169        139.308        8.62013        53.5283        32.5613       -3475.69     /gpfs/hpu/EHT/MAD/384x192x192_IHARM/a-0.5/m_1_1_40/image_a-0.5_1280_17_0_230.e9_6.2e9_3.09351e+25_40.dat
        36       0.796573        3.27548        122.621         29.374        23.4239          25.73       -2896.73     /gpfs/hpu/EHT/MAD/384x192x192_IHARM/a-0.5/m_1_1_40/image_a-0.5_1288_17_0_230.e9_6.2e9_3.09351e+25_40.dat
        37       0.551725        3.04928        121.262        15.2197          10.75        12.5882       -1531.82     /gpfs/hpu/EHT/MAD/384x192x192_IHARM/a-0.5/m_1_1_40/image_a-0.5_1296_17_0_230.e9_6.2e9_3.09351e+25_40.dat
        38       0.632973        3.18362        118.387        5.60821         10.626        8.21142       -1103.64     /gpfs/hpu/EHT/MAD/384x192x192_IHARM/a-0.5/m_1_1_40/image_a-0.5_1304_17_0_230.e9_6.2e9_3.09351e+25_40.dat
        39       0.632652        3.28144        132.912        3.67016        49.9876        28.4434        -3072.8     /gpfs/hpu/EHT/MAD/384x192x192_IHARM/a-0.5/m_1_1_40/image_a-0.5_1312_17_0_230.e9_6.2e9_3.09351e+25_40.dat
        40       0.628267        3.15539        125.604        16.7102        110.928        66.9601       -6813.76     /gpfs/hpu/EHT/MAD/384x192x192_IHARM/a-0.5/m_1_1_40/image_a-0.5_1320_17_0_230.e9_6.2e9_3.09351e+25_40.dat
        41       0.817494        3.23608        117.832        30.4422        113.195        74.3336         -10479     /gpfs/hpu/EHT/MAD/384x192x192_IHARM/a-0.5/m_1_1_40/image_a-0.5_1328_17_0_230.e9_6.2e9_3.09351e+25_40.dat
        42        1.21119        3.89044         95.673        30.8869        265.325        156.087       -16060.4     /gpfs/hpu/EHT/MAD/384x192x192_IHARM/a-0.5/m_1_1_40/image_a-0.5_1336_17_0_230.e9_6.2e9_3.09351e+25_40.dat
        43       0.613986        2.82176        244.193         39.231        92.4574        67.1581       -6838.27     /gpfs/hpu/EHT/MAD/384x192x192_IHARM/a-0.5/m_1_1_40/image_a-0.5_1344_17_0_230.e9_6.2e9_3.09351e+25_40.dat
        44       0.591525        3.08448        228.951        31.6034        56.7503        44.5955       -4641.26     /gpfs/hpu/EHT/MAD/384x192x192_IHARM/a-0.5/m_1_1_40/image_a-0.5_1352_17_0_230.e9_6.2e9_3.09351e+25_40.dat
        45       0.841145        2.96785        182.366        9.19636        35.9436        23.3929       -2618.02     /gpfs/hpu/EHT/MAD/384x192x192_IHARM/a-0.5/m_1_1_40/image_a-0.5_1360_17_0_230.e9_6.2e9_3.09351e+25_40.dat
        46       0.622231        3.26918        68.7412         9.3382        22.0885         16.029       -1853.37     /gpfs/hpu/EHT/MAD/384x192x192_IHARM/a-0.5/m_1_1_40/image_a-0.5_1368_17_0_230.e9_6.2e9_3.09351e+25_40.dat
        47       0.617525        3.09408        75.6221        13.8187         63.841        40.4211       -4237.11     /gpfs/hpu/EHT/MAD/384x192x192_IHARM/a-0.5/m_1_1_40/image_a-0.5_1376_17_0_230.e9_6.2e9_3.09351e+25_40.dat
        48       0.668776         3.2063        62.2752        7.91262        21.1808        14.9031       -1787.34     /gpfs/hpu/EHT/MAD/384x192x192_IHARM/a-0.5/m_1_1_40/image_a-0.5_1384_17_0_230.e9_6.2e9_3.09351e+25_40.dat
        49       0.648262        2.67006       -14.5738        16.6787        11.4471        13.6162        -1627.5     /gpfs/hpu/EHT/MAD/384x192x192_IHARM/a-0.5/m_1_1_40/image_a-0.5_1392_17_0_230.e9_6.2e9_3.09351e+25_40.dat
        50       0.713784        3.23234        15.0934        32.3194        38.9448        35.3714       -3806.54     /gpfs/hpu/EHT/MAD/384x192x192_IHARM/a-0.5/m_1_1_40/image_a-0.5_1400_17_0_230.e9_6.2e9_3.09351e+25_40.dat
        51       0.661042        3.08679       -44.3034        15.9821        37.4686        27.2535       -2971.62     /gpfs/hpu/EHT/MAD/384x192x192_IHARM/a-0.5/m_1_1_40/image_a-0.5_1408_17_0_230.e9_6.2e9_3.09351e+25_40.dat
        52       0.676482        3.80452       -10.8617        50.8756        71.9406        61.3814       -6360.38     /gpfs/hpu/EHT/MAD/384x192x192_IHARM/a-0.5/m_1_1_40/image_a-0.5_1416_17_0_230.e9_6.2e9_3.09351e+25_40.dat
        53       0.661961        3.52867       -28.6584        36.1305        73.5794        55.6475       -5741.08     /gpfs/hpu/EHT/MAD/384x192x192_IHARM/a-0.5/m_1_1_40/image_a-0.5_1424_17_0_230.e9_6.2e9_3.09351e+25_40.dat
        54        0.63204        3.38689       -53.1203        40.5298        77.5937        59.7723       -6151.65     /gpfs/hpu/EHT/MAD/384x192x192_IHARM/a-0.5/m_1_1_40/image_a-0.5_1432_17_0_230.e9_6.2e9_3.09351e+25_40.dat
        55       0.968237        4.01045       -28.8788        80.8086        245.384        167.785       -17693.5     /gpfs/hpu/EHT/MAD/384x192x192_IHARM/a-0.5/m_1_1_40/image_a-0.5_1440_17_0_230.e9_6.2e9_3.09351e+25_40.dat
        56       0.779119        3.58083        43.7141        10.0547        97.5348        56.7957       -5841.61     /gpfs/hpu/EHT/MAD/384x192x192_IHARM/a-0.5/m_1_1_40/image_a-0.5_1448_17_0_230.e9_6.2e9_3.09351e+25_40.dat
        57       0.944621        2.86059        145.444        24.4969        55.1254        40.5375       -4304.38     /gpfs/hpu/EHT/MAD/384x192x192_IHARM/a-0.5/m_1_1_40/image_a-0.5_1456_17_0_230.e9_6.2e9_3.09351e+25_40.dat
        58       0.869359        3.42401        34.8582        24.6454        80.9045        54.4238       -5695.95     /gpfs/hpu/EHT/MAD/384x192x192_IHARM/a-0.5/m_1_1_40/image_a-0.5_1464_17_0_230.e9_6.2e9_3.09351e+25_40.dat
        59       0.721956        3.20535        107.494        60.5643        30.4857        43.5031       -4571.76     /gpfs/hpu/EHT/MAD/384x192x192_IHARM/a-0.5/m_1_1_40/image_a-0.5_1472_17_0_230.e9_6.2e9_3.09351e+25_40.dat
        60       0.684179        3.40995         138.99        18.6068        32.2024        25.6074       -2818.03     /gpfs/hpu/EHT/MAD/384x192x192_IHARM/a-0.5/m_1_1_40/image_a-0.5_1480_17_0_230.e9_6.2e9_3.09351e+25_40.dat
        61       0.735714        3.26221        134.067        15.3333        80.2506        49.8973       -5190.89     /gpfs/hpu/EHT/MAD/384x192x192_IHARM/a-0.5/m_1_1_40/image_a-0.5_1488_17_0_230.e9_6.2e9_3.09351e+25_40.dat
        62       0.789335        3.52263        114.155        21.1693        153.043         91.537        -9538.5     /gpfs/hpu/EHT/MAD/384x192x192_IHARM/a-0.5/m_1_1_40/image_a-0.5_1496_17_0_230.e9_6.2e9_3.09351e+25_40.dat
        63       0.681488        3.88055        320.341        51.4392        47.5669        48.5679       -6268.89     /gpfs/hpu/EHT/MAD/384x192x192_IHARM/a-0.5/m_1_1_40/image_a-0.5_1504_17_0_230.e9_6.2e9_3.09351e+25_40.dat
        64        0.97605        3.74372        270.469         51.889         56.255        53.4271       -5626.91     /gpfs/hpu/EHT/MAD/384x192x192_IHARM/a-0.5/m_1_1_40/image_a-0.5_1512_17_0_230.e9_6.2e9_3.09351e+25_40.dat
        65       0.666816         3.7042         256.92        34.6552        45.3314        39.8426       -4206.08     /gpfs/hpu/EHT/MAD/384x192x192_IHARM/a-0.5/m_1_1_40/image_a-0.5_1520_17_0_230.e9_6.2e9_3.09351e+25_40.dat
        66       0.757249        3.60148        238.073        26.5711        18.0702         21.603       -2455.98     /gpfs/hpu/EHT/MAD/384x192x192_IHARM/a-0.5/m_1_1_40/image_a-0.5_1528_17_0_230.e9_6.2e9_3.09351e+25_40.dat
        67       0.738665        3.40769        200.093        25.3243        30.7851        27.8601       -3019.39     /gpfs/hpu/EHT/MAD/384x192x192_IHARM/a-0.5/m_1_1_40/image_a-0.5_1536_17_0_230.e9_6.2e9_3.09351e+25_40.dat
        68       0.600056        3.26407        185.236         16.924        9.63448        12.7545       -1566.94     /gpfs/hpu/EHT/MAD/384x192x192_IHARM/a-0.5/m_1_1_40/image_a-0.5_1544_17_0_230.e9_6.2e9_3.09351e+25_40.dat
        69       0.665912        3.28386        158.958        24.3315        24.3203        23.9492       -2689.62     /gpfs/hpu/EHT/MAD/384x192x192_IHARM/a-0.5/m_1_1_40/image_a-0.5_1552_17_0_230.e9_6.2e9_3.09351e+25_40.dat
        70       0.582336        3.20132        129.688         25.231        24.7417        24.5785       -2724.83     /gpfs/hpu/EHT/MAD/384x192x192_IHARM/a-0.5/m_1_1_40/image_a-0.5_1560_17_0_230.e9_6.2e9_3.09351e+25_40.dat
        71       0.556469        3.00203        133.772        1.05477        1.01711        1.01827       -384.781     /gpfs/hpu/EHT/MAD/384x192x192_IHARM/a-0.5/m_1_1_40/image_a-0.5_1568_17_0_230.e9_6.2e9_3.09351e+25_40.dat
        72       0.858978         2.9495        130.513        49.4845         30.574        38.5817       -4162.78     /gpfs/hpu/EHT/MAD/384x192x192_IHARM/a-0.5/m_1_1_40/image_a-0.5_1576_17_0_230.e9_6.2e9_3.09351e+25_40.dat
        73       0.774862          3.242        76.3958        44.8287        43.5727        43.4621       -4651.89     /gpfs/hpu/EHT/MAD/384x192x192_IHARM/a-0.5/m_1_1_40/image_a-0.5_1584_17_0_230.e9_6.2e9_3.09351e+25_40.dat
        74       0.764648        3.11139        66.0963        30.9541        25.3768        27.4855       -3057.14     /gpfs/hpu/EHT/MAD/384x192x192_IHARM/a-0.5/m_1_1_40/image_a-0.5_1592_17_0_230.e9_6.2e9_3.09351e+25_40.dat
        75       0.543738        3.23806        58.8015        4.13996        31.5127          18.75       -2122.09     /gpfs/hpu/EHT/MAD/384x192x192_IHARM/a-0.5/m_1_1_40/image_a-0.5_1600_17_0_230.e9_6.2e9_3.09351e+25_40.dat
        76       0.878173         3.4769        117.948        7.52134        72.9071        42.4572        -4461.2     /gpfs/hpu/EHT/MAD/384x192x192_IHARM/a-0.5/m_1_1_40/image_a-0.5_1608_17_0_230.e9_6.2e9_3.09351e+25_40.dat
        77        1.54508        3.54192        128.659         24.351        51.0151        38.2686        -4280.8     /gpfs/hpu/EHT/MAD/384x192x192_IHARM/a-0.5/m_1_1_40/image_a-0.5_1616_17_0_230.e9_6.2e9_3.09351e+25_40.dat
        78        0.58392        3.04197        34.9353          25.34        32.3539        28.7082       -3097.73     /gpfs/hpu/EHT/MAD/384x192x192_IHARM/a-0.5/m_1_1_40/image_a-0.5_1624_17_0_230.e9_6.2e9_3.09351e+25_40.dat
        79       0.898368        3.06135        25.1949        104.534        67.2757        82.9441       -8483.94     /gpfs/hpu/EHT/MAD/384x192x192_IHARM/a-0.5/m_1_1_40/image_a-0.5_1632_17_0_230.e9_6.2e9_3.09351e+25_40.dat
        80       0.682292        3.00414        16.9642        75.1051        70.7096        71.5873       -7311.93     /gpfs/hpu/EHT/MAD/384x192x192_IHARM/a-0.5/m_1_1_40/image_a-0.5_1640_17_0_230.e9_6.2e9_3.09351e+25_40.dat
        81       0.551311        2.98862        8.68804        23.7057        41.2294        32.7332       -3468.21     /gpfs/hpu/EHT/MAD/384x192x192_IHARM/a-0.5/m_1_1_40/image_a-0.5_1648_17_0_230.e9_6.2e9_3.09351e+25_40.dat
        82       0.864287        3.12452        10.3234        11.4722        154.147          87.78       -8918.64     /gpfs/hpu/EHT/MAD/384x192x192_IHARM/a-0.5/m_1_1_40/image_a-0.5_1656_17_0_230.e9_6.2e9_3.09351e+25_40.dat
        83        0.66426        3.22002        161.094        46.2243        83.6449          65.57       -6695.97     /gpfs/hpu/EHT/MAD/384x192x192_IHARM/a-0.5/m_1_1_40/image_a-0.5_1664_17_0_230.e9_6.2e9_3.09351e+25_40.dat
        84       0.716118        3.31861        36.5502        68.1806        75.6088        71.1084       -7322.02     /gpfs/hpu/EHT/MAD/384x192x192_IHARM/a-0.5/m_1_1_40/image_a-0.5_1672_17_0_230.e9_6.2e9_3.09351e+25_40.dat
        85        0.54854        3.26839        136.514        59.7487        92.9153        76.6048       -7773.68     /gpfs/hpu/EHT/MAD/384x192x192_IHARM/a-0.5/m_1_1_40/image_a-0.5_1680_17_0_230.e9_6.2e9_3.09351e+25_40.dat
        86        1.19424        2.76698        75.9497        28.4475        65.8415        48.0539       -5169.65     /gpfs/hpu/EHT/MAD/384x192x192_IHARM/a-0.5/m_1_1_40/image_a-0.5_1688_17_0_230.e9_6.2e9_3.09351e+25_40.dat
        87       0.637344        3.04215         116.25         39.325         133.35        89.1219       -8955.98     /gpfs/hpu/EHT/MAD/384x192x192_IHARM/a-0.5/m_1_1_40/image_a-0.5_1696_17_0_230.e9_6.2e9_3.09351e+25_40.dat
        88        1.13395         2.8341        79.1032        43.3603        35.9934        38.7405       -4171.54     /gpfs/hpu/EHT/MAD/384x192x192_IHARM/a-0.5/m_1_1_40/image_a-0.5_1704_17_0_230.e9_6.2e9_3.09351e+25_40.dat
        89       0.568566        2.86997        61.5877        17.4073        33.0047        25.4996       -2782.42     /gpfs/hpu/EHT/MAD/384x192x192_IHARM/a-0.5/m_1_1_40/image_a-0.5_1712_17_0_230.e9_6.2e9_3.09351e+25_40.dat
        90       0.627533        3.18004        98.1071        16.1498        9.14882         12.147       -1478.74     /gpfs/hpu/EHT/MAD/384x192x192_IHARM/a-0.5/m_1_1_40/image_a-0.5_1720_17_0_230.e9_6.2e9_3.09351e+25_40.dat
        91       0.933654        3.33137         33.987        45.8626        29.3231        36.2869       -3992.69     /gpfs/hpu/EHT/MAD/384x192x192_IHARM/a-0.5/m_1_1_40/image_a-0.5_1728_17_0_230.e9_6.2e9_3.09351e+25_40.dat
        92       0.670585        3.30969        28.5442        42.0562        33.8654        37.0149          -4033     /gpfs/hpu/EHT/MAD/384x192x192_IHARM/a-0.5/m_1_1_40/image_a-0.5_1736_17_0_230.e9_6.2e9_3.09351e+25_40.dat
        93       0.539954        3.07174        93.5745        20.3502        32.9209        26.7744       -2893.61     /gpfs/hpu/EHT/MAD/384x192x192_IHARM/a-0.5/m_1_1_40/image_a-0.5_1744_17_0_230.e9_6.2e9_3.09351e+25_40.dat
        94       0.596392        2.94597        59.8453        39.3673        14.2606        25.2993       -2790.34     /gpfs/hpu/EHT/MAD/384x192x192_IHARM/a-0.5/m_1_1_40/image_a-0.5_1752_17_0_230.e9_6.2e9_3.09351e+25_40.dat
        95         1.1316         2.9249        50.1626        43.2422        40.3129        41.0031       -4469.47     /gpfs/hpu/EHT/MAD/384x192x192_IHARM/a-0.5/m_1_1_40/image_a-0.5_1760_17_0_230.e9_6.2e9_3.09351e+25_40.dat
        96       0.598239        3.38873       -35.1353        68.1657        48.4387        56.5363       -5907.28     /gpfs/hpu/EHT/MAD/384x192x192_IHARM/a-0.5/m_1_1_40/image_a-0.5_1768_17_0_230.e9_6.2e9_3.09351e+25_40.dat
        97       0.554568        3.46757        14.8523        14.9338        77.3614        48.1692       -4973.34     /gpfs/hpu/EHT/MAD/384x192x192_IHARM/a-0.5/m_1_1_40/image_a-0.5_1776_17_0_230.e9_6.2e9_3.09351e+25_40.dat
        98       0.576215        3.41155       -44.6756        35.4916        44.5678        39.8084       -4197.02     /gpfs/hpu/EHT/MAD/384x192x192_IHARM/a-0.5/m_1_1_40/image_a-0.5_1784_17_0_230.e9_6.2e9_3.09351e+25_40.dat
        99        1.02933        3.16327       -129.895        30.0228        39.8171        34.8091       -3822.67     /gpfs/hpu/EHT/MAD/384x192x192_IHARM/a-0.5/m_1_1_40/image_a-0.5_1792_17_0_230.e9_6.2e9_3.09351e+25_40.dat
