   # Index         I (Jy)      M/D (uas)       PA (deg)  VA red. chisq  CP red. chisq     red. chisq     log-liklhd     FileName
         0       0.503533         3.6103       -264.045         14.099        30.5284        22.9884       -2563.85     /gpfs/hpu/EHT2/IHARM/MAD/MAD_a+0.75_384x192x192_IHARM/m_1_1_80/image_a+0.75_0000_163_0_230.e9_6.2e9_1.50206e+25_80.dat
         1       0.722478        4.18874       -241.697         15.293        17.3665        16.2048       -1868.78     /gpfs/hpu/EHT2/IHARM/MAD/MAD_a+0.75_384x192x192_IHARM/m_1_1_80/image_a+0.75_0001_163_0_230.e9_6.2e9_1.50206e+25_80.dat
         2       0.521662        4.04582       -286.952         9.0828        13.3959        11.3328       -1404.45     /gpfs/hpu/EHT2/IHARM/MAD/MAD_a+0.75_384x192x192_IHARM/m_1_1_80/image_a+0.75_0002_163_0_230.e9_6.2e9_1.50206e+25_80.dat
         3        0.51166        3.59205       -308.503        4.42679        11.7961        8.44357       -1153.45     /gpfs/hpu/EHT2/IHARM/MAD/MAD_a+0.75_384x192x192_IHARM/m_1_1_80/image_a+0.75_0003_163_0_230.e9_6.2e9_1.50206e+25_80.dat
         4        0.69591        3.96196       -318.205        29.2637        31.3995         29.993       -3309.19     /gpfs/hpu/EHT2/IHARM/MAD/MAD_a+0.75_384x192x192_IHARM/m_1_1_80/image_a+0.75_0004_163_0_230.e9_6.2e9_1.50206e+25_80.dat
         5       0.711213         3.7492       -305.177        9.05761         31.671        21.4538       -2749.77     /gpfs/hpu/EHT2/IHARM/MAD/MAD_a+0.75_384x192x192_IHARM/m_1_1_80/image_a+0.75_0005_163_0_230.e9_6.2e9_1.50206e+25_80.dat
         6       0.477626        3.82368       -296.623        12.5063        25.0781        19.2818       -2180.23     /gpfs/hpu/EHT2/IHARM/MAD/MAD_a+0.75_384x192x192_IHARM/m_1_1_80/image_a+0.75_0006_163_0_230.e9_6.2e9_1.50206e+25_80.dat
         7       0.631704        3.90283       -320.074        15.5779        15.4852        15.2844       -1791.47     /gpfs/hpu/EHT2/IHARM/MAD/MAD_a+0.75_384x192x192_IHARM/m_1_1_80/image_a+0.75_0007_163_0_230.e9_6.2e9_1.50206e+25_80.dat
         8        0.71447        4.21298       -336.197        20.2486        22.6202        21.2486       -2427.31     /gpfs/hpu/EHT2/IHARM/MAD/MAD_a+0.75_384x192x192_IHARM/m_1_1_80/image_a+0.75_0008_163_0_230.e9_6.2e9_1.50206e+25_80.dat
         9       0.423782        3.76434       -316.251        22.4835        99.7879        64.9919       -7021.93     /gpfs/hpu/EHT2/IHARM/MAD/MAD_a+0.75_384x192x192_IHARM/m_1_1_80/image_a+0.75_0009_163_0_230.e9_6.2e9_1.50206e+25_80.dat
        10       0.716137         4.1786       -250.869        27.4722        18.9639        22.3281       -2469.34     /gpfs/hpu/EHT2/IHARM/MAD/MAD_a+0.75_384x192x192_IHARM/m_1_1_80/image_a+0.75_0010_163_0_230.e9_6.2e9_1.50206e+25_80.dat
        11       0.498177        3.85528       -165.992        6.15464        25.5796        16.8283       -1948.18     /gpfs/hpu/EHT2/IHARM/MAD/MAD_a+0.75_384x192x192_IHARM/m_1_1_80/image_a+0.75_0011_163_0_230.e9_6.2e9_1.50206e+25_80.dat
        12       0.612699         4.0793        -164.55        2.90414        30.9335        18.3986       -2168.02     /gpfs/hpu/EHT2/IHARM/MAD/MAD_a+0.75_384x192x192_IHARM/m_1_1_80/image_a+0.75_0012_163_0_230.e9_6.2e9_1.50206e+25_80.dat
        13       0.615523        4.24134       -319.947        39.6327        25.0385        30.9256       -3336.09     /gpfs/hpu/EHT2/IHARM/MAD/MAD_a+0.75_384x192x192_IHARM/m_1_1_80/image_a+0.75_0013_163_0_230.e9_6.2e9_1.50206e+25_80.dat
        14       0.559474         3.8856       -206.793        30.5931        34.1917        32.1126       -3413.27     /gpfs/hpu/EHT2/IHARM/MAD/MAD_a+0.75_384x192x192_IHARM/m_1_1_80/image_a+0.75_0014_163_0_230.e9_6.2e9_1.50206e+25_80.dat
        15       0.664102        4.18499       -272.018        11.0011        11.0495        10.8569       -1394.67     /gpfs/hpu/EHT2/IHARM/MAD/MAD_a+0.75_384x192x192_IHARM/m_1_1_80/image_a+0.75_0015_163_0_230.e9_6.2e9_1.50206e+25_80.dat
        16       0.733585        4.04556       -130.847        8.53556        25.4738        17.7935        -2295.4     /gpfs/hpu/EHT2/IHARM/MAD/MAD_a+0.75_384x192x192_IHARM/m_1_1_80/image_a+0.75_0016_163_0_230.e9_6.2e9_1.50206e+25_80.dat
        17        0.65512        3.98787       -278.556         5.6954        19.4981        13.2592       -1634.87     /gpfs/hpu/EHT2/IHARM/MAD/MAD_a+0.75_384x192x192_IHARM/m_1_1_80/image_a+0.75_0017_163_0_230.e9_6.2e9_1.50206e+25_80.dat
        18       0.583193        4.25556       -174.193        4.63304         13.354        9.39595       -1204.47     /gpfs/hpu/EHT2/IHARM/MAD/MAD_a+0.75_384x192x192_IHARM/m_1_1_80/image_a+0.75_0018_163_0_230.e9_6.2e9_1.50206e+25_80.dat
        19       0.576227        4.08317       -282.992        11.5269        14.2656         12.866       -1582.63     /gpfs/hpu/EHT2/IHARM/MAD/MAD_a+0.75_384x192x192_IHARM/m_1_1_80/image_a+0.75_0019_163_0_230.e9_6.2e9_1.50206e+25_80.dat
        20        0.72631        4.02182       -221.942        5.23667        35.7826        22.0901       -2495.47     /gpfs/hpu/EHT2/IHARM/MAD/MAD_a+0.75_384x192x192_IHARM/m_1_1_80/image_a+0.75_0020_163_0_230.e9_6.2e9_1.50206e+25_80.dat
        21       0.495492        4.25359       -174.168        7.17893        26.9608        18.0345       -2058.55     /gpfs/hpu/EHT2/IHARM/MAD/MAD_a+0.75_384x192x192_IHARM/m_1_1_80/image_a+0.75_0021_163_0_230.e9_6.2e9_1.50206e+25_80.dat
        22       0.553383        4.32869       -195.535        21.9442        36.9332        29.9131       -3228.93     /gpfs/hpu/EHT2/IHARM/MAD/MAD_a+0.75_384x192x192_IHARM/m_1_1_80/image_a+0.75_0022_163_0_230.e9_6.2e9_1.50206e+25_80.dat
        23       0.677996        4.05482       -223.518        18.3254        15.8787        16.6841       -2000.03     /gpfs/hpu/EHT2/IHARM/MAD/MAD_a+0.75_384x192x192_IHARM/m_1_1_80/image_a+0.75_0023_163_0_230.e9_6.2e9_1.50206e+25_80.dat
        24       0.565551        3.81671       -304.984        16.6042        20.4989        18.5053       -2144.84     /gpfs/hpu/EHT2/IHARM/MAD/MAD_a+0.75_384x192x192_IHARM/m_1_1_80/image_a+0.75_0024_163_0_230.e9_6.2e9_1.50206e+25_80.dat
        25       0.885161        4.40246       -338.146        29.5912        34.4902        31.8473       -3410.31     /gpfs/hpu/EHT2/IHARM/MAD/MAD_a+0.75_384x192x192_IHARM/m_1_1_80/image_a+0.75_0025_163_0_230.e9_6.2e9_1.50206e+25_80.dat
        26       0.645998        3.87724       -328.224        21.4921        53.3715        38.8321       -4113.49     /gpfs/hpu/EHT2/IHARM/MAD/MAD_a+0.75_384x192x192_IHARM/m_1_1_80/image_a+0.75_0026_163_0_230.e9_6.2e9_1.50206e+25_80.dat
        27        1.03767        4.58911       -305.457        78.5624        110.932         95.287       -9562.66     /gpfs/hpu/EHT2/IHARM/MAD/MAD_a+0.75_384x192x192_IHARM/m_1_1_80/image_a+0.75_0027_163_0_230.e9_6.2e9_1.50206e+25_80.dat
        28         1.0607        3.30831       -159.559        19.8872         35.067        27.9938       -3183.09     /gpfs/hpu/EHT2/IHARM/MAD/MAD_a+0.75_384x192x192_IHARM/m_1_1_80/image_a+0.75_0028_163_0_230.e9_6.2e9_1.50206e+25_80.dat
        29       0.782774         3.5294        94.9426        17.3007        10.2974        13.1492       -1791.13     /gpfs/hpu/EHT2/IHARM/MAD/MAD_a+0.75_384x192x192_IHARM/m_1_1_80/image_a+0.75_0029_163_0_230.e9_6.2e9_1.50206e+25_80.dat
        30       0.510065        3.77771         116.85        14.5734         16.427        15.3745       -1790.41     /gpfs/hpu/EHT2/IHARM/MAD/MAD_a+0.75_384x192x192_IHARM/m_1_1_80/image_a+0.75_0030_163_0_230.e9_6.2e9_1.50206e+25_80.dat
        31        0.91505        4.27922        56.5901        24.8981        18.8349        21.1496       -2445.61     /gpfs/hpu/EHT2/IHARM/MAD/MAD_a+0.75_384x192x192_IHARM/m_1_1_80/image_a+0.75_0031_163_0_230.e9_6.2e9_1.50206e+25_80.dat
        32        0.67649        4.25127        69.1288        23.0238        18.8672        20.3615       -2286.86     /gpfs/hpu/EHT2/IHARM/MAD/MAD_a+0.75_384x192x192_IHARM/m_1_1_80/image_a+0.75_0032_163_0_230.e9_6.2e9_1.50206e+25_80.dat
        33        0.64581         4.1364        83.0741        19.0565        16.3408        17.2547       -1984.28     /gpfs/hpu/EHT2/IHARM/MAD/MAD_a+0.75_384x192x192_IHARM/m_1_1_80/image_a+0.75_0033_163_0_230.e9_6.2e9_1.50206e+25_80.dat
        34       0.781498        4.54821        44.1597         24.435        26.9705        25.4609       -2794.15     /gpfs/hpu/EHT2/IHARM/MAD/MAD_a+0.75_384x192x192_IHARM/m_1_1_80/image_a+0.75_0034_163_0_230.e9_6.2e9_1.50206e+25_80.dat
        35       0.689204        4.63308        182.494        22.0898        28.5515        25.3288       -2813.02     /gpfs/hpu/EHT2/IHARM/MAD/MAD_a+0.75_384x192x192_IHARM/m_1_1_80/image_a+0.75_0035_163_0_230.e9_6.2e9_1.50206e+25_80.dat
        36       0.537844        3.91891        150.883        7.55739         22.707        15.8389       -1844.86     /gpfs/hpu/EHT2/IHARM/MAD/MAD_a+0.75_384x192x192_IHARM/m_1_1_80/image_a+0.75_0036_163_0_230.e9_6.2e9_1.50206e+25_80.dat
        37       0.575526        4.25523        148.556        14.9824        27.6244        21.7583       -2416.26     /gpfs/hpu/EHT2/IHARM/MAD/MAD_a+0.75_384x192x192_IHARM/m_1_1_80/image_a+0.75_0037_163_0_230.e9_6.2e9_1.50206e+25_80.dat
        38       0.529603        3.95774        63.8505        8.38659        13.2967        10.9784       -1384.24     /gpfs/hpu/EHT2/IHARM/MAD/MAD_a+0.75_384x192x192_IHARM/m_1_1_80/image_a+0.75_0038_163_0_230.e9_6.2e9_1.50206e+25_80.dat
        39       0.468203        3.78908        91.0047        20.0012        17.8375        18.4908       -2087.96     /gpfs/hpu/EHT2/IHARM/MAD/MAD_a+0.75_384x192x192_IHARM/m_1_1_80/image_a+0.75_0039_163_0_230.e9_6.2e9_1.50206e+25_80.dat
        40       0.622068        4.03702         67.822        6.33816        13.1519        10.0172       -1323.13     /gpfs/hpu/EHT2/IHARM/MAD/MAD_a+0.75_384x192x192_IHARM/m_1_1_80/image_a+0.75_0040_163_0_230.e9_6.2e9_1.50206e+25_80.dat
        41       0.467543        4.10276        175.843        6.05832        21.3408        14.4368       -1701.96     /gpfs/hpu/EHT2/IHARM/MAD/MAD_a+0.75_384x192x192_IHARM/m_1_1_80/image_a+0.75_0041_163_0_230.e9_6.2e9_1.50206e+25_80.dat
        42       0.439299        3.85943        77.9737        20.4197        33.2959        27.2409        -2933.2     /gpfs/hpu/EHT2/IHARM/MAD/MAD_a+0.75_384x192x192_IHARM/m_1_1_80/image_a+0.75_0042_163_0_230.e9_6.2e9_1.50206e+25_80.dat
        43       0.515702        3.85438        57.7955        23.4266        34.4437        29.1704       -3133.46     /gpfs/hpu/EHT2/IHARM/MAD/MAD_a+0.75_384x192x192_IHARM/m_1_1_80/image_a+0.75_0043_163_0_230.e9_6.2e9_1.50206e+25_80.dat
        44       0.507181        3.89371        60.6596        10.5857         25.476        18.6764       -2143.74     /gpfs/hpu/EHT2/IHARM/MAD/MAD_a+0.75_384x192x192_IHARM/m_1_1_80/image_a+0.75_0044_163_0_230.e9_6.2e9_1.50206e+25_80.dat
        45       0.458231        4.02709        181.535        5.26389        18.6878        12.6243       -1545.52     /gpfs/hpu/EHT2/IHARM/MAD/MAD_a+0.75_384x192x192_IHARM/m_1_1_80/image_a+0.75_0045_163_0_230.e9_6.2e9_1.50206e+25_80.dat
        46        0.46086        4.17043        183.529         9.3178        23.5519        17.0644        -1958.1     /gpfs/hpu/EHT2/IHARM/MAD/MAD_a+0.75_384x192x192_IHARM/m_1_1_80/image_a+0.75_0046_163_0_230.e9_6.2e9_1.50206e+25_80.dat
        47       0.488261        4.21302         69.014        12.2407        11.2332        11.4919       -1404.56     /gpfs/hpu/EHT2/IHARM/MAD/MAD_a+0.75_384x192x192_IHARM/m_1_1_80/image_a+0.75_0047_163_0_230.e9_6.2e9_1.50206e+25_80.dat
        48       0.524679        4.15031        66.0101        12.7704        12.0985        12.1994       -1492.03     /gpfs/hpu/EHT2/IHARM/MAD/MAD_a+0.75_384x192x192_IHARM/m_1_1_80/image_a+0.75_0048_163_0_230.e9_6.2e9_1.50206e+25_80.dat
        49        0.45678        3.78412        120.059        10.9936        16.4216         13.832        -1654.7     /gpfs/hpu/EHT2/IHARM/MAD/MAD_a+0.75_384x192x192_IHARM/m_1_1_80/image_a+0.75_0049_163_0_230.e9_6.2e9_1.50206e+25_80.dat
        50       0.553928        4.30498        191.917        6.31037        9.93663         8.2227       -1089.98     /gpfs/hpu/EHT2/IHARM/MAD/MAD_a+0.75_384x192x192_IHARM/m_1_1_80/image_a+0.75_0050_163_0_230.e9_6.2e9_1.50206e+25_80.dat
        51       0.510005        4.09306        95.1304        8.40877        11.2866        9.87353       -1266.51     /gpfs/hpu/EHT2/IHARM/MAD/MAD_a+0.75_384x192x192_IHARM/m_1_1_80/image_a+0.75_0051_163_0_230.e9_6.2e9_1.50206e+25_80.dat
        52       0.484505        4.12873        53.5913        15.5612        20.2683        17.9289       -2028.19     /gpfs/hpu/EHT2/IHARM/MAD/MAD_a+0.75_384x192x192_IHARM/m_1_1_80/image_a+0.75_0052_163_0_230.e9_6.2e9_1.50206e+25_80.dat
        53       0.427009        3.93188        76.2256        18.1001        14.7957        15.9867       -1838.26     /gpfs/hpu/EHT2/IHARM/MAD/MAD_a+0.75_384x192x192_IHARM/m_1_1_80/image_a+0.75_0053_163_0_230.e9_6.2e9_1.50206e+25_80.dat
        54       0.584696        4.17438        190.021        12.3322        23.8286        18.5141       -2120.87     /gpfs/hpu/EHT2/IHARM/MAD/MAD_a+0.75_384x192x192_IHARM/m_1_1_80/image_a+0.75_0054_163_0_230.e9_6.2e9_1.50206e+25_80.dat
        55       0.475589        3.94472        75.4489        8.87761        9.16754        8.90035       -1163.56     /gpfs/hpu/EHT2/IHARM/MAD/MAD_a+0.75_384x192x192_IHARM/m_1_1_80/image_a+0.75_0055_163_0_230.e9_6.2e9_1.50206e+25_80.dat
        56       0.442591        4.07347        62.9262        9.40636        23.6122        17.1359       -1941.97     /gpfs/hpu/EHT2/IHARM/MAD/MAD_a+0.75_384x192x192_IHARM/m_1_1_80/image_a+0.75_0056_163_0_230.e9_6.2e9_1.50206e+25_80.dat
        57       0.480582        3.74499        51.3573         6.0086        18.3037        12.7317       -1534.39     /gpfs/hpu/EHT2/IHARM/MAD/MAD_a+0.75_384x192x192_IHARM/m_1_1_80/image_a+0.75_0057_163_0_230.e9_6.2e9_1.50206e+25_80.dat
        58       0.557468        3.86393        54.0368        3.57136        16.8395        10.8718       -1363.28     /gpfs/hpu/EHT2/IHARM/MAD/MAD_a+0.75_384x192x192_IHARM/m_1_1_80/image_a+0.75_0058_163_0_230.e9_6.2e9_1.50206e+25_80.dat
        59       0.569983        3.76114        93.9312         10.569        24.2565        17.9931       -2096.84     /gpfs/hpu/EHT2/IHARM/MAD/MAD_a+0.75_384x192x192_IHARM/m_1_1_80/image_a+0.75_0059_163_0_230.e9_6.2e9_1.50206e+25_80.dat
        60       0.530299        3.86701        124.138        7.53044        23.1103        16.0509       -1852.86     /gpfs/hpu/EHT2/IHARM/MAD/MAD_a+0.75_384x192x192_IHARM/m_1_1_80/image_a+0.75_0060_163_0_230.e9_6.2e9_1.50206e+25_80.dat
        61       0.722836        3.88349        92.0435        7.25957        7.93911        7.52347       -1102.45     /gpfs/hpu/EHT2/IHARM/MAD/MAD_a+0.75_384x192x192_IHARM/m_1_1_80/image_a+0.75_0061_163_0_230.e9_6.2e9_1.50206e+25_80.dat
        62       0.509977        3.87809        106.848        8.80159        22.1264        16.0521       -1867.09     /gpfs/hpu/EHT2/IHARM/MAD/MAD_a+0.75_384x192x192_IHARM/m_1_1_80/image_a+0.75_0062_163_0_230.e9_6.2e9_1.50206e+25_80.dat
        63       0.573759        3.96175         82.743        4.82972        9.09879        7.12144       -1025.92     /gpfs/hpu/EHT2/IHARM/MAD/MAD_a+0.75_384x192x192_IHARM/m_1_1_80/image_a+0.75_0063_163_0_230.e9_6.2e9_1.50206e+25_80.dat
        64       0.767218        3.54329         49.766        21.4668        24.3155        22.7124       -2500.45     /gpfs/hpu/EHT2/IHARM/MAD/MAD_a+0.75_384x192x192_IHARM/m_1_1_80/image_a+0.75_0064_163_0_230.e9_6.2e9_1.50206e+25_80.dat
        65       0.950463        4.32972        88.7641        17.0004        34.6475        26.5198       -2956.69     /gpfs/hpu/EHT2/IHARM/MAD/MAD_a+0.75_384x192x192_IHARM/m_1_1_80/image_a+0.75_0065_163_0_230.e9_6.2e9_1.50206e+25_80.dat
        66       0.889989        4.59732        18.1197        5.21595        8.28122        6.83427        -1044.1     /gpfs/hpu/EHT2/IHARM/MAD/MAD_a+0.75_384x192x192_IHARM/m_1_1_80/image_a+0.75_0066_163_0_230.e9_6.2e9_1.50206e+25_80.dat
        67       0.729638        4.33247        56.9726        17.0465        13.8508        15.0098       -1787.22     /gpfs/hpu/EHT2/IHARM/MAD/MAD_a+0.75_384x192x192_IHARM/m_1_1_80/image_a+0.75_0067_163_0_230.e9_6.2e9_1.50206e+25_80.dat
        68       0.702048        4.20233        59.4644        20.1154        15.6014        17.3002          -1981     /gpfs/hpu/EHT2/IHARM/MAD/MAD_a+0.75_384x192x192_IHARM/m_1_1_80/image_a+0.75_0068_163_0_230.e9_6.2e9_1.50206e+25_80.dat
        69       0.443337        3.81049       -169.929        6.90178        13.0516         10.204       -1273.47     /gpfs/hpu/EHT2/IHARM/MAD/MAD_a+0.75_384x192x192_IHARM/m_1_1_80/image_a+0.75_0069_163_0_230.e9_6.2e9_1.50206e+25_80.dat
        70       0.535481        3.98264       -154.762        12.7155        30.9348        22.6187       -2521.66     /gpfs/hpu/EHT2/IHARM/MAD/MAD_a+0.75_384x192x192_IHARM/m_1_1_80/image_a+0.75_0070_163_0_230.e9_6.2e9_1.50206e+25_80.dat
        71       0.518964         3.9768       -157.993         11.166        32.6677        22.9131       -2549.49     /gpfs/hpu/EHT2/IHARM/MAD/MAD_a+0.75_384x192x192_IHARM/m_1_1_80/image_a+0.75_0071_163_0_230.e9_6.2e9_1.50206e+25_80.dat
        72       0.995787        3.86741       -298.214        14.9835        36.4063        26.6275       -3066.76     /gpfs/hpu/EHT2/IHARM/MAD/MAD_a+0.75_384x192x192_IHARM/m_1_1_80/image_a+0.75_0072_163_0_230.e9_6.2e9_1.50206e+25_80.dat
        73       0.409757         3.8142       -255.486        12.8792        10.3243        11.2625       -1395.17     /gpfs/hpu/EHT2/IHARM/MAD/MAD_a+0.75_384x192x192_IHARM/m_1_1_80/image_a+0.75_0073_163_0_230.e9_6.2e9_1.50206e+25_80.dat
        74       0.414199        3.84199       -263.542        15.5656         18.022        16.6855       -1909.82     /gpfs/hpu/EHT2/IHARM/MAD/MAD_a+0.75_384x192x192_IHARM/m_1_1_80/image_a+0.75_0074_163_0_230.e9_6.2e9_1.50206e+25_80.dat
        75       0.468476        4.01212       -282.936        12.4527        9.52299        10.6349       -1331.83     /gpfs/hpu/EHT2/IHARM/MAD/MAD_a+0.75_384x192x192_IHARM/m_1_1_80/image_a+0.75_0075_163_0_230.e9_6.2e9_1.50206e+25_80.dat
        76       0.430852        4.17196       -306.332        11.7083        22.7676        17.6576       -2001.94     /gpfs/hpu/EHT2/IHARM/MAD/MAD_a+0.75_384x192x192_IHARM/m_1_1_80/image_a+0.75_0076_163_0_230.e9_6.2e9_1.50206e+25_80.dat
        77        0.44336        4.15369       -304.669        10.0395        12.7928        11.4099       -1412.34     /gpfs/hpu/EHT2/IHARM/MAD/MAD_a+0.75_384x192x192_IHARM/m_1_1_80/image_a+0.75_0077_163_0_230.e9_6.2e9_1.50206e+25_80.dat
        78       0.452097        3.81428       -317.912        16.4751        22.9123        19.7878       -2229.57     /gpfs/hpu/EHT2/IHARM/MAD/MAD_a+0.75_384x192x192_IHARM/m_1_1_80/image_a+0.75_0078_163_0_230.e9_6.2e9_1.50206e+25_80.dat
        79       0.523701        3.79476       -217.172        12.3535        18.3088        15.4631       -1816.48     /gpfs/hpu/EHT2/IHARM/MAD/MAD_a+0.75_384x192x192_IHARM/m_1_1_80/image_a+0.75_0079_163_0_230.e9_6.2e9_1.50206e+25_80.dat
        80       0.535787         3.7414       -271.395        10.1712        16.3586        13.4434       -1591.36     /gpfs/hpu/EHT2/IHARM/MAD/MAD_a+0.75_384x192x192_IHARM/m_1_1_80/image_a+0.75_0080_163_0_230.e9_6.2e9_1.50206e+25_80.dat
        81       0.489095        3.65504       -246.409        9.77041        15.9085        13.0215       -1561.61     /gpfs/hpu/EHT2/IHARM/MAD/MAD_a+0.75_384x192x192_IHARM/m_1_1_80/image_a+0.75_0081_163_0_230.e9_6.2e9_1.50206e+25_80.dat
        82       0.602889        3.70364       -203.524        5.39705        15.0856        10.6845       -1419.95     /gpfs/hpu/EHT2/IHARM/MAD/MAD_a+0.75_384x192x192_IHARM/m_1_1_80/image_a+0.75_0082_163_0_230.e9_6.2e9_1.50206e+25_80.dat
        83       0.615456        3.67273       -291.692        8.02793        11.8657        10.0308       -1326.27     /gpfs/hpu/EHT2/IHARM/MAD/MAD_a+0.75_384x192x192_IHARM/m_1_1_80/image_a+0.75_0083_163_0_230.e9_6.2e9_1.50206e+25_80.dat
        84       0.765414        4.33602        -188.57        14.8849        36.0293        26.3761       -2909.46     /gpfs/hpu/EHT2/IHARM/MAD/MAD_a+0.75_384x192x192_IHARM/m_1_1_80/image_a+0.75_0084_163_0_230.e9_6.2e9_1.50206e+25_80.dat
        85       0.713846        4.17964        -218.21        12.2397        41.1807        28.0944       -3053.09     /gpfs/hpu/EHT2/IHARM/MAD/MAD_a+0.75_384x192x192_IHARM/m_1_1_80/image_a+0.75_0085_163_0_230.e9_6.2e9_1.50206e+25_80.dat
        86       0.658846        3.69118        -279.95        22.6664        12.4068        16.6261       -1931.72     /gpfs/hpu/EHT2/IHARM/MAD/MAD_a+0.75_384x192x192_IHARM/m_1_1_80/image_a+0.75_0086_163_0_230.e9_6.2e9_1.50206e+25_80.dat
        87       0.594485        4.02769       -168.748        6.74836        17.2321        12.4557       -1539.68     /gpfs/hpu/EHT2/IHARM/MAD/MAD_a+0.75_384x192x192_IHARM/m_1_1_80/image_a+0.75_0087_163_0_230.e9_6.2e9_1.50206e+25_80.dat
        88       0.480683        3.71211       -260.366        12.3245        19.5043        16.1134       -1859.66     /gpfs/hpu/EHT2/IHARM/MAD/MAD_a+0.75_384x192x192_IHARM/m_1_1_80/image_a+0.75_0088_163_0_230.e9_6.2e9_1.50206e+25_80.dat
        89       0.521063        3.80571       -286.488        12.8135        15.0118        13.8331       -1640.25     /gpfs/hpu/EHT2/IHARM/MAD/MAD_a+0.75_384x192x192_IHARM/m_1_1_80/image_a+0.75_0089_163_0_230.e9_6.2e9_1.50206e+25_80.dat
        90       0.445354        4.09956       -288.373         19.917        20.6035         19.988       -2226.07     /gpfs/hpu/EHT2/IHARM/MAD/MAD_a+0.75_384x192x192_IHARM/m_1_1_80/image_a+0.75_0090_163_0_230.e9_6.2e9_1.50206e+25_80.dat
        91       0.430154        4.00664       -313.937        23.6005        29.8122        26.6774       -2878.25     /gpfs/hpu/EHT2/IHARM/MAD/MAD_a+0.75_384x192x192_IHARM/m_1_1_80/image_a+0.75_0091_163_0_230.e9_6.2e9_1.50206e+25_80.dat
        92       0.473109        4.17905        -216.83        4.74702        21.2626        13.8295       -1659.91     /gpfs/hpu/EHT2/IHARM/MAD/MAD_a+0.75_384x192x192_IHARM/m_1_1_80/image_a+0.75_0092_163_0_230.e9_6.2e9_1.50206e+25_80.dat
        93       0.473882         3.8505       -265.552        7.88216        17.1097        12.8754       -1549.42     /gpfs/hpu/EHT2/IHARM/MAD/MAD_a+0.75_384x192x192_IHARM/m_1_1_80/image_a+0.75_0093_163_0_230.e9_6.2e9_1.50206e+25_80.dat
        94       0.575974        4.05208       -180.736        7.86778        20.3368        14.6583       -1752.86     /gpfs/hpu/EHT2/IHARM/MAD/MAD_a+0.75_384x192x192_IHARM/m_1_1_80/image_a+0.75_0094_163_0_230.e9_6.2e9_1.50206e+25_80.dat
        95       0.488515        3.93782       -200.649        16.7663        38.2254        28.4027       -3064.86     /gpfs/hpu/EHT2/IHARM/MAD/MAD_a+0.75_384x192x192_IHARM/m_1_1_80/image_a+0.75_0095_163_0_230.e9_6.2e9_1.50206e+25_80.dat
        96       0.430116        3.80692       -252.936        10.9628        14.6646        12.8447       -1542.11     /gpfs/hpu/EHT2/IHARM/MAD/MAD_a+0.75_384x192x192_IHARM/m_1_1_80/image_a+0.75_0096_163_0_230.e9_6.2e9_1.50206e+25_80.dat
        97        0.50032        4.18633       -158.256        11.4113        23.6079        17.9958       -2047.83     /gpfs/hpu/EHT2/IHARM/MAD/MAD_a+0.75_384x192x192_IHARM/m_1_1_80/image_a+0.75_0097_163_0_230.e9_6.2e9_1.50206e+25_80.dat
        98       0.630026        3.48848       -322.883        13.4885        43.2829         29.797       -3231.13     /gpfs/hpu/EHT2/IHARM/MAD/MAD_a+0.75_384x192x192_IHARM/m_1_1_80/image_a+0.75_0098_163_0_230.e9_6.2e9_1.50206e+25_80.dat
        99       0.744726        3.96467       -220.297        11.8507        22.7993        17.7364       -2044.84     /gpfs/hpu/EHT2/IHARM/MAD/MAD_a+0.75_384x192x192_IHARM/m_1_1_80/image_a+0.75_0099_163_0_230.e9_6.2e9_1.50206e+25_80.dat
