   # Index         I (Jy)      M/D (uas)       PA (deg)  VA red. chisq  CP red. chisq     red. chisq     log-liklhd     FileName
         0        0.84558        3.80686        112.963        11.5222        31.8667        22.7035       -3324.13     /gpfs/hpu/EHT2/IHARM/MAD/MAD_a+0.94_384x192x192_IHARM/m_1_1_80/image_a+0.94_0000_163_0_230.e9_6.2e9_1.25564e+25_80.dat
         1       0.916366        4.17362        103.683        26.4674        69.4467        50.0632       -6821.33     /gpfs/hpu/EHT2/IHARM/MAD/MAD_a+0.94_384x192x192_IHARM/m_1_1_80/image_a+0.94_0001_163_0_230.e9_6.2e9_1.25564e+25_80.dat
         2       0.855944         3.5105        103.001        24.8201        100.837        66.8198       -8936.62     /gpfs/hpu/EHT2/IHARM/MAD/MAD_a+0.94_384x192x192_IHARM/m_1_1_80/image_a+0.94_0002_163_0_230.e9_6.2e9_1.25564e+25_80.dat
         3        1.13193        3.50024        103.004        8.68665        39.3697        25.6552       -3945.61     /gpfs/hpu/EHT2/IHARM/MAD/MAD_a+0.94_384x192x192_IHARM/m_1_1_80/image_a+0.94_0003_163_0_230.e9_6.2e9_1.25564e+25_80.dat
         4       0.445845        3.82063        103.001        18.4989        55.2698        38.7364       -5258.69     /gpfs/hpu/EHT2/IHARM/MAD/MAD_a+0.94_384x192x192_IHARM/m_1_1_80/image_a+0.94_0004_163_0_230.e9_6.2e9_1.25564e+25_80.dat
         5       0.615379         3.8046        103.001        8.01715        24.7297        17.2199       -2636.63     /gpfs/hpu/EHT2/IHARM/MAD/MAD_a+0.94_384x192x192_IHARM/m_1_1_80/image_a+0.94_0005_163_0_230.e9_6.2e9_1.25564e+25_80.dat
         6       0.574753        3.87691        103.009        11.0153        23.9074        18.0559       -2730.51     /gpfs/hpu/EHT2/IHARM/MAD/MAD_a+0.94_384x192x192_IHARM/m_1_1_80/image_a+0.94_0006_163_0_230.e9_6.2e9_1.25564e+25_80.dat
         7       0.406771        3.55826        103.002        13.6796        36.7553        26.3546       -3710.86     /gpfs/hpu/EHT2/IHARM/MAD/MAD_a+0.94_384x192x192_IHARM/m_1_1_80/image_a+0.94_0007_163_0_230.e9_6.2e9_1.25564e+25_80.dat
         8       0.425551        3.89298         103.02        10.4535        23.4858        17.5789       -2575.27     /gpfs/hpu/EHT2/IHARM/MAD/MAD_a+0.94_384x192x192_IHARM/m_1_1_80/image_a+0.94_0008_163_0_230.e9_6.2e9_1.25564e+25_80.dat
         9       0.499057        4.02212        112.957        14.1061        33.7293        24.8548       -3578.66     /gpfs/hpu/EHT2/IHARM/MAD/MAD_a+0.94_384x192x192_IHARM/m_1_1_80/image_a+0.94_0009_163_0_230.e9_6.2e9_1.25564e+25_80.dat
        10       0.537647          3.854        112.972        19.0745        35.9619        28.2408       -3992.19     /gpfs/hpu/EHT2/IHARM/MAD/MAD_a+0.94_384x192x192_IHARM/m_1_1_80/image_a+0.94_0010_163_0_230.e9_6.2e9_1.25564e+25_80.dat
        11       0.452748        4.00033        105.897         7.4904        9.69637         8.6273       -1448.29     /gpfs/hpu/EHT2/IHARM/MAD/MAD_a+0.94_384x192x192_IHARM/m_1_1_80/image_a+0.94_0011_163_0_230.e9_6.2e9_1.25564e+25_80.dat
        12        0.44845        4.11399        110.547        3.78712        3.22756        3.42994       -799.353     /gpfs/hpu/EHT2/IHARM/MAD/MAD_a+0.94_384x192x192_IHARM/m_1_1_80/image_a+0.94_0012_163_0_230.e9_6.2e9_1.25564e+25_80.dat
        13       0.753043        3.57386        103.083        4.91905        23.9753        15.4634       -2466.06     /gpfs/hpu/EHT2/IHARM/MAD/MAD_a+0.94_384x192x192_IHARM/m_1_1_80/image_a+0.94_0013_163_0_230.e9_6.2e9_1.25564e+25_80.dat
        14       0.555518        3.84913         103.01         14.758         11.043        12.5123       -1941.49     /gpfs/hpu/EHT2/IHARM/MAD/MAD_a+0.94_384x192x192_IHARM/m_1_1_80/image_a+0.94_0014_163_0_230.e9_6.2e9_1.25564e+25_80.dat
        15       0.566285        3.79089        112.978        9.56523        14.3708        12.1236       -1975.12     /gpfs/hpu/EHT2/IHARM/MAD/MAD_a+0.94_384x192x192_IHARM/m_1_1_80/image_a+0.94_0015_163_0_230.e9_6.2e9_1.25564e+25_80.dat
        16       0.607171        3.61455        103.394        17.6754        31.7978          25.32       -3635.72     /gpfs/hpu/EHT2/IHARM/MAD/MAD_a+0.94_384x192x192_IHARM/m_1_1_80/image_a+0.94_0016_163_0_230.e9_6.2e9_1.25564e+25_80.dat
        17       0.654864        3.60663        112.978        14.3932        19.5558        17.0918       -2583.14     /gpfs/hpu/EHT2/IHARM/MAD/MAD_a+0.94_384x192x192_IHARM/m_1_1_80/image_a+0.94_0017_163_0_230.e9_6.2e9_1.25564e+25_80.dat
        18       0.433054        3.82376        103.001        9.85685        23.8148        17.5046       -2577.43     /gpfs/hpu/EHT2/IHARM/MAD/MAD_a+0.94_384x192x192_IHARM/m_1_1_80/image_a+0.94_0018_163_0_230.e9_6.2e9_1.25564e+25_80.dat
        19        0.45627        3.90603        112.965        2.82266        11.8943        7.83643       -1408.64     /gpfs/hpu/EHT2/IHARM/MAD/MAD_a+0.94_384x192x192_IHARM/m_1_1_80/image_a+0.94_0019_163_0_230.e9_6.2e9_1.25564e+25_80.dat
        20       0.614435         3.8936        107.256        12.2269        12.0798        11.9972       -1886.83     /gpfs/hpu/EHT2/IHARM/MAD/MAD_a+0.94_384x192x192_IHARM/m_1_1_80/image_a+0.94_0020_163_0_230.e9_6.2e9_1.25564e+25_80.dat
        21       0.615932         3.7703        107.137        16.3819        21.2591        18.8976       -2777.61     /gpfs/hpu/EHT2/IHARM/MAD/MAD_a+0.94_384x192x192_IHARM/m_1_1_80/image_a+0.94_0021_163_0_230.e9_6.2e9_1.25564e+25_80.dat
        22       0.863078        3.65345        112.955        14.5926        18.9773         16.856       -2624.16     /gpfs/hpu/EHT2/IHARM/MAD/MAD_a+0.94_384x192x192_IHARM/m_1_1_80/image_a+0.94_0022_163_0_230.e9_6.2e9_1.25564e+25_80.dat
        23        1.04079        3.47233        112.987        32.0262        27.8727        29.3276       -4425.68     /gpfs/hpu/EHT2/IHARM/MAD/MAD_a+0.94_384x192x192_IHARM/m_1_1_80/image_a+0.94_0023_163_0_230.e9_6.2e9_1.25564e+25_80.dat
        24       0.849383        3.62833        112.965        26.3763        15.8413         20.195       -3015.05     /gpfs/hpu/EHT2/IHARM/MAD/MAD_a+0.94_384x192x192_IHARM/m_1_1_80/image_a+0.94_0024_163_0_230.e9_6.2e9_1.25564e+25_80.dat
        25       0.561035        3.60325        107.017        3.46853        9.42568        6.74144       -1280.64     /gpfs/hpu/EHT2/IHARM/MAD/MAD_a+0.94_384x192x192_IHARM/m_1_1_80/image_a+0.94_0025_163_0_230.e9_6.2e9_1.25564e+25_80.dat
        26       0.720477        3.78681        107.032        8.72204        30.8979        20.9563       -3073.54     /gpfs/hpu/EHT2/IHARM/MAD/MAD_a+0.94_384x192x192_IHARM/m_1_1_80/image_a+0.94_0026_163_0_230.e9_6.2e9_1.25564e+25_80.dat
        27       0.762065        3.64894        103.004        6.31577        12.5688        9.71886       -1766.98     /gpfs/hpu/EHT2/IHARM/MAD/MAD_a+0.94_384x192x192_IHARM/m_1_1_80/image_a+0.94_0027_163_0_230.e9_6.2e9_1.25564e+25_80.dat
        28       0.892541        4.13033        103.043        16.6051        27.3572        22.3872       -3334.49     /gpfs/hpu/EHT2/IHARM/MAD/MAD_a+0.94_384x192x192_IHARM/m_1_1_80/image_a+0.94_0028_163_0_230.e9_6.2e9_1.25564e+25_80.dat
        29       0.606659        4.21954        112.925        8.75915        6.61307          7.459       -1330.32     /gpfs/hpu/EHT2/IHARM/MAD/MAD_a+0.94_384x192x192_IHARM/m_1_1_80/image_a+0.94_0029_163_0_230.e9_6.2e9_1.25564e+25_80.dat
        30       0.503182        3.58751        112.998        16.5774        25.1096        21.1246       -3036.51     /gpfs/hpu/EHT2/IHARM/MAD/MAD_a+0.94_384x192x192_IHARM/m_1_1_80/image_a+0.94_0030_163_0_230.e9_6.2e9_1.25564e+25_80.dat
        31       0.634563        3.64319        112.974        9.95251        28.2511        20.0144       -2989.62     /gpfs/hpu/EHT2/IHARM/MAD/MAD_a+0.94_384x192x192_IHARM/m_1_1_80/image_a+0.94_0031_163_0_230.e9_6.2e9_1.25564e+25_80.dat
        32       0.898415        3.91062        103.022        30.8048        50.5943        41.4441       -5742.35     /gpfs/hpu/EHT2/IHARM/MAD/MAD_a+0.94_384x192x192_IHARM/m_1_1_80/image_a+0.94_0032_163_0_230.e9_6.2e9_1.25564e+25_80.dat
        33          1.235         3.9818        103.037        22.6621        95.3974        62.8616       -9725.35     /gpfs/hpu/EHT2/IHARM/MAD/MAD_a+0.94_384x192x192_IHARM/m_1_1_80/image_a+0.94_0033_163_0_230.e9_6.2e9_1.25564e+25_80.dat
        34        0.69502        3.47481            113        13.2865        20.5219        17.1519       -2583.43     /gpfs/hpu/EHT2/IHARM/MAD/MAD_a+0.94_384x192x192_IHARM/m_1_1_80/image_a+0.94_0034_163_0_230.e9_6.2e9_1.25564e+25_80.dat
        35       0.459115        4.01768        112.849        7.96665        26.9811        18.4509       -2700.96     /gpfs/hpu/EHT2/IHARM/MAD/MAD_a+0.94_384x192x192_IHARM/m_1_1_80/image_a+0.94_0035_163_0_230.e9_6.2e9_1.25564e+25_80.dat
        36       0.554484        3.85157        112.633        9.89491        18.8893        14.7801       -2261.84     /gpfs/hpu/EHT2/IHARM/MAD/MAD_a+0.94_384x192x192_IHARM/m_1_1_80/image_a+0.94_0036_163_0_230.e9_6.2e9_1.25564e+25_80.dat
        37       0.601343        3.86755        112.998        7.05267        16.2772        12.1004       -1937.16     /gpfs/hpu/EHT2/IHARM/MAD/MAD_a+0.94_384x192x192_IHARM/m_1_1_80/image_a+0.94_0037_163_0_230.e9_6.2e9_1.25564e+25_80.dat
        38       0.543633        3.98348        112.992        14.2058         40.977        28.9308       -4027.41     /gpfs/hpu/EHT2/IHARM/MAD/MAD_a+0.94_384x192x192_IHARM/m_1_1_80/image_a+0.94_0038_163_0_230.e9_6.2e9_1.25564e+25_80.dat
        39       0.715006        4.13743        112.823        8.99584        6.95867        7.75343       -1418.14     /gpfs/hpu/EHT2/IHARM/MAD/MAD_a+0.94_384x192x192_IHARM/m_1_1_80/image_a+0.94_0039_163_0_230.e9_6.2e9_1.25564e+25_80.dat
        40       0.477257        4.02118        112.898        8.30672        13.6751        11.1935        -1762.4     /gpfs/hpu/EHT2/IHARM/MAD/MAD_a+0.94_384x192x192_IHARM/m_1_1_80/image_a+0.94_0040_163_0_230.e9_6.2e9_1.25564e+25_80.dat
        41         0.8528        3.52134        111.191        15.9045        32.9648        25.2053       -3683.42     /gpfs/hpu/EHT2/IHARM/MAD/MAD_a+0.94_384x192x192_IHARM/m_1_1_80/image_a+0.94_0041_163_0_230.e9_6.2e9_1.25564e+25_80.dat
        42       0.759631        4.45489        103.014        4.75531        15.4856        10.6687       -1822.57     /gpfs/hpu/EHT2/IHARM/MAD/MAD_a+0.94_384x192x192_IHARM/m_1_1_80/image_a+0.94_0042_163_0_230.e9_6.2e9_1.25564e+25_80.dat
        43         0.4007        3.75731        110.947        9.77393         13.813        11.9032       -1873.17     /gpfs/hpu/EHT2/IHARM/MAD/MAD_a+0.94_384x192x192_IHARM/m_1_1_80/image_a+0.94_0043_163_0_230.e9_6.2e9_1.25564e+25_80.dat
        44       0.465176        4.01816         103.02        11.0775        43.5269             29       -4027.82     /gpfs/hpu/EHT2/IHARM/MAD/MAD_a+0.94_384x192x192_IHARM/m_1_1_80/image_a+0.94_0044_163_0_230.e9_6.2e9_1.25564e+25_80.dat
        45       0.692472        3.94965        112.997        5.70225        19.8247        13.4917       -2191.86     /gpfs/hpu/EHT2/IHARM/MAD/MAD_a+0.94_384x192x192_IHARM/m_1_1_80/image_a+0.94_0045_163_0_230.e9_6.2e9_1.25564e+25_80.dat
        46        0.99512        3.91985        112.999        22.2486        60.2543        43.1278       -6003.47     /gpfs/hpu/EHT2/IHARM/MAD/MAD_a+0.94_384x192x192_IHARM/m_1_1_80/image_a+0.94_0046_163_0_230.e9_6.2e9_1.25564e+25_80.dat
        47       0.907377        4.30852        105.916        30.2072        58.0433        45.3312       -6268.48     /gpfs/hpu/EHT2/IHARM/MAD/MAD_a+0.94_384x192x192_IHARM/m_1_1_80/image_a+0.94_0047_163_0_230.e9_6.2e9_1.25564e+25_80.dat
        48        1.18526        4.24844        103.243        22.4905        43.1593        33.7197       -5091.39     /gpfs/hpu/EHT2/IHARM/MAD/MAD_a+0.94_384x192x192_IHARM/m_1_1_80/image_a+0.94_0048_163_0_230.e9_6.2e9_1.25564e+25_80.dat
        49       0.717369        4.24147        103.032        22.1956         20.879        21.1945       -3122.11     /gpfs/hpu/EHT2/IHARM/MAD/MAD_a+0.94_384x192x192_IHARM/m_1_1_80/image_a+0.94_0049_163_0_230.e9_6.2e9_1.25564e+25_80.dat
        50        1.00685        4.01426         103.01        14.4944        17.4915        15.9868       -2609.37     /gpfs/hpu/EHT2/IHARM/MAD/MAD_a+0.94_384x192x192_IHARM/m_1_1_80/image_a+0.94_0050_163_0_230.e9_6.2e9_1.25564e+25_80.dat
        51        1.18272        3.94757        112.986        28.6889        39.4728        34.3425       -5050.41     /gpfs/hpu/EHT2/IHARM/MAD/MAD_a+0.94_384x192x192_IHARM/m_1_1_80/image_a+0.94_0051_163_0_230.e9_6.2e9_1.25564e+25_80.dat
        52       0.650354        4.31749        108.457        26.1305        28.1258        26.9247       -3825.52     /gpfs/hpu/EHT2/IHARM/MAD/MAD_a+0.94_384x192x192_IHARM/m_1_1_80/image_a+0.94_0052_163_0_230.e9_6.2e9_1.25564e+25_80.dat
        53       0.698191        4.26987        107.059        23.9571        28.7328        26.3247       -3752.97     /gpfs/hpu/EHT2/IHARM/MAD/MAD_a+0.94_384x192x192_IHARM/m_1_1_80/image_a+0.94_0053_163_0_230.e9_6.2e9_1.25564e+25_80.dat
        54       0.637524        4.68005        112.982        13.1817         13.547        13.2255       -2036.26     /gpfs/hpu/EHT2/IHARM/MAD/MAD_a+0.94_384x192x192_IHARM/m_1_1_80/image_a+0.94_0054_163_0_230.e9_6.2e9_1.25564e+25_80.dat
        55       0.527194        4.37656        103.003        9.90128        9.59388        9.61046       -1615.99     /gpfs/hpu/EHT2/IHARM/MAD/MAD_a+0.94_384x192x192_IHARM/m_1_1_80/image_a+0.94_0055_163_0_230.e9_6.2e9_1.25564e+25_80.dat
        56       0.682122         4.5167        103.007        19.5631        18.2585        18.6005       -2759.71     /gpfs/hpu/EHT2/IHARM/MAD/MAD_a+0.94_384x192x192_IHARM/m_1_1_80/image_a+0.94_0056_163_0_230.e9_6.2e9_1.25564e+25_80.dat
        57       0.463943        4.25612        112.812        9.57662        21.1686        15.9112       -2382.19     /gpfs/hpu/EHT2/IHARM/MAD/MAD_a+0.94_384x192x192_IHARM/m_1_1_80/image_a+0.94_0057_163_0_230.e9_6.2e9_1.25564e+25_80.dat
        58         0.5416        4.32083        103.056        24.9538        34.0713        29.7254       -4180.48     /gpfs/hpu/EHT2/IHARM/MAD/MAD_a+0.94_384x192x192_IHARM/m_1_1_80/image_a+0.94_0058_163_0_230.e9_6.2e9_1.25564e+25_80.dat
        59       0.471098        4.18078        112.924        16.5812        31.3369        24.5914       -3509.44     /gpfs/hpu/EHT2/IHARM/MAD/MAD_a+0.94_384x192x192_IHARM/m_1_1_80/image_a+0.94_0059_163_0_230.e9_6.2e9_1.25564e+25_80.dat
        60       0.383746        4.31043        107.937        7.78206        10.4298        9.16128       -1518.62     /gpfs/hpu/EHT2/IHARM/MAD/MAD_a+0.94_384x192x192_IHARM/m_1_1_80/image_a+0.94_0060_163_0_230.e9_6.2e9_1.25564e+25_80.dat
        61       0.529945        3.96055        103.221        16.5773        30.8337        24.3098       -3524.67     /gpfs/hpu/EHT2/IHARM/MAD/MAD_a+0.94_384x192x192_IHARM/m_1_1_80/image_a+0.94_0061_163_0_230.e9_6.2e9_1.25564e+25_80.dat
        62       0.620223        3.75828        103.094        16.1805        35.0566        26.4884       -3850.56     /gpfs/hpu/EHT2/IHARM/MAD/MAD_a+0.94_384x192x192_IHARM/m_1_1_80/image_a+0.94_0062_163_0_230.e9_6.2e9_1.25564e+25_80.dat
        63       0.537625        3.86086        112.968        3.40292        19.1363        12.1166       -1931.69     /gpfs/hpu/EHT2/IHARM/MAD/MAD_a+0.94_384x192x192_IHARM/m_1_1_80/image_a+0.94_0063_163_0_230.e9_6.2e9_1.25564e+25_80.dat
        64       0.824651        3.89248        112.768        11.2364        20.8383        16.4435       -2573.71     /gpfs/hpu/EHT2/IHARM/MAD/MAD_a+0.94_384x192x192_IHARM/m_1_1_80/image_a+0.94_0064_163_0_230.e9_6.2e9_1.25564e+25_80.dat
        65       0.490523        3.95139        112.963        4.62079        11.1427          8.194       -1393.33     /gpfs/hpu/EHT2/IHARM/MAD/MAD_a+0.94_384x192x192_IHARM/m_1_1_80/image_a+0.94_0065_163_0_230.e9_6.2e9_1.25564e+25_80.dat
        66        0.67559        3.57173        103.034        5.75962        16.7839        11.8244       -1928.93     /gpfs/hpu/EHT2/IHARM/MAD/MAD_a+0.94_384x192x192_IHARM/m_1_1_80/image_a+0.94_0066_163_0_230.e9_6.2e9_1.25564e+25_80.dat
        67       0.705561        3.95204         104.58        11.5214        20.9449        16.6258       -2588.03     /gpfs/hpu/EHT2/IHARM/MAD/MAD_a+0.94_384x192x192_IHARM/m_1_1_80/image_a+0.94_0067_163_0_230.e9_6.2e9_1.25564e+25_80.dat
        68       0.548217        4.00881        112.989        12.9539         37.836        26.6429       -3696.74     /gpfs/hpu/EHT2/IHARM/MAD/MAD_a+0.94_384x192x192_IHARM/m_1_1_80/image_a+0.94_0068_163_0_230.e9_6.2e9_1.25564e+25_80.dat
        69       0.588256         3.7544        103.076        17.5305        34.1804        26.5833       -3747.91     /gpfs/hpu/EHT2/IHARM/MAD/MAD_a+0.94_384x192x192_IHARM/m_1_1_80/image_a+0.94_0069_163_0_230.e9_6.2e9_1.25564e+25_80.dat
        70        0.48753        3.98711        112.994        8.30214        12.2748        10.4123       -1695.34     /gpfs/hpu/EHT2/IHARM/MAD/MAD_a+0.94_384x192x192_IHARM/m_1_1_80/image_a+0.94_0070_163_0_230.e9_6.2e9_1.25564e+25_80.dat
        71       0.904867         4.3371        112.999        11.6071        21.8311        17.1559       -2711.05     /gpfs/hpu/EHT2/IHARM/MAD/MAD_a+0.94_384x192x192_IHARM/m_1_1_80/image_a+0.94_0071_163_0_230.e9_6.2e9_1.25564e+25_80.dat
        72       0.828098        3.83936        103.008        25.7948        37.3462        31.9106       -4988.61     /gpfs/hpu/EHT2/IHARM/MAD/MAD_a+0.94_384x192x192_IHARM/m_1_1_80/image_a+0.94_0072_163_0_230.e9_6.2e9_1.25564e+25_80.dat
        73        0.56183        4.04465        103.014        10.8609        29.8496        21.2958       -3047.33     /gpfs/hpu/EHT2/IHARM/MAD/MAD_a+0.94_384x192x192_IHARM/m_1_1_80/image_a+0.94_0073_163_0_230.e9_6.2e9_1.25564e+25_80.dat
        74       0.535944        3.97507         110.17        18.7444        20.1412        19.2949       -2796.06     /gpfs/hpu/EHT2/IHARM/MAD/MAD_a+0.94_384x192x192_IHARM/m_1_1_80/image_a+0.94_0074_163_0_230.e9_6.2e9_1.25564e+25_80.dat
        75       0.753085        3.86592        112.981         21.489         20.493        20.6748       -3095.54     /gpfs/hpu/EHT2/IHARM/MAD/MAD_a+0.94_384x192x192_IHARM/m_1_1_80/image_a+0.94_0075_163_0_230.e9_6.2e9_1.25564e+25_80.dat
        76        1.12934        4.32003        112.994        9.93358        149.947         87.724         -12834     /gpfs/hpu/EHT2/IHARM/MAD/MAD_a+0.94_384x192x192_IHARM/m_1_1_80/image_a+0.94_0076_163_0_230.e9_6.2e9_1.25564e+25_80.dat
        77       0.602878        4.30679         112.99        12.1901        33.7213        24.0237       -3422.49     /gpfs/hpu/EHT2/IHARM/MAD/MAD_a+0.94_384x192x192_IHARM/m_1_1_80/image_a+0.94_0077_163_0_230.e9_6.2e9_1.25564e+25_80.dat
        78       0.566275        4.27683        112.295        4.99889        21.8885        14.3367        -2170.3     /gpfs/hpu/EHT2/IHARM/MAD/MAD_a+0.94_384x192x192_IHARM/m_1_1_80/image_a+0.94_0078_163_0_230.e9_6.2e9_1.25564e+25_80.dat
        79       0.681245        3.70583            103        10.6883        12.7767        11.7211       -1945.92     /gpfs/hpu/EHT2/IHARM/MAD/MAD_a+0.94_384x192x192_IHARM/m_1_1_80/image_a+0.94_0079_163_0_230.e9_6.2e9_1.25564e+25_80.dat
        80        1.36704        3.46114        103.176         16.344        114.377        70.6971       -9721.83     /gpfs/hpu/EHT2/IHARM/MAD/MAD_a+0.94_384x192x192_IHARM/m_1_1_80/image_a+0.94_0080_163_0_230.e9_6.2e9_1.25564e+25_80.dat
        81        1.03717        4.60918        112.996        28.2752        46.1763        37.8943       -5338.88     /gpfs/hpu/EHT2/IHARM/MAD/MAD_a+0.94_384x192x192_IHARM/m_1_1_80/image_a+0.94_0081_163_0_230.e9_6.2e9_1.25564e+25_80.dat
        82       0.639488        4.01474        112.998        21.8351        50.1871        37.3475        -5168.3     /gpfs/hpu/EHT2/IHARM/MAD/MAD_a+0.94_384x192x192_IHARM/m_1_1_80/image_a+0.94_0082_163_0_230.e9_6.2e9_1.25564e+25_80.dat
        83       0.798242        3.70081        112.946        19.7541        30.7123        25.6128       -3747.84     /gpfs/hpu/EHT2/IHARM/MAD/MAD_a+0.94_384x192x192_IHARM/m_1_1_80/image_a+0.94_0083_163_0_230.e9_6.2e9_1.25564e+25_80.dat
        84       0.429672        3.90662        112.961        7.23507        7.75993        7.43961       -1330.69     /gpfs/hpu/EHT2/IHARM/MAD/MAD_a+0.94_384x192x192_IHARM/m_1_1_80/image_a+0.94_0084_163_0_230.e9_6.2e9_1.25564e+25_80.dat
        85       0.537836        3.48141        112.993         7.3311        14.3525        11.1495       -1792.26     /gpfs/hpu/EHT2/IHARM/MAD/MAD_a+0.94_384x192x192_IHARM/m_1_1_80/image_a+0.94_0085_163_0_230.e9_6.2e9_1.25564e+25_80.dat
        86       0.674045        3.89009        112.998         3.4295        12.2223        8.28077       -1452.81     /gpfs/hpu/EHT2/IHARM/MAD/MAD_a+0.94_384x192x192_IHARM/m_1_1_80/image_a+0.94_0086_163_0_230.e9_6.2e9_1.25564e+25_80.dat
        87       0.431735        4.00977        112.983        6.19959        13.3098        10.0811       -1661.15     /gpfs/hpu/EHT2/IHARM/MAD/MAD_a+0.94_384x192x192_IHARM/m_1_1_80/image_a+0.94_0087_163_0_230.e9_6.2e9_1.25564e+25_80.dat
        88       0.587283        3.97258        103.006        5.34334        169.493        96.6203       -13539.6     /gpfs/hpu/EHT2/IHARM/MAD/MAD_a+0.94_384x192x192_IHARM/m_1_1_80/image_a+0.94_0088_163_0_230.e9_6.2e9_1.25564e+25_80.dat
        89       0.653799        3.93478        112.993        5.80201         62.035        37.0227       -6616.85     /gpfs/hpu/EHT2/IHARM/MAD/MAD_a+0.94_384x192x192_IHARM/m_1_1_80/image_a+0.94_0089_163_0_230.e9_6.2e9_1.25564e+25_80.dat
        90       0.533039        4.14709        103.005         22.238        50.3145        37.5922       -5068.19     /gpfs/hpu/EHT2/IHARM/MAD/MAD_a+0.94_384x192x192_IHARM/m_1_1_80/image_a+0.94_0090_163_0_230.e9_6.2e9_1.25564e+25_80.dat
        91       0.916744        4.09469         112.23        17.6501         41.714         30.827       -4434.62     /gpfs/hpu/EHT2/IHARM/MAD/MAD_a+0.94_384x192x192_IHARM/m_1_1_80/image_a+0.94_0091_163_0_230.e9_6.2e9_1.25564e+25_80.dat
        92       0.761222        3.68648        112.993        23.7665        71.0018        49.7632       -6761.47     /gpfs/hpu/EHT2/IHARM/MAD/MAD_a+0.94_384x192x192_IHARM/m_1_1_80/image_a+0.94_0092_163_0_230.e9_6.2e9_1.25564e+25_80.dat
        93        0.65843        3.93422        103.015        13.9723        40.6613        28.6545       -4129.53     /gpfs/hpu/EHT2/IHARM/MAD/MAD_a+0.94_384x192x192_IHARM/m_1_1_80/image_a+0.94_0093_163_0_230.e9_6.2e9_1.25564e+25_80.dat
        94       0.874094        3.44003        103.056          16.48        22.6427        19.7099       -3044.07     /gpfs/hpu/EHT2/IHARM/MAD/MAD_a+0.94_384x192x192_IHARM/m_1_1_80/image_a+0.94_0094_163_0_230.e9_6.2e9_1.25564e+25_80.dat
        95       0.458797        3.86717        112.977        5.90625         19.649         13.482       -2082.54     /gpfs/hpu/EHT2/IHARM/MAD/MAD_a+0.94_384x192x192_IHARM/m_1_1_80/image_a+0.94_0095_163_0_230.e9_6.2e9_1.25564e+25_80.dat
        96       0.439291        3.98679        105.873        4.19544        7.39494        5.92506       -1127.67     /gpfs/hpu/EHT2/IHARM/MAD/MAD_a+0.94_384x192x192_IHARM/m_1_1_80/image_a+0.94_0096_163_0_230.e9_6.2e9_1.25564e+25_80.dat
        97       0.500512        3.80727         112.99        15.7147        11.3434        13.0922       -2011.98     /gpfs/hpu/EHT2/IHARM/MAD/MAD_a+0.94_384x192x192_IHARM/m_1_1_80/image_a+0.94_0097_163_0_230.e9_6.2e9_1.25564e+25_80.dat
        98       0.478883        3.85901        112.444        9.03087        10.2749        9.61384       -1609.45     /gpfs/hpu/EHT2/IHARM/MAD/MAD_a+0.94_384x192x192_IHARM/m_1_1_80/image_a+0.94_0098_163_0_230.e9_6.2e9_1.25564e+25_80.dat
        99       0.510141        3.82611        104.403        15.8469        27.8076        22.3107       -3206.88     /gpfs/hpu/EHT2/IHARM/MAD/MAD_a+0.94_384x192x192_IHARM/m_1_1_80/image_a+0.94_0099_163_0_230.e9_6.2e9_1.25564e+25_80.dat
