   # Index         I (Jy)      M/D (uas)       PA (deg)  VA red. chisq  CP red. chisq     red. chisq     log-liklhd     FileName
         0        1.16777        3.05665       -124.502        14.0679        10.7612        12.0496       -2637.77     /gpfs/hpu/EHT2/IHARM/MAD/MAD_a-0.5_384x192x192_IHARM/m_1_1_10/image_a-0.5_0000_17_0_230.e9_6.2e9_1.59578e+25_10.dat
         1        0.89511        2.73287       -124.199        7.50238        4.84955        5.92911       -1201.94     /gpfs/hpu/EHT2/IHARM/MAD/MAD_a-0.5_384x192x192_IHARM/m_1_1_10/image_a-0.5_0001_17_0_230.e9_6.2e9_1.59578e+25_10.dat
         2        0.96219        3.07437       -220.495        12.2736        110.331        66.9096       -9344.89     /gpfs/hpu/EHT2/IHARM/MAD/MAD_a-0.5_384x192x192_IHARM/m_1_1_10/image_a-0.5_0002_17_0_230.e9_6.2e9_1.59578e+25_10.dat
         3        1.36386        3.69415       -213.331        40.2657        38.4449        38.7593       -5352.05     /gpfs/hpu/EHT2/IHARM/MAD/MAD_a-0.5_384x192x192_IHARM/m_1_1_10/image_a-0.5_0003_17_0_230.e9_6.2e9_1.59578e+25_10.dat
         4         2.0001        3.90005       -225.437        13.2258         26.862        20.6838        -3210.4     /gpfs/hpu/EHT2/IHARM/MAD/MAD_a-0.5_384x192x192_IHARM/m_1_1_10/image_a-0.5_0004_17_0_230.e9_6.2e9_1.59578e+25_10.dat
         5        1.63244        4.50518       -257.539        8.23101        70.6095        42.9822       -5722.67     /gpfs/hpu/EHT2/IHARM/MAD/MAD_a-0.5_384x192x192_IHARM/m_1_1_10/image_a-0.5_0005_17_0_230.e9_6.2e9_1.59578e+25_10.dat
         6       0.879658        3.53251       -220.466        16.9856        54.9569         37.994       -5497.94     /gpfs/hpu/EHT2/IHARM/MAD/MAD_a-0.5_384x192x192_IHARM/m_1_1_10/image_a-0.5_0006_17_0_230.e9_6.2e9_1.59578e+25_10.dat
         7       0.792352        3.33876        -170.96        7.06856        13.6209        10.6435       -1757.76     /gpfs/hpu/EHT2/IHARM/MAD/MAD_a-0.5_384x192x192_IHARM/m_1_1_10/image_a-0.5_0007_17_0_230.e9_6.2e9_1.59578e+25_10.dat
         8       0.612175        3.65722       -150.939        13.7862        9.03484        10.9641       -1775.42     /gpfs/hpu/EHT2/IHARM/MAD/MAD_a-0.5_384x192x192_IHARM/m_1_1_10/image_a-0.5_0008_17_0_230.e9_6.2e9_1.59578e+25_10.dat
         9        1.12897        4.04205       -116.745        6.30533        16.2184        11.7672       -1927.79     /gpfs/hpu/EHT2/IHARM/MAD/MAD_a-0.5_384x192x192_IHARM/m_1_1_10/image_a-0.5_0009_17_0_230.e9_6.2e9_1.59578e+25_10.dat
        10       0.776609        3.30658       -63.8954        6.68149        5.64442        6.02092       -1198.29     /gpfs/hpu/EHT2/IHARM/MAD/MAD_a-0.5_384x192x192_IHARM/m_1_1_10/image_a-0.5_0010_17_0_230.e9_6.2e9_1.59578e+25_10.dat
        11         1.3085         3.3823       -96.5694        11.1455        29.0758        21.0279       -3328.12     /gpfs/hpu/EHT2/IHARM/MAD/MAD_a-0.5_384x192x192_IHARM/m_1_1_10/image_a-0.5_0011_17_0_230.e9_6.2e9_1.59578e+25_10.dat
        12       0.641884        3.26728        17.9843        18.8991        10.5126         13.984       -2190.14     /gpfs/hpu/EHT2/IHARM/MAD/MAD_a-0.5_384x192x192_IHARM/m_1_1_10/image_a-0.5_0012_17_0_230.e9_6.2e9_1.59578e+25_10.dat
        13       0.786542        3.58645        44.5731        23.0897         77.776        53.3628       -7524.64     /gpfs/hpu/EHT2/IHARM/MAD/MAD_a-0.5_384x192x192_IHARM/m_1_1_10/image_a-0.5_0013_17_0_230.e9_6.2e9_1.59578e+25_10.dat
        14        0.80208        3.21282       -73.7322        10.7576        19.3703        15.4389       -2316.06     /gpfs/hpu/EHT2/IHARM/MAD/MAD_a-0.5_384x192x192_IHARM/m_1_1_10/image_a-0.5_0014_17_0_230.e9_6.2e9_1.59578e+25_10.dat
        15       0.859761         3.6616        108.308        28.7579         80.891        57.5356       -7974.18     /gpfs/hpu/EHT2/IHARM/MAD/MAD_a-0.5_384x192x192_IHARM/m_1_1_10/image_a-0.5_0015_17_0_230.e9_6.2e9_1.59578e+25_10.dat
        16        1.01094        3.07296        10.0309        11.2962        14.3565        12.8688       -2305.54     /gpfs/hpu/EHT2/IHARM/MAD/MAD_a-0.5_384x192x192_IHARM/m_1_1_10/image_a-0.5_0016_17_0_230.e9_6.2e9_1.59578e+25_10.dat
        17       0.799182        3.40278        41.6175        29.1224        40.2085        34.9626       -12214.1     /gpfs/hpu/EHT2/IHARM/MAD/MAD_a-0.5_384x192x192_IHARM/m_1_1_10/image_a-0.5_0017_17_0_230.e9_6.2e9_1.59578e+25_10.dat
        18        1.14863        3.64804       -59.0953        16.3431        44.1451        31.6777       -4976.69     /gpfs/hpu/EHT2/IHARM/MAD/MAD_a-0.5_384x192x192_IHARM/m_1_1_10/image_a-0.5_0018_17_0_230.e9_6.2e9_1.59578e+25_10.dat
        19       0.722614        3.05065       -153.166        15.9118        108.621        67.5155       -10414.3     /gpfs/hpu/EHT2/IHARM/MAD/MAD_a-0.5_384x192x192_IHARM/m_1_1_10/image_a-0.5_0019_17_0_230.e9_6.2e9_1.59578e+25_10.dat
        20       0.925637         3.2426       -51.7027        11.3838        10.0465        10.4984       -1875.69     /gpfs/hpu/EHT2/IHARM/MAD/MAD_a-0.5_384x192x192_IHARM/m_1_1_10/image_a-0.5_0020_17_0_230.e9_6.2e9_1.59578e+25_10.dat
        21       0.616014        3.60453        6.52185        2.23744        8.13497        5.50524       -1146.54     /gpfs/hpu/EHT2/IHARM/MAD/MAD_a-0.5_384x192x192_IHARM/m_1_1_10/image_a-0.5_0021_17_0_230.e9_6.2e9_1.59578e+25_10.dat
        22        1.47714        2.89244       -25.8471        14.1279        11.1237        12.2778       -2214.17     /gpfs/hpu/EHT2/IHARM/MAD/MAD_a-0.5_384x192x192_IHARM/m_1_1_10/image_a-0.5_0022_17_0_230.e9_6.2e9_1.59578e+25_10.dat
        23       0.935153        3.38901        41.7045        21.4521        35.8286        29.2237       -4192.04     /gpfs/hpu/EHT2/IHARM/MAD/MAD_a-0.5_384x192x192_IHARM/m_1_1_10/image_a-0.5_0023_17_0_230.e9_6.2e9_1.59578e+25_10.dat
        24       0.639519        3.91962         78.429        7.44487        20.7767         14.803       -2285.63     /gpfs/hpu/EHT2/IHARM/MAD/MAD_a-0.5_384x192x192_IHARM/m_1_1_10/image_a-0.5_0024_17_0_230.e9_6.2e9_1.59578e+25_10.dat
        25       0.678346        3.51287        83.1594        3.85475        12.9256        8.87584       -1599.23     /gpfs/hpu/EHT2/IHARM/MAD/MAD_a-0.5_384x192x192_IHARM/m_1_1_10/image_a-0.5_0025_17_0_230.e9_6.2e9_1.59578e+25_10.dat
        26        0.88161        3.79564         140.52        8.45163        16.7807        13.0024       -2092.43     /gpfs/hpu/EHT2/IHARM/MAD/MAD_a-0.5_384x192x192_IHARM/m_1_1_10/image_a-0.5_0026_17_0_230.e9_6.2e9_1.59578e+25_10.dat
        27       0.768446        3.46783         132.89        3.05861        7.51804        5.51296       -1145.67     /gpfs/hpu/EHT2/IHARM/MAD/MAD_a-0.5_384x192x192_IHARM/m_1_1_10/image_a-0.5_0027_17_0_230.e9_6.2e9_1.59578e+25_10.dat
        28       0.774395        3.80723        187.901        21.8557        54.1101        39.6109       -5342.75     /gpfs/hpu/EHT2/IHARM/MAD/MAD_a-0.5_384x192x192_IHARM/m_1_1_10/image_a-0.5_0028_17_0_230.e9_6.2e9_1.59578e+25_10.dat
        29       0.630379        3.87696        224.071        23.7521        15.5053        18.8561       -2734.62     /gpfs/hpu/EHT2/IHARM/MAD/MAD_a-0.5_384x192x192_IHARM/m_1_1_10/image_a-0.5_0029_17_0_230.e9_6.2e9_1.59578e+25_10.dat
        30       0.779935        3.11412        176.089        9.62093        10.0698        9.75485       -1717.12     /gpfs/hpu/EHT2/IHARM/MAD/MAD_a-0.5_384x192x192_IHARM/m_1_1_10/image_a-0.5_0030_17_0_230.e9_6.2e9_1.59578e+25_10.dat
        31       0.940258        3.62353        235.951        5.76568        15.9489         11.385        -2292.7     /gpfs/hpu/EHT2/IHARM/MAD/MAD_a-0.5_384x192x192_IHARM/m_1_1_10/image_a-0.5_0031_17_0_230.e9_6.2e9_1.59578e+25_10.dat
        32       0.614653         3.6261        227.147        2.62717         9.4264        6.39402       -1252.31     /gpfs/hpu/EHT2/IHARM/MAD/MAD_a-0.5_384x192x192_IHARM/m_1_1_10/image_a-0.5_0032_17_0_230.e9_6.2e9_1.59578e+25_10.dat
        33        1.17881         3.8987        254.581        10.4838        15.7171        13.2804       -2243.72     /gpfs/hpu/EHT2/IHARM/MAD/MAD_a-0.5_384x192x192_IHARM/m_1_1_10/image_a-0.5_0033_17_0_230.e9_6.2e9_1.59578e+25_10.dat
        34       0.628611        3.53238        216.644        6.69133        9.72914         8.3073       -1438.19     /gpfs/hpu/EHT2/IHARM/MAD/MAD_a-0.5_384x192x192_IHARM/m_1_1_10/image_a-0.5_0034_17_0_230.e9_6.2e9_1.59578e+25_10.dat
        35       0.747928        3.71404        281.929        13.4219        9.35172        10.9849       -1815.41     /gpfs/hpu/EHT2/IHARM/MAD/MAD_a-0.5_384x192x192_IHARM/m_1_1_10/image_a-0.5_0035_17_0_230.e9_6.2e9_1.59578e+25_10.dat
        36       0.591234        3.39524        297.576            7.6        5.77503        6.48808       -1226.14     /gpfs/hpu/EHT2/IHARM/MAD/MAD_a-0.5_384x192x192_IHARM/m_1_1_10/image_a-0.5_0036_17_0_230.e9_6.2e9_1.59578e+25_10.dat
        37       0.648077         3.6092        248.112        6.72818        12.5022        9.87245       -1656.96     /gpfs/hpu/EHT2/IHARM/MAD/MAD_a-0.5_384x192x192_IHARM/m_1_1_10/image_a-0.5_0037_17_0_230.e9_6.2e9_1.59578e+25_10.dat
        38       0.581332        3.58586        307.461         11.107        7.14318        8.75749       -1515.06     /gpfs/hpu/EHT2/IHARM/MAD/MAD_a-0.5_384x192x192_IHARM/m_1_1_10/image_a-0.5_0038_17_0_230.e9_6.2e9_1.59578e+25_10.dat
        39       0.656131        3.50956        221.466        4.47777         10.762        7.93439       -1420.96     /gpfs/hpu/EHT2/IHARM/MAD/MAD_a-0.5_384x192x192_IHARM/m_1_1_10/image_a-0.5_0039_17_0_230.e9_6.2e9_1.59578e+25_10.dat
        40       0.628082        3.68714        245.157         9.7462         22.571        16.7931       -2577.08     /gpfs/hpu/EHT2/IHARM/MAD/MAD_a-0.5_384x192x192_IHARM/m_1_1_10/image_a-0.5_0040_17_0_230.e9_6.2e9_1.59578e+25_10.dat
        41       0.893748        3.56346        267.774         23.569        60.2284        43.7645       -8564.98     /gpfs/hpu/EHT2/IHARM/MAD/MAD_a-0.5_384x192x192_IHARM/m_1_1_10/image_a-0.5_0041_17_0_230.e9_6.2e9_1.59578e+25_10.dat
        42       0.857975        3.54244       -72.4563         15.452        63.7704        42.2601       -5866.45     /gpfs/hpu/EHT2/IHARM/MAD/MAD_a-0.5_384x192x192_IHARM/m_1_1_10/image_a-0.5_0042_17_0_230.e9_6.2e9_1.59578e+25_10.dat
        43        1.06588        3.13639       -102.137        4.36618        9.03384        6.92099       -1324.14     /gpfs/hpu/EHT2/IHARM/MAD/MAD_a-0.5_384x192x192_IHARM/m_1_1_10/image_a-0.5_0043_17_0_230.e9_6.2e9_1.59578e+25_10.dat
        44       0.625085        3.21337       -42.0429        15.2885        46.5767        32.5837       -4449.17     /gpfs/hpu/EHT2/IHARM/MAD/MAD_a-0.5_384x192x192_IHARM/m_1_1_10/image_a-0.5_0044_17_0_230.e9_6.2e9_1.59578e+25_10.dat
        45       0.931741        3.54149        5.58402          20.83        30.3498        25.8958       -3761.81     /gpfs/hpu/EHT2/IHARM/MAD/MAD_a-0.5_384x192x192_IHARM/m_1_1_10/image_a-0.5_0045_17_0_230.e9_6.2e9_1.59578e+25_10.dat
        46       0.546903        3.41362        48.3267        11.1609        17.2899        14.4497       -2198.92     /gpfs/hpu/EHT2/IHARM/MAD/MAD_a-0.5_384x192x192_IHARM/m_1_1_10/image_a-0.5_0046_17_0_230.e9_6.2e9_1.59578e+25_10.dat
        47        1.01608        4.09478        130.788        13.4295        33.3236        24.3813       -3621.42     /gpfs/hpu/EHT2/IHARM/MAD/MAD_a-0.5_384x192x192_IHARM/m_1_1_10/image_a-0.5_0047_17_0_230.e9_6.2e9_1.59578e+25_10.dat
        48       0.788815        3.60443         43.727        4.77096        10.1477          7.717       -1411.05     /gpfs/hpu/EHT2/IHARM/MAD/MAD_a-0.5_384x192x192_IHARM/m_1_1_10/image_a-0.5_0048_17_0_230.e9_6.2e9_1.59578e+25_10.dat
        49       0.473388        3.34417        72.6391        14.4687        18.8674        16.7506       -2437.37     /gpfs/hpu/EHT2/IHARM/MAD/MAD_a-0.5_384x192x192_IHARM/m_1_1_10/image_a-0.5_0049_17_0_230.e9_6.2e9_1.59578e+25_10.dat
        50       0.904291         3.1682        147.676        10.4063        49.9172        32.3548       -4656.78     /gpfs/hpu/EHT2/IHARM/MAD/MAD_a-0.5_384x192x192_IHARM/m_1_1_10/image_a-0.5_0050_17_0_230.e9_6.2e9_1.59578e+25_10.dat
        51        0.73661        3.96449        105.102        9.49487        20.5612        15.5624       -2403.51     /gpfs/hpu/EHT2/IHARM/MAD/MAD_a-0.5_384x192x192_IHARM/m_1_1_10/image_a-0.5_0051_17_0_230.e9_6.2e9_1.59578e+25_10.dat
        52       0.571182        4.08922        48.8243        16.7228        93.3704        59.3431       -9243.68     /gpfs/hpu/EHT2/IHARM/MAD/MAD_a-0.5_384x192x192_IHARM/m_1_1_10/image_a-0.5_0052_17_0_230.e9_6.2e9_1.59578e+25_10.dat
        53       0.536642        3.60897        55.2529        6.82122          27.21        18.1296       -2745.12     /gpfs/hpu/EHT2/IHARM/MAD/MAD_a-0.5_384x192x192_IHARM/m_1_1_10/image_a-0.5_0053_17_0_230.e9_6.2e9_1.59578e+25_10.dat
        54        1.08308        3.54402        99.9378        9.53759        39.5812        26.2072        -3991.4     /gpfs/hpu/EHT2/IHARM/MAD/MAD_a-0.5_384x192x192_IHARM/m_1_1_10/image_a-0.5_0054_17_0_230.e9_6.2e9_1.59578e+25_10.dat
        55       0.503149        3.55669       -27.9978         6.4721        27.5845        18.1891       -2671.18     /gpfs/hpu/EHT2/IHARM/MAD/MAD_a-0.5_384x192x192_IHARM/m_1_1_10/image_a-0.5_0055_17_0_230.e9_6.2e9_1.59578e+25_10.dat
        56       0.606368        3.68251       -9.04151         8.3083         41.115        26.5366        -3807.6     /gpfs/hpu/EHT2/IHARM/MAD/MAD_a-0.5_384x192x192_IHARM/m_1_1_10/image_a-0.5_0056_17_0_230.e9_6.2e9_1.59578e+25_10.dat
        57        1.11381        3.79224        121.222        18.4962        82.1094        53.8126       -7594.56     /gpfs/hpu/EHT2/IHARM/MAD/MAD_a-0.5_384x192x192_IHARM/m_1_1_10/image_a-0.5_0057_17_0_230.e9_6.2e9_1.59578e+25_10.dat
        58        1.12747        3.96933        55.9826        5.22626        55.8518        33.4475       -4835.55     /gpfs/hpu/EHT2/IHARM/MAD/MAD_a-0.5_384x192x192_IHARM/m_1_1_10/image_a-0.5_0058_17_0_230.e9_6.2e9_1.59578e+25_10.dat
        59       0.591371         3.7577         33.828        8.35376        17.8898        13.5801       -2092.58     /gpfs/hpu/EHT2/IHARM/MAD/MAD_a-0.5_384x192x192_IHARM/m_1_1_10/image_a-0.5_0059_17_0_230.e9_6.2e9_1.59578e+25_10.dat
        60       0.765817        4.00637       -62.3507        6.56674        30.9957        20.1356       -2925.01     /gpfs/hpu/EHT2/IHARM/MAD/MAD_a-0.5_384x192x192_IHARM/m_1_1_10/image_a-0.5_0060_17_0_230.e9_6.2e9_1.59578e+25_10.dat
        61        1.46693        4.51027       -76.2326        20.9486        70.1033        48.1571       -6836.64     /gpfs/hpu/EHT2/IHARM/MAD/MAD_a-0.5_384x192x192_IHARM/m_1_1_10/image_a-0.5_0061_17_0_230.e9_6.2e9_1.59578e+25_10.dat
        62       0.586163        3.78145        71.1196        10.4013        18.8088        14.9723       -2317.11     /gpfs/hpu/EHT2/IHARM/MAD/MAD_a-0.5_384x192x192_IHARM/m_1_1_10/image_a-0.5_0062_17_0_230.e9_6.2e9_1.59578e+25_10.dat
        63       0.576462        3.62263        97.3929        5.83712        9.83339        7.99896       -1504.69     /gpfs/hpu/EHT2/IHARM/MAD/MAD_a-0.5_384x192x192_IHARM/m_1_1_10/image_a-0.5_0063_17_0_230.e9_6.2e9_1.59578e+25_10.dat
        64       0.662523        3.82415        147.362        15.6002        14.9235        15.0326       -2346.93     /gpfs/hpu/EHT2/IHARM/MAD/MAD_a-0.5_384x192x192_IHARM/m_1_1_10/image_a-0.5_0064_17_0_230.e9_6.2e9_1.59578e+25_10.dat
        65       0.761518        3.62818        158.102        10.8511         15.238        13.1703       -2122.92     /gpfs/hpu/EHT2/IHARM/MAD/MAD_a-0.5_384x192x192_IHARM/m_1_1_10/image_a-0.5_0065_17_0_230.e9_6.2e9_1.59578e+25_10.dat
        66       0.746082        3.46149         175.48        6.90393        8.29322        7.59628        -1442.7     /gpfs/hpu/EHT2/IHARM/MAD/MAD_a-0.5_384x192x192_IHARM/m_1_1_10/image_a-0.5_0066_17_0_230.e9_6.2e9_1.59578e+25_10.dat
        67       0.651838        3.56016        220.967        3.44931        6.64563        5.19321       -1056.33     /gpfs/hpu/EHT2/IHARM/MAD/MAD_a-0.5_384x192x192_IHARM/m_1_1_10/image_a-0.5_0067_17_0_230.e9_6.2e9_1.59578e+25_10.dat
        68        1.01956        4.07883         291.08        7.55354        9.83824        8.73827       -1612.01     /gpfs/hpu/EHT2/IHARM/MAD/MAD_a-0.5_384x192x192_IHARM/m_1_1_10/image_a-0.5_0068_17_0_230.e9_6.2e9_1.59578e+25_10.dat
        69       0.690995        4.11875        311.423        3.73405        9.29186        6.79387       -1339.22     /gpfs/hpu/EHT2/IHARM/MAD/MAD_a-0.5_384x192x192_IHARM/m_1_1_10/image_a-0.5_0069_17_0_230.e9_6.2e9_1.59578e+25_10.dat
        70       0.493256        3.67282        330.148        18.5003        13.8336        15.6683       -2349.23     /gpfs/hpu/EHT2/IHARM/MAD/MAD_a-0.5_384x192x192_IHARM/m_1_1_10/image_a-0.5_0070_17_0_230.e9_6.2e9_1.59578e+25_10.dat
        71       0.525626        3.27646        353.758        10.1835        11.2389        10.6495       -1735.18     /gpfs/hpu/EHT2/IHARM/MAD/MAD_a-0.5_384x192x192_IHARM/m_1_1_10/image_a-0.5_0071_17_0_230.e9_6.2e9_1.59578e+25_10.dat
        72       0.628188        3.42976        359.753        12.4162        29.3567        21.7301       -3200.89     /gpfs/hpu/EHT2/IHARM/MAD/MAD_a-0.5_384x192x192_IHARM/m_1_1_10/image_a-0.5_0072_17_0_230.e9_6.2e9_1.59578e+25_10.dat
        73       0.804718        3.31484        300.095        23.2187         26.702        24.8829       -3733.65     /gpfs/hpu/EHT2/IHARM/MAD/MAD_a-0.5_384x192x192_IHARM/m_1_1_10/image_a-0.5_0073_17_0_230.e9_6.2e9_1.59578e+25_10.dat
        74       0.478953        3.19278        318.181        13.7702        10.5889        11.8256       -1839.77     /gpfs/hpu/EHT2/IHARM/MAD/MAD_a-0.5_384x192x192_IHARM/m_1_1_10/image_a-0.5_0074_17_0_230.e9_6.2e9_1.59578e+25_10.dat
        75       0.576435        3.56088        359.988        8.85832        5.98501         7.1454       -1251.23     /gpfs/hpu/EHT2/IHARM/MAD/MAD_a-0.5_384x192x192_IHARM/m_1_1_10/image_a-0.5_0075_17_0_230.e9_6.2e9_1.59578e+25_10.dat
        76       0.895299        3.46464        260.297        22.5051        36.1273        29.8425        -4514.1     /gpfs/hpu/EHT2/IHARM/MAD/MAD_a-0.5_384x192x192_IHARM/m_1_1_10/image_a-0.5_0076_17_0_230.e9_6.2e9_1.59578e+25_10.dat
        77       0.722949        3.63851        287.458        8.11648        42.6139        27.2918       -3907.05     /gpfs/hpu/EHT2/IHARM/MAD/MAD_a-0.5_384x192x192_IHARM/m_1_1_10/image_a-0.5_0077_17_0_230.e9_6.2e9_1.59578e+25_10.dat
        78        2.84519        5.67444        250.651        62.7597        90.1668        77.3099       -12896.3     /gpfs/hpu/EHT2/IHARM/MAD/MAD_a-0.5_384x192x192_IHARM/m_1_1_10/image_a-0.5_0078_17_0_230.e9_6.2e9_1.59578e+25_10.dat
        79        1.09396        4.08688        203.037        13.3797        61.6225        40.1707       -5693.77     /gpfs/hpu/EHT2/IHARM/MAD/MAD_a-0.5_384x192x192_IHARM/m_1_1_10/image_a-0.5_0079_17_0_230.e9_6.2e9_1.59578e+25_10.dat
        80       0.886307         3.7578        217.868        16.2182        42.7457        30.8423       -4876.36     /gpfs/hpu/EHT2/IHARM/MAD/MAD_a-0.5_384x192x192_IHARM/m_1_1_10/image_a-0.5_0080_17_0_230.e9_6.2e9_1.59578e+25_10.dat
        81       0.996998        6.09414        184.275        70.7032        62.8355        65.4487       -10303.8     /gpfs/hpu/EHT2/IHARM/MAD/MAD_a-0.5_384x192x192_IHARM/m_1_1_10/image_a-0.5_0081_17_0_230.e9_6.2e9_1.59578e+25_10.dat
        82       0.948121         1.9747        70.9608        79.7955        119.591         101.06       -13375.2     /gpfs/hpu/EHT2/IHARM/MAD/MAD_a-0.5_384x192x192_IHARM/m_1_1_10/image_a-0.5_0082_17_0_230.e9_6.2e9_1.59578e+25_10.dat
        83       0.700832        3.43854        17.9647        20.3235        42.2029        32.3008       -4544.96     /gpfs/hpu/EHT2/IHARM/MAD/MAD_a-0.5_384x192x192_IHARM/m_1_1_10/image_a-0.5_0083_17_0_230.e9_6.2e9_1.59578e+25_10.dat
        84       0.678905         3.3075        18.0925        12.0881        22.5934        17.8106       -2735.84     /gpfs/hpu/EHT2/IHARM/MAD/MAD_a-0.5_384x192x192_IHARM/m_1_1_10/image_a-0.5_0084_17_0_230.e9_6.2e9_1.59578e+25_10.dat
        85        0.67134        3.71081        47.1785        13.1367        32.1741        23.6135       -3426.66     /gpfs/hpu/EHT2/IHARM/MAD/MAD_a-0.5_384x192x192_IHARM/m_1_1_10/image_a-0.5_0085_17_0_230.e9_6.2e9_1.59578e+25_10.dat
        86       0.544212        3.43763        58.7214        5.27722        14.4629        10.3452       -1748.46     /gpfs/hpu/EHT2/IHARM/MAD/MAD_a-0.5_384x192x192_IHARM/m_1_1_10/image_a-0.5_0086_17_0_230.e9_6.2e9_1.59578e+25_10.dat
        87       0.597949        3.62994        64.6223        12.3125        35.6272         25.189       -3559.33     /gpfs/hpu/EHT2/IHARM/MAD/MAD_a-0.5_384x192x192_IHARM/m_1_1_10/image_a-0.5_0087_17_0_230.e9_6.2e9_1.59578e+25_10.dat
        88       0.916252        3.46142        59.8067        9.51853        31.3237        21.5856       -3247.37     /gpfs/hpu/EHT2/IHARM/MAD/MAD_a-0.5_384x192x192_IHARM/m_1_1_10/image_a-0.5_0088_17_0_230.e9_6.2e9_1.59578e+25_10.dat
        89       0.438633        3.43272        26.0904        7.07464        9.48809        8.33712       -1410.78     /gpfs/hpu/EHT2/IHARM/MAD/MAD_a-0.5_384x192x192_IHARM/m_1_1_10/image_a-0.5_0089_17_0_230.e9_6.2e9_1.59578e+25_10.dat
        90       0.541229        3.82047        28.4247        2.77305        8.47262        5.92374       -1113.43     /gpfs/hpu/EHT2/IHARM/MAD/MAD_a-0.5_384x192x192_IHARM/m_1_1_10/image_a-0.5_0090_17_0_230.e9_6.2e9_1.59578e+25_10.dat
        91       0.717964        3.74478        56.5379        3.63278        8.45221         6.2813        -1295.7     /gpfs/hpu/EHT2/IHARM/MAD/MAD_a-0.5_384x192x192_IHARM/m_1_1_10/image_a-0.5_0091_17_0_230.e9_6.2e9_1.59578e+25_10.dat
        92       0.530177        3.89586        59.9694        6.78581        13.8526        10.6516       -1750.12     /gpfs/hpu/EHT2/IHARM/MAD/MAD_a-0.5_384x192x192_IHARM/m_1_1_10/image_a-0.5_0092_17_0_230.e9_6.2e9_1.59578e+25_10.dat
        93       0.532801        3.45865         46.981        6.37637        5.00726          5.534       -1116.92     /gpfs/hpu/EHT2/IHARM/MAD/MAD_a-0.5_384x192x192_IHARM/m_1_1_10/image_a-0.5_0093_17_0_230.e9_6.2e9_1.59578e+25_10.dat
        94       0.471077        3.57203        47.5305        2.01185        7.28323        4.93256       -1012.26     /gpfs/hpu/EHT2/IHARM/MAD/MAD_a-0.5_384x192x192_IHARM/m_1_1_10/image_a-0.5_0094_17_0_230.e9_6.2e9_1.59578e+25_10.dat
        95       0.586102         3.5382        65.6588        4.13488        10.0511        7.39007       -1396.46     /gpfs/hpu/EHT2/IHARM/MAD/MAD_a-0.5_384x192x192_IHARM/m_1_1_10/image_a-0.5_0095_17_0_230.e9_6.2e9_1.59578e+25_10.dat
        96       0.396371        4.10221        109.876        6.47387        13.7006        10.4329       -1674.89     /gpfs/hpu/EHT2/IHARM/MAD/MAD_a-0.5_384x192x192_IHARM/m_1_1_10/image_a-0.5_0096_17_0_230.e9_6.2e9_1.59578e+25_10.dat
        97        0.47069        4.11011        174.954        6.29321        44.6194        27.6298       -3876.18     /gpfs/hpu/EHT2/IHARM/MAD/MAD_a-0.5_384x192x192_IHARM/m_1_1_10/image_a-0.5_0097_17_0_230.e9_6.2e9_1.59578e+25_10.dat
        98       0.745784        3.77482        240.855        4.77379        34.7295        21.4522       -3227.38     /gpfs/hpu/EHT2/IHARM/MAD/MAD_a-0.5_384x192x192_IHARM/m_1_1_10/image_a-0.5_0098_17_0_230.e9_6.2e9_1.59578e+25_10.dat
        99       0.859344        3.76082        201.403        15.2084        31.1392        23.9243       -3553.21     /gpfs/hpu/EHT2/IHARM/MAD/MAD_a-0.5_384x192x192_IHARM/m_1_1_10/image_a-0.5_0099_17_0_230.e9_6.2e9_1.59578e+25_10.dat
