   # Index         I (Jy)      M/D (uas)       PA (deg)  VA red. chisq  CP red. chisq     red. chisq     log-liklhd     FileName
         0       0.478186        3.73771       -246.153        6.00123        9.76853        7.79451       -532.948     /gpfs/hpu/EHT2/IHARM/MAD/MAD_a0_384x192x192_IHARM/m_1_1_10/image_a0_0000_163_0_230.e9_6.2e9_1.23416e+25_10.dat
         1       0.567456        3.81485       -125.147        10.6379        11.2866        10.6434       -685.001     /gpfs/hpu/EHT2/IHARM/MAD/MAD_a0_384x192x192_IHARM/m_1_1_10/image_a0_0001_163_0_230.e9_6.2e9_1.23416e+25_10.dat
         2       0.504965        3.47673       -184.419        6.00702        14.0412        10.0458       -644.287     /gpfs/hpu/EHT2/IHARM/MAD/MAD_a0_384x192x192_IHARM/m_1_1_10/image_a0_0002_163_0_230.e9_6.2e9_1.23416e+25_10.dat
         3       0.631222        2.12945       -196.792        77.0605        74.1348        73.0871       -3672.44     /gpfs/hpu/EHT2/IHARM/MAD/MAD_a0_384x192x192_IHARM/m_1_1_10/image_a0_0003_163_0_230.e9_6.2e9_1.23416e+25_10.dat
         4       0.400964        3.60434       -165.843        9.90142        15.8472        12.7181       -723.874     /gpfs/hpu/EHT2/IHARM/MAD/MAD_a0_384x192x192_IHARM/m_1_1_10/image_a0_0004_163_0_230.e9_6.2e9_1.23416e+25_10.dat
         5       0.430824        3.38454       -170.528        5.76024        24.8091        15.6041       -977.595     /gpfs/hpu/EHT2/IHARM/MAD/MAD_a0_384x192x192_IHARM/m_1_1_10/image_a0_0005_163_0_230.e9_6.2e9_1.23416e+25_10.dat
         6       0.428142        3.15321         80.264        3.03044        7.42291        5.24657       -389.406     /gpfs/hpu/EHT2/IHARM/MAD/MAD_a0_384x192x192_IHARM/m_1_1_10/image_a0_0006_163_0_230.e9_6.2e9_1.23416e+25_10.dat
         7       0.498776        3.18528        -101.44        17.1462        20.1195        18.1697       -992.073     /gpfs/hpu/EHT2/IHARM/MAD/MAD_a0_384x192x192_IHARM/m_1_1_10/image_a0_0007_163_0_230.e9_6.2e9_1.23416e+25_10.dat
         8       0.624697        3.27902       -220.513        10.5931        21.1708        15.8258       -870.939     /gpfs/hpu/EHT2/IHARM/MAD/MAD_a0_384x192x192_IHARM/m_1_1_10/image_a0_0008_163_0_230.e9_6.2e9_1.23416e+25_10.dat
         9       0.798908        3.29208       -258.638        30.5049        25.7122        27.0191       -1464.19     /gpfs/hpu/EHT2/IHARM/MAD/MAD_a0_384x192x192_IHARM/m_1_1_10/image_a0_0009_163_0_230.e9_6.2e9_1.23416e+25_10.dat
        10       0.670587        3.24386       -33.7853         2.4057         17.281        10.1589       -640.959     /gpfs/hpu/EHT2/IHARM/MAD/MAD_a0_384x192x192_IHARM/m_1_1_10/image_a0_0010_163_0_230.e9_6.2e9_1.23416e+25_10.dat
        11       0.714423        3.94774        175.248        5.61293         21.624        13.8626       -785.083     /gpfs/hpu/EHT2/IHARM/MAD/MAD_a0_384x192x192_IHARM/m_1_1_10/image_a0_0011_163_0_230.e9_6.2e9_1.23416e+25_10.dat
        12       0.530065        3.53838        128.516        8.14446        8.40192        8.02277       -706.661     /gpfs/hpu/EHT2/IHARM/MAD/MAD_a0_384x192x192_IHARM/m_1_1_10/image_a0_0012_163_0_230.e9_6.2e9_1.23416e+25_10.dat
        13       0.834806        3.84684        75.3869        33.8642        51.5936         42.126          -2380     /gpfs/hpu/EHT2/IHARM/MAD/MAD_a0_384x192x192_IHARM/m_1_1_10/image_a0_0013_163_0_230.e9_6.2e9_1.23416e+25_10.dat
        14       0.664212        3.82232        102.088        16.3094        17.6035        16.4755       -947.659     /gpfs/hpu/EHT2/IHARM/MAD/MAD_a0_384x192x192_IHARM/m_1_1_10/image_a0_0014_163_0_230.e9_6.2e9_1.23416e+25_10.dat
        15         1.3389        3.35705        19.8008        8.40594        36.2926        22.8177       -1335.78     /gpfs/hpu/EHT2/IHARM/MAD/MAD_a0_384x192x192_IHARM/m_1_1_10/image_a0_0015_163_0_230.e9_6.2e9_1.23416e+25_10.dat
        16       0.611843        3.63778        3.05191        13.4787        37.1028        25.4868       -1550.67     /gpfs/hpu/EHT2/IHARM/MAD/MAD_a0_384x192x192_IHARM/m_1_1_10/image_a0_0016_163_0_230.e9_6.2e9_1.23416e+25_10.dat
        17       0.529142        3.23441         48.841        11.9485        33.8999        23.1246       -1220.72     /gpfs/hpu/EHT2/IHARM/MAD/MAD_a0_384x192x192_IHARM/m_1_1_10/image_a0_0017_163_0_230.e9_6.2e9_1.23416e+25_10.dat
        18        1.12977        3.57136        134.914        19.3364        37.8896        28.4906       -1495.84     /gpfs/hpu/EHT2/IHARM/MAD/MAD_a0_384x192x192_IHARM/m_1_1_10/image_a0_0018_163_0_230.e9_6.2e9_1.23416e+25_10.dat
        19        1.23141        3.66822        34.1793        12.3601        39.8182        26.4214       -1515.66     /gpfs/hpu/EHT2/IHARM/MAD/MAD_a0_384x192x192_IHARM/m_1_1_10/image_a0_0019_163_0_230.e9_6.2e9_1.23416e+25_10.dat
        20         1.4152         4.5833        214.443        12.8469        51.3025         32.681       -1701.26     /gpfs/hpu/EHT2/IHARM/MAD/MAD_a0_384x192x192_IHARM/m_1_1_10/image_a0_0020_163_0_230.e9_6.2e9_1.23416e+25_10.dat
        21       0.836842        4.20069        135.395         4.9732        6.25296        5.48971       -395.974     /gpfs/hpu/EHT2/IHARM/MAD/MAD_a0_384x192x192_IHARM/m_1_1_10/image_a0_0021_163_0_230.e9_6.2e9_1.23416e+25_10.dat
        22       0.553691        3.23953        178.521        11.9493        14.5635        12.9478       -776.617     /gpfs/hpu/EHT2/IHARM/MAD/MAD_a0_384x192x192_IHARM/m_1_1_10/image_a0_0022_163_0_230.e9_6.2e9_1.23416e+25_10.dat
        23       0.501968         3.6368        167.481        11.0792        8.00218        9.10986       -578.377     /gpfs/hpu/EHT2/IHARM/MAD/MAD_a0_384x192x192_IHARM/m_1_1_10/image_a0_0023_163_0_230.e9_6.2e9_1.23416e+25_10.dat
        24       0.605284        3.71757        161.722        8.23125        8.96634        8.35821       -540.891     /gpfs/hpu/EHT2/IHARM/MAD/MAD_a0_384x192x192_IHARM/m_1_1_10/image_a0_0024_163_0_230.e9_6.2e9_1.23416e+25_10.dat
        25       0.495012        3.48328         160.84        2.83569        8.33094        5.63838       -398.815     /gpfs/hpu/EHT2/IHARM/MAD/MAD_a0_384x192x192_IHARM/m_1_1_10/image_a0_0025_163_0_230.e9_6.2e9_1.23416e+25_10.dat
        26       0.696533        3.97366        182.117        28.6391        24.7896        25.7087       -1358.87     /gpfs/hpu/EHT2/IHARM/MAD/MAD_a0_384x192x192_IHARM/m_1_1_10/image_a0_0026_163_0_230.e9_6.2e9_1.23416e+25_10.dat
        27        1.46888        6.45747        127.251         47.728        59.3576        52.3416        -2654.6     /gpfs/hpu/EHT2/IHARM/MAD/MAD_a0_384x192x192_IHARM/m_1_1_10/image_a0_0027_163_0_230.e9_6.2e9_1.23416e+25_10.dat
        28       0.786366        3.73133        151.962          34.15        70.5318        52.2199       -2737.97     /gpfs/hpu/EHT2/IHARM/MAD/MAD_a0_384x192x192_IHARM/m_1_1_10/image_a0_0028_163_0_230.e9_6.2e9_1.23416e+25_10.dat
        29       0.987188        3.86738        7.60555        26.6945        33.8087        29.5959       -1582.93     /gpfs/hpu/EHT2/IHARM/MAD/MAD_a0_384x192x192_IHARM/m_1_1_10/image_a0_0029_163_0_230.e9_6.2e9_1.23416e+25_10.dat
        30       0.572698        3.23074       -39.4026         13.175        31.4255        22.3645       -1199.88     /gpfs/hpu/EHT2/IHARM/MAD/MAD_a0_384x192x192_IHARM/m_1_1_10/image_a0_0030_163_0_230.e9_6.2e9_1.23416e+25_10.dat
        31        0.71873         3.8751        58.2568        7.34678        21.8892        14.7687       -832.942     /gpfs/hpu/EHT2/IHARM/MAD/MAD_a0_384x192x192_IHARM/m_1_1_10/image_a0_0031_163_0_230.e9_6.2e9_1.23416e+25_10.dat
        32        1.01362          3.547        163.266        2.41115         11.485        7.11074        -523.44     /gpfs/hpu/EHT2/IHARM/MAD/MAD_a0_384x192x192_IHARM/m_1_1_10/image_a0_0032_163_0_230.e9_6.2e9_1.23416e+25_10.dat
        33       0.626468        3.40943        112.758        3.37066        15.6617        9.73321       -685.679     /gpfs/hpu/EHT2/IHARM/MAD/MAD_a0_384x192x192_IHARM/m_1_1_10/image_a0_0033_163_0_230.e9_6.2e9_1.23416e+25_10.dat
        34       0.488299        3.33605        223.559        6.95814        19.8766        13.5376        -840.29     /gpfs/hpu/EHT2/IHARM/MAD/MAD_a0_384x192x192_IHARM/m_1_1_10/image_a0_0034_163_0_230.e9_6.2e9_1.23416e+25_10.dat
        35       0.535695        3.80475        217.824        3.65415        7.64437        5.63888       -383.828     /gpfs/hpu/EHT2/IHARM/MAD/MAD_a0_384x192x192_IHARM/m_1_1_10/image_a0_0035_163_0_230.e9_6.2e9_1.23416e+25_10.dat
        36       0.455561        3.51171        221.926        12.0536        26.0434         19.036       -1043.06     /gpfs/hpu/EHT2/IHARM/MAD/MAD_a0_384x192x192_IHARM/m_1_1_10/image_a0_0036_163_0_230.e9_6.2e9_1.23416e+25_10.dat
        37       0.886305        4.06699        226.117        12.9323        15.4205        13.8335       -900.979     /gpfs/hpu/EHT2/IHARM/MAD/MAD_a0_384x192x192_IHARM/m_1_1_10/image_a0_0037_163_0_230.e9_6.2e9_1.23416e+25_10.dat
        38       0.537445        3.27932        300.837          3.646         10.223        6.99242       -494.837     /gpfs/hpu/EHT2/IHARM/MAD/MAD_a0_384x192x192_IHARM/m_1_1_10/image_a0_0038_163_0_230.e9_6.2e9_1.23416e+25_10.dat
        39       0.656179        3.87406        139.837        10.7412        16.2023        13.2762       -773.878     /gpfs/hpu/EHT2/IHARM/MAD/MAD_a0_384x192x192_IHARM/m_1_1_10/image_a0_0039_163_0_230.e9_6.2e9_1.23416e+25_10.dat
        40       0.557822        3.59297        239.624        7.45307        24.0479        15.9518       -910.295     /gpfs/hpu/EHT2/IHARM/MAD/MAD_a0_384x192x192_IHARM/m_1_1_10/image_a0_0040_163_0_230.e9_6.2e9_1.23416e+25_10.dat
        41       0.688796        3.57846        199.435        12.8348         18.358        15.3365       -905.812     /gpfs/hpu/EHT2/IHARM/MAD/MAD_a0_384x192x192_IHARM/m_1_1_10/image_a0_0041_163_0_230.e9_6.2e9_1.23416e+25_10.dat
        42       0.898294        4.08274        121.541        7.75453        18.1148        12.9624        -753.52     /gpfs/hpu/EHT2/IHARM/MAD/MAD_a0_384x192x192_IHARM/m_1_1_10/image_a0_0042_163_0_230.e9_6.2e9_1.23416e+25_10.dat
        43       0.540886         3.6119        187.578         3.6002        11.8239        7.81476       -526.329     /gpfs/hpu/EHT2/IHARM/MAD/MAD_a0_384x192x192_IHARM/m_1_1_10/image_a0_0043_163_0_230.e9_6.2e9_1.23416e+25_10.dat
        44        0.53154        3.87925        179.042        11.8838        19.1416        15.3284       -856.826     /gpfs/hpu/EHT2/IHARM/MAD/MAD_a0_384x192x192_IHARM/m_1_1_10/image_a0_0044_163_0_230.e9_6.2e9_1.23416e+25_10.dat
        45        0.47699        3.85245        96.2265        9.27767        18.5121        13.8449       -779.973     /gpfs/hpu/EHT2/IHARM/MAD/MAD_a0_384x192x192_IHARM/m_1_1_10/image_a0_0045_163_0_230.e9_6.2e9_1.23416e+25_10.dat
        46       0.493443        3.98863        83.8477        8.29742        18.9984        13.6675       -779.488     /gpfs/hpu/EHT2/IHARM/MAD/MAD_a0_384x192x192_IHARM/m_1_1_10/image_a0_0046_163_0_230.e9_6.2e9_1.23416e+25_10.dat
        47       0.621579        4.18723        74.3328        1.58409        19.1579        10.7835       -636.319     /gpfs/hpu/EHT2/IHARM/MAD/MAD_a0_384x192x192_IHARM/m_1_1_10/image_a0_0047_163_0_230.e9_6.2e9_1.23416e+25_10.dat
        48       0.891256        4.32875        56.8073        12.5806        30.8234        21.7848       -1194.07     /gpfs/hpu/EHT2/IHARM/MAD/MAD_a0_384x192x192_IHARM/m_1_1_10/image_a0_0048_163_0_230.e9_6.2e9_1.23416e+25_10.dat
        49       0.434302        3.49363        146.374        9.19013        11.3725        10.0485        -599.39     /gpfs/hpu/EHT2/IHARM/MAD/MAD_a0_384x192x192_IHARM/m_1_1_10/image_a0_0049_163_0_230.e9_6.2e9_1.23416e+25_10.dat
        50       0.421945        3.69523        189.386        3.21911        8.66308         5.9827       -438.376     /gpfs/hpu/EHT2/IHARM/MAD/MAD_a0_384x192x192_IHARM/m_1_1_10/image_a0_0050_163_0_230.e9_6.2e9_1.23416e+25_10.dat
        51       0.455232        3.76225        173.821        5.11983        15.4252         10.382       -629.552     /gpfs/hpu/EHT2/IHARM/MAD/MAD_a0_384x192x192_IHARM/m_1_1_10/image_a0_0051_163_0_230.e9_6.2e9_1.23416e+25_10.dat
        52       0.413229        3.42816        142.777        4.40032        10.6513        7.55136       -499.286     /gpfs/hpu/EHT2/IHARM/MAD/MAD_a0_384x192x192_IHARM/m_1_1_10/image_a0_0052_163_0_230.e9_6.2e9_1.23416e+25_10.dat
        53       0.448658        3.80176        136.279        5.22114        11.4024        8.30957       -534.148     /gpfs/hpu/EHT2/IHARM/MAD/MAD_a0_384x192x192_IHARM/m_1_1_10/image_a0_0053_163_0_230.e9_6.2e9_1.23416e+25_10.dat
        54        0.61577        3.48224        89.5686        6.80345        14.5532        10.6674       -680.857     /gpfs/hpu/EHT2/IHARM/MAD/MAD_a0_384x192x192_IHARM/m_1_1_10/image_a0_0054_163_0_230.e9_6.2e9_1.23416e+25_10.dat
        55       0.480988        3.71528        14.4189        4.70788        25.3996        15.4496       -867.124     /gpfs/hpu/EHT2/IHARM/MAD/MAD_a0_384x192x192_IHARM/m_1_1_10/image_a0_0055_163_0_230.e9_6.2e9_1.23416e+25_10.dat
        56       0.601959        3.82325       -18.6204        9.24749        8.38676        8.50245        -599.25     /gpfs/hpu/EHT2/IHARM/MAD/MAD_a0_384x192x192_IHARM/m_1_1_10/image_a0_0056_163_0_230.e9_6.2e9_1.23416e+25_10.dat
        57       0.429213        3.58588        92.4413        2.85856        9.46513        6.24543       -596.912     /gpfs/hpu/EHT2/IHARM/MAD/MAD_a0_384x192x192_IHARM/m_1_1_10/image_a0_0057_163_0_230.e9_6.2e9_1.23416e+25_10.dat
        58       0.719116        3.74553         89.172        3.15153        11.7247        7.56419       -533.407     /gpfs/hpu/EHT2/IHARM/MAD/MAD_a0_384x192x192_IHARM/m_1_1_10/image_a0_0058_163_0_230.e9_6.2e9_1.23416e+25_10.dat
        59       0.518433        3.21798        148.941        13.3162        25.9808        19.5613       -1074.19     /gpfs/hpu/EHT2/IHARM/MAD/MAD_a0_384x192x192_IHARM/m_1_1_10/image_a0_0059_163_0_230.e9_6.2e9_1.23416e+25_10.dat
        60        0.57534        3.95668        209.267        6.36923        17.1646        11.8499       -685.221     /gpfs/hpu/EHT2/IHARM/MAD/MAD_a0_384x192x192_IHARM/m_1_1_10/image_a0_0060_163_0_230.e9_6.2e9_1.23416e+25_10.dat
        61       0.402272        3.32821        173.348        9.76977        18.6457        14.1328       -857.428     /gpfs/hpu/EHT2/IHARM/MAD/MAD_a0_384x192x192_IHARM/m_1_1_10/image_a0_0061_163_0_230.e9_6.2e9_1.23416e+25_10.dat
        62       0.594743        4.10853        198.497        10.2711         12.675         11.212        -665.65     /gpfs/hpu/EHT2/IHARM/MAD/MAD_a0_384x192x192_IHARM/m_1_1_10/image_a0_0062_163_0_230.e9_6.2e9_1.23416e+25_10.dat
        63       0.449685        3.49622        286.002        2.55724        7.21983        4.93048       -381.021     /gpfs/hpu/EHT2/IHARM/MAD/MAD_a0_384x192x192_IHARM/m_1_1_10/image_a0_0063_163_0_230.e9_6.2e9_1.23416e+25_10.dat
        64       0.662676        3.80478         258.82        17.3344        13.5191         14.779       -1010.94     /gpfs/hpu/EHT2/IHARM/MAD/MAD_a0_384x192x192_IHARM/m_1_1_10/image_a0_0064_163_0_230.e9_6.2e9_1.23416e+25_10.dat
        65       0.446415        3.36943        278.337        1.88139         6.7101         4.3634       -364.073     /gpfs/hpu/EHT2/IHARM/MAD/MAD_a0_384x192x192_IHARM/m_1_1_10/image_a0_0065_163_0_230.e9_6.2e9_1.23416e+25_10.dat
        66       0.487877        3.54145        244.519        5.77194         17.077        11.5397       -714.382     /gpfs/hpu/EHT2/IHARM/MAD/MAD_a0_384x192x192_IHARM/m_1_1_10/image_a0_0066_163_0_230.e9_6.2e9_1.23416e+25_10.dat
        67       0.407622        3.39192         198.77          4.687        9.18728        6.90756       -481.862     /gpfs/hpu/EHT2/IHARM/MAD/MAD_a0_384x192x192_IHARM/m_1_1_10/image_a0_0067_163_0_230.e9_6.2e9_1.23416e+25_10.dat
        68       0.635214        3.64898        173.914        7.88814        13.9123        10.8097       -703.551     /gpfs/hpu/EHT2/IHARM/MAD/MAD_a0_384x192x192_IHARM/m_1_1_10/image_a0_0068_163_0_230.e9_6.2e9_1.23416e+25_10.dat
        69       0.562421        3.29813        117.294        6.94206        13.8586        10.3631         -645.3     /gpfs/hpu/EHT2/IHARM/MAD/MAD_a0_384x192x192_IHARM/m_1_1_10/image_a0_0069_163_0_230.e9_6.2e9_1.23416e+25_10.dat
        70       0.477383        3.80626        187.556        6.66511        9.11336        7.74319       -514.135     /gpfs/hpu/EHT2/IHARM/MAD/MAD_a0_384x192x192_IHARM/m_1_1_10/image_a0_0070_163_0_230.e9_6.2e9_1.23416e+25_10.dat
        71       0.611764        3.70971        183.457        3.05997        11.2088        7.25219        -508.59     /gpfs/hpu/EHT2/IHARM/MAD/MAD_a0_384x192x192_IHARM/m_1_1_10/image_a0_0071_163_0_230.e9_6.2e9_1.23416e+25_10.dat
        72       0.518741        3.91918        184.368        2.86292         11.448        7.29097       -480.253     /gpfs/hpu/EHT2/IHARM/MAD/MAD_a0_384x192x192_IHARM/m_1_1_10/image_a0_0072_163_0_230.e9_6.2e9_1.23416e+25_10.dat
        73         1.1781        4.56962        173.122        14.0399        33.5968        23.8896       -1361.45     /gpfs/hpu/EHT2/IHARM/MAD/MAD_a0_384x192x192_IHARM/m_1_1_10/image_a0_0073_163_0_230.e9_6.2e9_1.23416e+25_10.dat
        74       0.554397        3.63932        160.855        7.07297        15.6922         11.386       -680.486     /gpfs/hpu/EHT2/IHARM/MAD/MAD_a0_384x192x192_IHARM/m_1_1_10/image_a0_0074_163_0_230.e9_6.2e9_1.23416e+25_10.dat
        75       0.481645        3.32393        96.4436        20.1334        25.8125        22.4866       -1192.27     /gpfs/hpu/EHT2/IHARM/MAD/MAD_a0_384x192x192_IHARM/m_1_1_10/image_a0_0075_163_0_230.e9_6.2e9_1.23416e+25_10.dat
        76       0.769434        4.00308        190.441        12.6476        13.9685        12.9434       -794.052     /gpfs/hpu/EHT2/IHARM/MAD/MAD_a0_384x192x192_IHARM/m_1_1_10/image_a0_0076_163_0_230.e9_6.2e9_1.23416e+25_10.dat
        77        0.43917         3.7913        166.422        1.85157        9.11597        5.61647       -393.508     /gpfs/hpu/EHT2/IHARM/MAD/MAD_a0_384x192x192_IHARM/m_1_1_10/image_a0_0077_163_0_230.e9_6.2e9_1.23416e+25_10.dat
        78       0.523353        4.04182         136.79        3.91281        10.0035        6.99486       -446.707     /gpfs/hpu/EHT2/IHARM/MAD/MAD_a0_384x192x192_IHARM/m_1_1_10/image_a0_0078_163_0_230.e9_6.2e9_1.23416e+25_10.dat
        79       0.509156        4.15841        94.1094         10.492        14.5553        12.2993       -704.086     /gpfs/hpu/EHT2/IHARM/MAD/MAD_a0_384x192x192_IHARM/m_1_1_10/image_a0_0079_163_0_230.e9_6.2e9_1.23416e+25_10.dat
        80        0.54935          3.397        114.094        17.2616        20.3021        18.3167       -1032.42     /gpfs/hpu/EHT2/IHARM/MAD/MAD_a0_384x192x192_IHARM/m_1_1_10/image_a0_0080_163_0_230.e9_6.2e9_1.23416e+25_10.dat
        81       0.798048        4.07355        161.977         8.3182        10.3581        9.12913       -581.212     /gpfs/hpu/EHT2/IHARM/MAD/MAD_a0_384x192x192_IHARM/m_1_1_10/image_a0_0081_163_0_230.e9_6.2e9_1.23416e+25_10.dat
        82       0.421731         3.9139        71.3308        4.92979        15.2155        10.1877       -621.881     /gpfs/hpu/EHT2/IHARM/MAD/MAD_a0_384x192x192_IHARM/m_1_1_10/image_a0_0082_163_0_230.e9_6.2e9_1.23416e+25_10.dat
        83       0.418517        3.44948        154.069        5.41588        9.17095        7.22121       -480.759     /gpfs/hpu/EHT2/IHARM/MAD/MAD_a0_384x192x192_IHARM/m_1_1_10/image_a0_0083_163_0_230.e9_6.2e9_1.23416e+25_10.dat
        84       0.498375        3.94482        183.944        9.46613         14.357        11.7414       -707.393     /gpfs/hpu/EHT2/IHARM/MAD/MAD_a0_384x192x192_IHARM/m_1_1_10/image_a0_0084_163_0_230.e9_6.2e9_1.23416e+25_10.dat
        85        0.56261        3.38892        79.4495        2.39368        9.72363        6.17596       -444.147     /gpfs/hpu/EHT2/IHARM/MAD/MAD_a0_384x192x192_IHARM/m_1_1_10/image_a0_0085_163_0_230.e9_6.2e9_1.23416e+25_10.dat
        86       0.470488        3.35281        49.9548        2.54495        10.9825        6.90541       -508.152     /gpfs/hpu/EHT2/IHARM/MAD/MAD_a0_384x192x192_IHARM/m_1_1_10/image_a0_0086_163_0_230.e9_6.2e9_1.23416e+25_10.dat
        87       0.740907        3.89096        211.984        14.2897        138.129         79.017       -4013.62     /gpfs/hpu/EHT2/IHARM/MAD/MAD_a0_384x192x192_IHARM/m_1_1_10/image_a0_0087_163_0_230.e9_6.2e9_1.23416e+25_10.dat
        88       0.946648        4.33023        30.7147        15.8637        46.8521        31.6724       -2009.91     /gpfs/hpu/EHT2/IHARM/MAD/MAD_a0_384x192x192_IHARM/m_1_1_10/image_a0_0088_163_0_230.e9_6.2e9_1.23416e+25_10.dat
        89       0.565852        3.09882        135.515        11.2521        16.7892         13.811       -838.185     /gpfs/hpu/EHT2/IHARM/MAD/MAD_a0_384x192x192_IHARM/m_1_1_10/image_a0_0089_163_0_230.e9_6.2e9_1.23416e+25_10.dat
        90       0.520674        3.52324        338.392        3.81655        13.8701        8.98736       -591.532     /gpfs/hpu/EHT2/IHARM/MAD/MAD_a0_384x192x192_IHARM/m_1_1_10/image_a0_0090_163_0_230.e9_6.2e9_1.23416e+25_10.dat
        91       0.539211        3.72362        356.686        3.39897        16.4679          10.17       -617.885     /gpfs/hpu/EHT2/IHARM/MAD/MAD_a0_384x192x192_IHARM/m_1_1_10/image_a0_0091_163_0_230.e9_6.2e9_1.23416e+25_10.dat
        92       0.667291        3.51476        323.366        8.76081        24.8148        16.9336       -1302.46     /gpfs/hpu/EHT2/IHARM/MAD/MAD_a0_384x192x192_IHARM/m_1_1_10/image_a0_0092_163_0_230.e9_6.2e9_1.23416e+25_10.dat
        93        1.46964        4.84937        174.201        29.0907        30.1816        28.7462       -1604.09     /gpfs/hpu/EHT2/IHARM/MAD/MAD_a0_384x192x192_IHARM/m_1_1_10/image_a0_0093_163_0_230.e9_6.2e9_1.23416e+25_10.dat
        94       0.739158        4.12495        351.396         25.918        23.2334        23.6866        -1308.3     /gpfs/hpu/EHT2/IHARM/MAD/MAD_a0_384x192x192_IHARM/m_1_1_10/image_a0_0094_163_0_230.e9_6.2e9_1.23416e+25_10.dat
        95       0.784819        3.68934        152.148        9.25842        15.0346        12.0062        -752.61     /gpfs/hpu/EHT2/IHARM/MAD/MAD_a0_384x192x192_IHARM/m_1_1_10/image_a0_0095_163_0_230.e9_6.2e9_1.23416e+25_10.dat
        96       0.785077        3.87424        151.647        10.4233         12.415        11.1424       -721.372     /gpfs/hpu/EHT2/IHARM/MAD/MAD_a0_384x192x192_IHARM/m_1_1_10/image_a0_0096_163_0_230.e9_6.2e9_1.23416e+25_10.dat
        97       0.428833        3.50458        205.148        7.09304        19.0188        13.1458       -762.312     /gpfs/hpu/EHT2/IHARM/MAD/MAD_a0_384x192x192_IHARM/m_1_1_10/image_a0_0097_163_0_230.e9_6.2e9_1.23416e+25_10.dat
        98       0.456437        3.47361        266.258         4.6446        16.6909        10.8381       -671.779     /gpfs/hpu/EHT2/IHARM/MAD/MAD_a0_384x192x192_IHARM/m_1_1_10/image_a0_0098_163_0_230.e9_6.2e9_1.23416e+25_10.dat
        99       0.480795         3.8535        198.164        8.81341        9.98499        9.15171       -558.471     /gpfs/hpu/EHT2/IHARM/MAD/MAD_a0_384x192x192_IHARM/m_1_1_10/image_a0_0099_163_0_230.e9_6.2e9_1.23416e+25_10.dat
