   # Index         I (Jy)      M/D (uas)       PA (deg)  VA red. chisq  CP red. chisq     red. chisq     log-liklhd     FileName
         0       0.944892        4.02824        -343.85        4.60106         22.289        14.3358        -1785.4     /gpfs/hpu/EHT2/IHARM_inc-5/MAD_a+0.94_384x192x192_IHARM/m_1_1_160/image_a+0.94_0000_168_0_230.e9_6.2e9_1.76917e+25_160.dat
         1       0.545341        4.09658       -285.336        18.0619         32.322         25.687       -2794.37     /gpfs/hpu/EHT2/IHARM_inc-5/MAD_a+0.94_384x192x192_IHARM/m_1_1_160/image_a+0.94_0001_168_0_230.e9_6.2e9_1.76917e+25_160.dat
         2       0.627379        4.06795       -314.112        10.5032        31.4567        21.9566       -2451.51     /gpfs/hpu/EHT2/IHARM_inc-5/MAD_a+0.94_384x192x192_IHARM/m_1_1_160/image_a+0.94_0002_168_0_230.e9_6.2e9_1.76917e+25_160.dat
         3       0.548569        4.34951        -171.17        8.69144        18.2759          13.87       -1639.55     /gpfs/hpu/EHT2/IHARM_inc-5/MAD_a+0.94_384x192x192_IHARM/m_1_1_160/image_a+0.94_0003_168_0_230.e9_6.2e9_1.76917e+25_160.dat
         4       0.480249        4.06894       -196.402        7.54515        19.1696        13.8725       -1652.45     /gpfs/hpu/EHT2/IHARM_inc-5/MAD_a+0.94_384x192x192_IHARM/m_1_1_160/image_a+0.94_0004_168_0_230.e9_6.2e9_1.76917e+25_160.dat
         5       0.513295        3.72471       -279.659         7.8735        17.6881        13.1923       -1584.29     /gpfs/hpu/EHT2/IHARM_inc-5/MAD_a+0.94_384x192x192_IHARM/m_1_1_160/image_a+0.94_0005_168_0_230.e9_6.2e9_1.76917e+25_160.dat
         6       0.586898        4.17167       -298.883        2.88068        10.2688         6.9319       -976.323     /gpfs/hpu/EHT2/IHARM_inc-5/MAD_a+0.94_384x192x192_IHARM/m_1_1_160/image_a+0.94_0006_168_0_230.e9_6.2e9_1.76917e+25_160.dat
         7       0.548514        3.77871       -161.953         4.5218        20.8704        13.5153       -1624.47     /gpfs/hpu/EHT2/IHARM_inc-5/MAD_a+0.94_384x192x192_IHARM/m_1_1_160/image_a+0.94_0007_168_0_230.e9_6.2e9_1.76917e+25_160.dat
         8       0.500731        4.10917       -293.383        5.52313        32.2224        20.2395        -2279.7     /gpfs/hpu/EHT2/IHARM_inc-5/MAD_a+0.94_384x192x192_IHARM/m_1_1_160/image_a+0.94_0008_168_0_230.e9_6.2e9_1.76917e+25_160.dat
         9       0.484059        3.73658       -279.409        16.8521        22.2973         19.609       -2208.88     /gpfs/hpu/EHT2/IHARM_inc-5/MAD_a+0.94_384x192x192_IHARM/m_1_1_160/image_a+0.94_0009_168_0_230.e9_6.2e9_1.76917e+25_160.dat
        10       0.521537        3.72021       -296.021        13.5036        16.7815         15.111       -1798.19     /gpfs/hpu/EHT2/IHARM_inc-5/MAD_a+0.94_384x192x192_IHARM/m_1_1_160/image_a+0.94_0010_168_0_230.e9_6.2e9_1.76917e+25_160.dat
        11       0.613662        3.88015        -270.47        9.61676        16.4259        13.2423       -1585.26     /gpfs/hpu/EHT2/IHARM_inc-5/MAD_a+0.94_384x192x192_IHARM/m_1_1_160/image_a+0.94_0011_168_0_230.e9_6.2e9_1.76917e+25_160.dat
        12       0.590988        4.06232       -240.704        9.41634        7.70645          8.322        -1120.7     /gpfs/hpu/EHT2/IHARM_inc-5/MAD_a+0.94_384x192x192_IHARM/m_1_1_160/image_a+0.94_0012_168_0_230.e9_6.2e9_1.76917e+25_160.dat
        13       0.726106        3.72786       -194.731        13.1908         24.989        19.5268       -2228.61     /gpfs/hpu/EHT2/IHARM_inc-5/MAD_a+0.94_384x192x192_IHARM/m_1_1_160/image_a+0.94_0013_168_0_230.e9_6.2e9_1.76917e+25_160.dat
        14       0.602572        3.72294       -257.589        14.3024        10.4351        11.9361       -1466.35     /gpfs/hpu/EHT2/IHARM_inc-5/MAD_a+0.94_384x192x192_IHARM/m_1_1_160/image_a+0.94_0014_168_0_230.e9_6.2e9_1.76917e+25_160.dat
        15       0.542565        3.91232       -252.025        7.46868        26.5768        17.9462       -2074.66     /gpfs/hpu/EHT2/IHARM_inc-5/MAD_a+0.94_384x192x192_IHARM/m_1_1_160/image_a+0.94_0015_168_0_230.e9_6.2e9_1.76917e+25_160.dat
        16       0.654117         3.9973       -167.179        7.39186        27.0458        18.1732       -2092.01     /gpfs/hpu/EHT2/IHARM_inc-5/MAD_a+0.94_384x192x192_IHARM/m_1_1_160/image_a+0.94_0016_168_0_230.e9_6.2e9_1.76917e+25_160.dat
        17       0.558274        3.89324       -224.215        11.5971        26.1506        19.4853       -2207.76     /gpfs/hpu/EHT2/IHARM_inc-5/MAD_a+0.94_384x192x192_IHARM/m_1_1_160/image_a+0.94_0017_168_0_230.e9_6.2e9_1.76917e+25_160.dat
        18       0.797233        4.29683       -297.996         6.0708        4.66481        5.19695       -853.246     /gpfs/hpu/EHT2/IHARM_inc-5/MAD_a+0.94_384x192x192_IHARM/m_1_1_160/image_a+0.94_0018_168_0_230.e9_6.2e9_1.76917e+25_160.dat
        19       0.650788        4.30795       -201.585        3.98308        14.2451        9.61045       -1248.34     /gpfs/hpu/EHT2/IHARM_inc-5/MAD_a+0.94_384x192x192_IHARM/m_1_1_160/image_a+0.94_0019_168_0_230.e9_6.2e9_1.76917e+25_160.dat
        20       0.718486        3.93379       -249.013         7.4803        17.1029        12.6988        -1519.5     /gpfs/hpu/EHT2/IHARM_inc-5/MAD_a+0.94_384x192x192_IHARM/m_1_1_160/image_a+0.94_0020_168_0_230.e9_6.2e9_1.76917e+25_160.dat
        21       0.685591        4.27101       -208.238        4.83344        23.9214        15.3407       -1785.81     /gpfs/hpu/EHT2/IHARM_inc-5/MAD_a+0.94_384x192x192_IHARM/m_1_1_160/image_a+0.94_0021_168_0_230.e9_6.2e9_1.76917e+25_160.dat
        22         0.5773        3.75608       -226.864        10.0837        32.6065        22.4137       -2495.69     /gpfs/hpu/EHT2/IHARM_inc-5/MAD_a+0.94_384x192x192_IHARM/m_1_1_160/image_a+0.94_0022_168_0_230.e9_6.2e9_1.76917e+25_160.dat
        23       0.687909        3.71224       -224.786        2.99909         17.737        11.1232       -1457.71     /gpfs/hpu/EHT2/IHARM_inc-5/MAD_a+0.94_384x192x192_IHARM/m_1_1_160/image_a+0.94_0023_168_0_230.e9_6.2e9_1.76917e+25_160.dat
        24       0.800096        3.94661       -227.927         7.7673        35.0662        22.7812       -2541.68     /gpfs/hpu/EHT2/IHARM_inc-5/MAD_a+0.94_384x192x192_IHARM/m_1_1_160/image_a+0.94_0024_168_0_230.e9_6.2e9_1.76917e+25_160.dat
        25       0.649382        4.10953           -360        6.24993        20.9742         14.316       -1704.65     /gpfs/hpu/EHT2/IHARM_inc-5/MAD_a+0.94_384x192x192_IHARM/m_1_1_160/image_a+0.94_0025_168_0_230.e9_6.2e9_1.76917e+25_160.dat
        26        2.00266        5.32293       -313.905         123.03        269.066        202.081       -20520.6     /gpfs/hpu/EHT2/IHARM_inc-5/MAD_a+0.94_384x192x192_IHARM/m_1_1_160/image_a+0.94_0026_168_0_230.e9_6.2e9_1.76917e+25_160.dat
        27       0.586813        4.23947       -359.987        8.61397        54.8206        34.0972        -3613.4     /gpfs/hpu/EHT2/IHARM_inc-5/MAD_a+0.94_384x192x192_IHARM/m_1_1_160/image_a+0.94_0027_168_0_230.e9_6.2e9_1.76917e+25_160.dat
        28        0.63739         3.9743       -285.661        12.7543        24.0187        18.8011       -2102.14     /gpfs/hpu/EHT2/IHARM_inc-5/MAD_a+0.94_384x192x192_IHARM/m_1_1_160/image_a+0.94_0028_168_0_230.e9_6.2e9_1.76917e+25_160.dat
        29       0.626377        4.05804        -284.74        3.55923        9.14569        6.60106       -992.443     /gpfs/hpu/EHT2/IHARM_inc-5/MAD_a+0.94_384x192x192_IHARM/m_1_1_160/image_a+0.94_0029_168_0_230.e9_6.2e9_1.76917e+25_160.dat
        30       0.697566        3.86442       -297.651         11.178        16.9325        14.1946       -1715.73     /gpfs/hpu/EHT2/IHARM_inc-5/MAD_a+0.94_384x192x192_IHARM/m_1_1_160/image_a+0.94_0030_168_0_230.e9_6.2e9_1.76917e+25_160.dat
        31       0.599101        3.93024       -196.419        3.82721        13.8222        9.30901       -1251.47     /gpfs/hpu/EHT2/IHARM_inc-5/MAD_a+0.94_384x192x192_IHARM/m_1_1_160/image_a+0.94_0031_168_0_230.e9_6.2e9_1.76917e+25_160.dat
        32       0.873642        4.29529       -291.342         29.154        12.6855        19.5707       -2235.21     /gpfs/hpu/EHT2/IHARM_inc-5/MAD_a+0.94_384x192x192_IHARM/m_1_1_160/image_a+0.94_0032_168_0_230.e9_6.2e9_1.76917e+25_160.dat
        33       0.790105        4.03244       -326.625         41.219        15.3612        26.2426       -2914.21     /gpfs/hpu/EHT2/IHARM_inc-5/MAD_a+0.94_384x192x192_IHARM/m_1_1_160/image_a+0.94_0033_168_0_230.e9_6.2e9_1.76917e+25_160.dat
        34       0.981235         4.2272       -332.014        12.2925        10.0897        10.8802       -1521.75     /gpfs/hpu/EHT2/IHARM_inc-5/MAD_a+0.94_384x192x192_IHARM/m_1_1_160/image_a+0.94_0034_168_0_230.e9_6.2e9_1.76917e+25_160.dat
        35       0.572477        4.13358       -219.052        5.54184        20.9011        13.9709       -1676.69     /gpfs/hpu/EHT2/IHARM_inc-5/MAD_a+0.94_384x192x192_IHARM/m_1_1_160/image_a+0.94_0035_168_0_230.e9_6.2e9_1.76917e+25_160.dat
        36       0.585976        4.18855       -194.732        8.56638        29.4561        20.0146        -2238.8     /gpfs/hpu/EHT2/IHARM_inc-5/MAD_a+0.94_384x192x192_IHARM/m_1_1_160/image_a+0.94_0036_168_0_230.e9_6.2e9_1.76917e+25_160.dat
        37       0.675618        4.27419       -192.597         8.4193        25.6153         17.822       -2037.07     /gpfs/hpu/EHT2/IHARM_inc-5/MAD_a+0.94_384x192x192_IHARM/m_1_1_160/image_a+0.94_0037_168_0_230.e9_6.2e9_1.76917e+25_160.dat
        38       0.590387        4.39281       -181.658         23.132        26.6982        24.7495       -2686.54     /gpfs/hpu/EHT2/IHARM_inc-5/MAD_a+0.94_384x192x192_IHARM/m_1_1_160/image_a+0.94_0038_168_0_230.e9_6.2e9_1.76917e+25_160.dat
        39       0.762458        4.64462       -359.972        11.5063        30.2136        21.6989       -2486.78     /gpfs/hpu/EHT2/IHARM_inc-5/MAD_a+0.94_384x192x192_IHARM/m_1_1_160/image_a+0.94_0039_168_0_230.e9_6.2e9_1.76917e+25_160.dat
        40         0.7512        4.01736       -317.152        13.2894        46.0616        31.2519       -3373.64     /gpfs/hpu/EHT2/IHARM_inc-5/MAD_a+0.94_384x192x192_IHARM/m_1_1_160/image_a+0.94_0040_168_0_230.e9_6.2e9_1.76917e+25_160.dat
        41       0.621457        3.33232       -248.867        31.1148        45.3628        38.5303       -4110.15     /gpfs/hpu/EHT2/IHARM_inc-5/MAD_a+0.94_384x192x192_IHARM/m_1_1_160/image_a+0.94_0041_168_0_230.e9_6.2e9_1.76917e+25_160.dat
        42       0.981296         4.8831       -234.224        17.0461        47.0054        33.3907       -3623.48     /gpfs/hpu/EHT2/IHARM_inc-5/MAD_a+0.94_384x192x192_IHARM/m_1_1_160/image_a+0.94_0042_168_0_230.e9_6.2e9_1.76917e+25_160.dat
        43       0.445614        3.96188       -206.142        10.6701        10.3066        10.3027       -1321.91     /gpfs/hpu/EHT2/IHARM_inc-5/MAD_a+0.94_384x192x192_IHARM/m_1_1_160/image_a+0.94_0043_168_0_230.e9_6.2e9_1.76917e+25_160.dat
        44       0.589108        4.12586       -273.541         5.0872        11.6067        8.62254       -1189.66     /gpfs/hpu/EHT2/IHARM_inc-5/MAD_a+0.94_384x192x192_IHARM/m_1_1_160/image_a+0.94_0044_168_0_230.e9_6.2e9_1.76917e+25_160.dat
        45       0.606304        3.57115       -297.379        8.64232         13.563         11.236       -1408.96     /gpfs/hpu/EHT2/IHARM_inc-5/MAD_a+0.94_384x192x192_IHARM/m_1_1_160/image_a+0.94_0045_168_0_230.e9_6.2e9_1.76917e+25_160.dat
        46       0.783198        4.25513       -272.372        58.7478        39.1425        46.9653       -4986.76     /gpfs/hpu/EHT2/IHARM_inc-5/MAD_a+0.94_384x192x192_IHARM/m_1_1_160/image_a+0.94_0046_168_0_230.e9_6.2e9_1.76917e+25_160.dat
        47       0.787265        4.49021       -285.548        19.3889        16.0985        17.2633       -1965.35     /gpfs/hpu/EHT2/IHARM_inc-5/MAD_a+0.94_384x192x192_IHARM/m_1_1_160/image_a+0.94_0047_168_0_230.e9_6.2e9_1.76917e+25_160.dat
        48       0.814344        4.47575       -320.165        29.5498        37.3575        33.4191       -3543.79     /gpfs/hpu/EHT2/IHARM_inc-5/MAD_a+0.94_384x192x192_IHARM/m_1_1_160/image_a+0.94_0048_168_0_230.e9_6.2e9_1.76917e+25_160.dat
        49       0.865344         4.5722       -278.802        9.40091         7.2478        8.06109       -1107.79     /gpfs/hpu/EHT2/IHARM_inc-5/MAD_a+0.94_384x192x192_IHARM/m_1_1_160/image_a+0.94_0049_168_0_230.e9_6.2e9_1.76917e+25_160.dat
        50       0.724425        4.70576       -317.789        6.10366        10.0177        8.17875        -1111.2     /gpfs/hpu/EHT2/IHARM_inc-5/MAD_a+0.94_384x192x192_IHARM/m_1_1_160/image_a+0.94_0050_168_0_230.e9_6.2e9_1.76917e+25_160.dat
        51       0.719871        4.53136       -206.199        5.17417        20.2362        13.4442       -1707.83     /gpfs/hpu/EHT2/IHARM_inc-5/MAD_a+0.94_384x192x192_IHARM/m_1_1_160/image_a+0.94_0051_168_0_230.e9_6.2e9_1.76917e+25_160.dat
        52        0.75312        4.80661        -206.84        23.4542        12.1179        16.8047       -1983.81     /gpfs/hpu/EHT2/IHARM_inc-5/MAD_a+0.94_384x192x192_IHARM/m_1_1_160/image_a+0.94_0052_168_0_230.e9_6.2e9_1.76917e+25_160.dat
        53       0.890581        4.83641        -221.72        17.9246        22.0553         19.936       -2432.94     /gpfs/hpu/EHT2/IHARM_inc-5/MAD_a+0.94_384x192x192_IHARM/m_1_1_160/image_a+0.94_0053_168_0_230.e9_6.2e9_1.76917e+25_160.dat
        54       0.722508        4.61505       -230.522        7.10226        14.9019         11.316       -1424.32     /gpfs/hpu/EHT2/IHARM_inc-5/MAD_a+0.94_384x192x192_IHARM/m_1_1_160/image_a+0.94_0054_168_0_230.e9_6.2e9_1.76917e+25_160.dat
        55       0.808471        3.86318       -290.423        8.56301         17.908        13.6108       -1728.69     /gpfs/hpu/EHT2/IHARM_inc-5/MAD_a+0.94_384x192x192_IHARM/m_1_1_160/image_a+0.94_0055_168_0_230.e9_6.2e9_1.76917e+25_160.dat
        56       0.767943        4.33825       -300.343        7.44236        8.77352        8.06467       -1168.43     /gpfs/hpu/EHT2/IHARM_inc-5/MAD_a+0.94_384x192x192_IHARM/m_1_1_160/image_a+0.94_0056_168_0_230.e9_6.2e9_1.76917e+25_160.dat
        57       0.582509        4.49996       -258.033        5.69452         7.5225        6.61944       -972.905     /gpfs/hpu/EHT2/IHARM_inc-5/MAD_a+0.94_384x192x192_IHARM/m_1_1_160/image_a+0.94_0057_168_0_230.e9_6.2e9_1.76917e+25_160.dat
        58       0.603436        4.46578       -304.482         10.983        28.0105        20.2524       -2320.76     /gpfs/hpu/EHT2/IHARM_inc-5/MAD_a+0.94_384x192x192_IHARM/m_1_1_160/image_a+0.94_0058_168_0_230.e9_6.2e9_1.76917e+25_160.dat
        59       0.514946         4.1365       -265.234        17.3287        23.5814        20.5258       -2304.36     /gpfs/hpu/EHT2/IHARM_inc-5/MAD_a+0.94_384x192x192_IHARM/m_1_1_160/image_a+0.94_0059_168_0_230.e9_6.2e9_1.76917e+25_160.dat
        60       0.433985        4.32232       -256.749        11.6121        17.8674        14.8996       -1744.75     /gpfs/hpu/EHT2/IHARM_inc-5/MAD_a+0.94_384x192x192_IHARM/m_1_1_160/image_a+0.94_0060_168_0_230.e9_6.2e9_1.76917e+25_160.dat
        61       0.485568        4.03048       -197.103        8.17782        20.8723        15.0886       -1791.24     /gpfs/hpu/EHT2/IHARM_inc-5/MAD_a+0.94_384x192x192_IHARM/m_1_1_160/image_a+0.94_0061_168_0_230.e9_6.2e9_1.76917e+25_160.dat
        62       0.631665        4.33337       -302.499        7.40864        16.0557        12.0874       -1485.83     /gpfs/hpu/EHT2/IHARM_inc-5/MAD_a+0.94_384x192x192_IHARM/m_1_1_160/image_a+0.94_0062_168_0_230.e9_6.2e9_1.76917e+25_160.dat
        63       0.564483        4.00221       -224.609        3.21706        13.6704        8.96244        -1191.7     /gpfs/hpu/EHT2/IHARM_inc-5/MAD_a+0.94_384x192x192_IHARM/m_1_1_160/image_a+0.94_0063_168_0_230.e9_6.2e9_1.76917e+25_160.dat
        64       0.837141        4.21058       -198.557        4.95965         23.793        15.3239       -1903.25     /gpfs/hpu/EHT2/IHARM_inc-5/MAD_a+0.94_384x192x192_IHARM/m_1_1_160/image_a+0.94_0064_168_0_230.e9_6.2e9_1.76917e+25_160.dat
        65       0.708361        4.29352       -225.915        2.45125        12.4882        7.97769       -1075.31     /gpfs/hpu/EHT2/IHARM_inc-5/MAD_a+0.94_384x192x192_IHARM/m_1_1_160/image_a+0.94_0065_168_0_230.e9_6.2e9_1.76917e+25_160.dat
        66       0.832895        3.89741       -282.714        5.34152        12.8382         9.4147       -1279.91     /gpfs/hpu/EHT2/IHARM_inc-5/MAD_a+0.94_384x192x192_IHARM/m_1_1_160/image_a+0.94_0066_168_0_230.e9_6.2e9_1.76917e+25_160.dat
        67       0.646266        4.14551       -288.923        5.86353        11.2043        8.73335       -1160.86     /gpfs/hpu/EHT2/IHARM_inc-5/MAD_a+0.94_384x192x192_IHARM/m_1_1_160/image_a+0.94_0067_168_0_230.e9_6.2e9_1.76917e+25_160.dat
        68       0.585895        3.97147        -126.58        10.9181        16.0801        13.6102       -1659.76     /gpfs/hpu/EHT2/IHARM_inc-5/MAD_a+0.94_384x192x192_IHARM/m_1_1_160/image_a+0.94_0068_168_0_230.e9_6.2e9_1.76917e+25_160.dat
        69       0.680453         3.8757       -269.818         17.175        13.6666         14.963       -1747.94     /gpfs/hpu/EHT2/IHARM_inc-5/MAD_a+0.94_384x192x192_IHARM/m_1_1_160/image_a+0.94_0069_168_0_230.e9_6.2e9_1.76917e+25_160.dat
        70       0.650519        4.34987       -283.499        9.32033        11.1881        10.2109       -1284.25     /gpfs/hpu/EHT2/IHARM_inc-5/MAD_a+0.94_384x192x192_IHARM/m_1_1_160/image_a+0.94_0070_168_0_230.e9_6.2e9_1.76917e+25_160.dat
        71       0.813596        4.41467       -278.818        30.3751        10.0416          18.63        -2190.2     /gpfs/hpu/EHT2/IHARM_inc-5/MAD_a+0.94_384x192x192_IHARM/m_1_1_160/image_a+0.94_0071_168_0_230.e9_6.2e9_1.76917e+25_160.dat
        72        1.30787        4.27039       -323.719        17.4424        25.0634        21.3964       -2612.99     /gpfs/hpu/EHT2/IHARM_inc-5/MAD_a+0.94_384x192x192_IHARM/m_1_1_160/image_a+0.94_0072_168_0_230.e9_6.2e9_1.76917e+25_160.dat
        73       0.686362        4.36128       -304.399        4.12211        18.7465        12.1659       -1486.36     /gpfs/hpu/EHT2/IHARM_inc-5/MAD_a+0.94_384x192x192_IHARM/m_1_1_160/image_a+0.94_0073_168_0_230.e9_6.2e9_1.76917e+25_160.dat
        74       0.607498        4.25245       -206.278        17.4394        29.5767        23.8973       -2620.63     /gpfs/hpu/EHT2/IHARM_inc-5/MAD_a+0.94_384x192x192_IHARM/m_1_1_160/image_a+0.94_0074_168_0_230.e9_6.2e9_1.76917e+25_160.dat
        75       0.616485        4.00456       -239.513        20.3705        51.8902        37.5285        -3966.9     /gpfs/hpu/EHT2/IHARM_inc-5/MAD_a+0.94_384x192x192_IHARM/m_1_1_160/image_a+0.94_0075_168_0_230.e9_6.2e9_1.76917e+25_160.dat
        76       0.774282        4.14033       -76.7004        5.56796        27.1429        17.4426       -2049.44     /gpfs/hpu/EHT2/IHARM_inc-5/MAD_a+0.94_384x192x192_IHARM/m_1_1_160/image_a+0.94_0076_168_0_230.e9_6.2e9_1.76917e+25_160.dat
        77        0.56549        4.20446        -220.48        12.3238        30.3976        22.1524       -2468.38     /gpfs/hpu/EHT2/IHARM_inc-5/MAD_a+0.94_384x192x192_IHARM/m_1_1_160/image_a+0.94_0077_168_0_230.e9_6.2e9_1.76917e+25_160.dat
        78       0.651157         4.5538       -248.548        11.6228        11.1329        11.1705       -1383.49     /gpfs/hpu/EHT2/IHARM_inc-5/MAD_a+0.94_384x192x192_IHARM/m_1_1_160/image_a+0.94_0078_168_0_230.e9_6.2e9_1.76917e+25_160.dat
        79       0.729456         3.8536       -300.142        3.23775        64.0276        36.8896       -3950.19     /gpfs/hpu/EHT2/IHARM_inc-5/MAD_a+0.94_384x192x192_IHARM/m_1_1_160/image_a+0.94_0079_168_0_230.e9_6.2e9_1.76917e+25_160.dat
        80        1.10339        4.13342       -292.873        19.5123        9.33967        13.5693       -1818.94     /gpfs/hpu/EHT2/IHARM_inc-5/MAD_a+0.94_384x192x192_IHARM/m_1_1_160/image_a+0.94_0080_168_0_230.e9_6.2e9_1.76917e+25_160.dat
        81       0.724734        4.66653       -273.179        13.6122        12.3135        12.6806       -1525.54     /gpfs/hpu/EHT2/IHARM_inc-5/MAD_a+0.94_384x192x192_IHARM/m_1_1_160/image_a+0.94_0081_168_0_230.e9_6.2e9_1.76917e+25_160.dat
        82       0.676486        4.28875       -155.957        3.78359        20.6313        13.0652       -1639.82     /gpfs/hpu/EHT2/IHARM_inc-5/MAD_a+0.94_384x192x192_IHARM/m_1_1_160/image_a+0.94_0082_168_0_230.e9_6.2e9_1.76917e+25_160.dat
        83       0.528591        3.75155       -219.054        13.7165         40.079        28.1187       -3059.43     /gpfs/hpu/EHT2/IHARM_inc-5/MAD_a+0.94_384x192x192_IHARM/m_1_1_160/image_a+0.94_0083_168_0_230.e9_6.2e9_1.76917e+25_160.dat
        84       0.442637         3.9568       -245.417        5.76482        14.1124        10.3031       -1298.11     /gpfs/hpu/EHT2/IHARM_inc-5/MAD_a+0.94_384x192x192_IHARM/m_1_1_160/image_a+0.94_0084_168_0_230.e9_6.2e9_1.76917e+25_160.dat
        85       0.577873        3.75849        -194.24        4.19335        15.3198        10.2967       -1323.87     /gpfs/hpu/EHT2/IHARM_inc-5/MAD_a+0.94_384x192x192_IHARM/m_1_1_160/image_a+0.94_0085_168_0_230.e9_6.2e9_1.76917e+25_160.dat
        86       0.502156        3.85658       -218.754        10.8679        19.3353        15.3933       -1805.29     /gpfs/hpu/EHT2/IHARM_inc-5/MAD_a+0.94_384x192x192_IHARM/m_1_1_160/image_a+0.94_0086_168_0_230.e9_6.2e9_1.76917e+25_160.dat
        87       0.496256        3.95702       -251.083        12.0874        21.3757         17.049       -2035.29     /gpfs/hpu/EHT2/IHARM_inc-5/MAD_a+0.94_384x192x192_IHARM/m_1_1_160/image_a+0.94_0087_168_0_230.e9_6.2e9_1.76917e+25_160.dat
        88       0.481883        3.82917       -58.4246        15.6223        27.8702        22.1698       -2566.68     /gpfs/hpu/EHT2/IHARM_inc-5/MAD_a+0.94_384x192x192_IHARM/m_1_1_160/image_a+0.94_0088_168_0_230.e9_6.2e9_1.76917e+25_160.dat
        89       0.763314        4.18605       -224.572        14.1768        10.1793        11.7402       -1985.59     /gpfs/hpu/EHT2/IHARM_inc-5/MAD_a+0.94_384x192x192_IHARM/m_1_1_160/image_a+0.94_0089_168_0_230.e9_6.2e9_1.76917e+25_160.dat
        90        0.62812        3.74819       -209.649        17.6863        42.2778         31.045       -3350.57     /gpfs/hpu/EHT2/IHARM_inc-5/MAD_a+0.94_384x192x192_IHARM/m_1_1_160/image_a+0.94_0090_168_0_230.e9_6.2e9_1.76917e+25_160.dat
        91       0.716526        4.07336       -295.516        27.5323        17.3182        21.4416       -2425.85     /gpfs/hpu/EHT2/IHARM_inc-5/MAD_a+0.94_384x192x192_IHARM/m_1_1_160/image_a+0.94_0091_168_0_230.e9_6.2e9_1.76917e+25_160.dat
        92       0.758028        4.46855       -287.232        8.94813        15.8172        12.6173        -1583.6     /gpfs/hpu/EHT2/IHARM_inc-5/MAD_a+0.94_384x192x192_IHARM/m_1_1_160/image_a+0.94_0092_168_0_230.e9_6.2e9_1.76917e+25_160.dat
        93       0.729686        4.33286       -302.736         22.066        45.6443        34.7949       -3921.15     /gpfs/hpu/EHT2/IHARM_inc-5/MAD_a+0.94_384x192x192_IHARM/m_1_1_160/image_a+0.94_0093_168_0_230.e9_6.2e9_1.76917e+25_160.dat
        94       0.638836         4.0523       -212.905        16.6147        30.2065        23.8918       -2618.97     /gpfs/hpu/EHT2/IHARM_inc-5/MAD_a+0.94_384x192x192_IHARM/m_1_1_160/image_a+0.94_0094_168_0_230.e9_6.2e9_1.76917e+25_160.dat
        95       0.538817        3.84822       -284.147        4.92047        8.96317        7.08528       -1017.25     /gpfs/hpu/EHT2/IHARM_inc-5/MAD_a+0.94_384x192x192_IHARM/m_1_1_160/image_a+0.94_0095_168_0_230.e9_6.2e9_1.76917e+25_160.dat
        96       0.569717        4.00901       -299.849        6.02113        12.2699        9.39187       -1219.55     /gpfs/hpu/EHT2/IHARM_inc-5/MAD_a+0.94_384x192x192_IHARM/m_1_1_160/image_a+0.94_0096_168_0_230.e9_6.2e9_1.76917e+25_160.dat
        97       0.538649        3.83921       -285.148        10.0276        10.2523         9.9963       -1334.58     /gpfs/hpu/EHT2/IHARM_inc-5/MAD_a+0.94_384x192x192_IHARM/m_1_1_160/image_a+0.94_0097_168_0_230.e9_6.2e9_1.76917e+25_160.dat
        98       0.612269        4.35174         -256.2        12.5482        7.59441        9.60673       -1255.36     /gpfs/hpu/EHT2/IHARM_inc-5/MAD_a+0.94_384x192x192_IHARM/m_1_1_160/image_a+0.94_0098_168_0_230.e9_6.2e9_1.76917e+25_160.dat
        99       0.604278        3.97419       -172.459        3.76941        16.5028        10.7703        -1409.9     /gpfs/hpu/EHT2/IHARM_inc-5/MAD_a+0.94_384x192x192_IHARM/m_1_1_160/image_a+0.94_0099_168_0_230.e9_6.2e9_1.76917e+25_160.dat
