   # Index         I (Jy)      M/D (uas)       PA (deg)  VA red. chisq  CP red. chisq     red. chisq     log-liklhd     FileName
         0       0.427399        3.10939       -279.371         12.376        14.0791        13.0957       -1147.16     /gpfs/hpu/EHT2/IHARM_inc-5/SANE_a0_288x128x128_IHARM/m_1_1_160/image_a0_1000_168_0_230.e9_6.2e9_7.69951e+29_160.dat
         1       0.417113        3.06315       -305.827        11.2199        27.0373        20.2432       -1624.08     /gpfs/hpu/EHT2/IHARM_inc-5/SANE_a0_288x128x128_IHARM/m_1_1_160/image_a0_1010_168_0_230.e9_6.2e9_7.69951e+29_160.dat
         2       0.442058         2.9288         -200.8        14.5223        23.7295        19.5945       -1632.49     /gpfs/hpu/EHT2/IHARM_inc-5/SANE_a0_288x128x128_IHARM/m_1_1_160/image_a0_1020_168_0_230.e9_6.2e9_7.69951e+29_160.dat
         3       0.344971        3.01235       -223.906         13.196        16.4345        14.7976       -1287.21     /gpfs/hpu/EHT2/IHARM_inc-5/SANE_a0_288x128x128_IHARM/m_1_1_160/image_a0_1030_168_0_230.e9_6.2e9_7.69951e+29_160.dat
         4        0.55815        3.00736       -261.612        15.2269        150.815        94.4013        -6815.8     /gpfs/hpu/EHT2/IHARM_inc-5/SANE_a0_288x128x128_IHARM/m_1_1_160/image_a0_1040_168_0_230.e9_6.2e9_7.69951e+29_160.dat
         5       0.505402        2.84194       -220.617        20.4738          16.46        17.6581       -1514.46     /gpfs/hpu/EHT2/IHARM_inc-5/SANE_a0_288x128x128_IHARM/m_1_1_160/image_a0_1050_168_0_230.e9_6.2e9_7.69951e+29_160.dat
         6        0.37428        2.86131       -257.982        10.7915        15.2889        13.1856       -1166.04     /gpfs/hpu/EHT2/IHARM_inc-5/SANE_a0_288x128x128_IHARM/m_1_1_160/image_a0_1060_168_0_230.e9_6.2e9_7.69951e+29_160.dat
         7       0.789209        3.03616       -223.613        6.36711        29.1053        19.5586       -1706.24     /gpfs/hpu/EHT2/IHARM_inc-5/SANE_a0_288x128x128_IHARM/m_1_1_160/image_a0_1070_168_0_230.e9_6.2e9_7.69951e+29_160.dat
         8       0.508847        2.92043       -214.581        9.54472         26.474        19.2579       -1605.68     /gpfs/hpu/EHT2/IHARM_inc-5/SANE_a0_288x128x128_IHARM/m_1_1_160/image_a0_1080_168_0_230.e9_6.2e9_7.69951e+29_160.dat
         9       0.571003        2.96005       -235.262        5.00866        16.8301        11.8285       -1118.03     /gpfs/hpu/EHT2/IHARM_inc-5/SANE_a0_288x128x128_IHARM/m_1_1_160/image_a0_1090_168_0_230.e9_6.2e9_7.69951e+29_160.dat
        10       0.680081        3.05787       -266.856        11.5645         56.514         37.665       -2883.77     /gpfs/hpu/EHT2/IHARM_inc-5/SANE_a0_288x128x128_IHARM/m_1_1_160/image_a0_1100_168_0_230.e9_6.2e9_7.69951e+29_160.dat
        11       0.404911        3.00266       -260.318        13.5632         21.939        18.1694       -1497.37     /gpfs/hpu/EHT2/IHARM_inc-5/SANE_a0_288x128x128_IHARM/m_1_1_160/image_a0_1110_168_0_230.e9_6.2e9_7.69951e+29_160.dat
        12       0.351482        3.05188        -229.77        7.83974        5.66371        6.38674       -695.335     /gpfs/hpu/EHT2/IHARM_inc-5/SANE_a0_288x128x128_IHARM/m_1_1_160/image_a0_1120_168_0_230.e9_6.2e9_7.69951e+29_160.dat
        13       0.548334        2.95751       -228.465        12.0725        31.2372        23.0396       -1856.03     /gpfs/hpu/EHT2/IHARM_inc-5/SANE_a0_288x128x128_IHARM/m_1_1_160/image_a0_1130_168_0_230.e9_6.2e9_7.69951e+29_160.dat
        14       0.713941         3.0201        -200.46        15.5573         26.753        21.7723       -1833.75     /gpfs/hpu/EHT2/IHARM_inc-5/SANE_a0_288x128x128_IHARM/m_1_1_160/image_a0_1140_168_0_230.e9_6.2e9_7.69951e+29_160.dat
        15       0.434717        3.20475       -211.723        7.90461        8.23902        7.92243       -802.803     /gpfs/hpu/EHT2/IHARM_inc-5/SANE_a0_288x128x128_IHARM/m_1_1_160/image_a0_1150_168_0_230.e9_6.2e9_7.69951e+29_160.dat
        16       0.367626        2.89049       -198.738        14.7048        15.1259        14.6201       -1262.47     /gpfs/hpu/EHT2/IHARM_inc-5/SANE_a0_288x128x128_IHARM/m_1_1_160/image_a0_1160_168_0_230.e9_6.2e9_7.69951e+29_160.dat
        17       0.629033        2.97425       -239.514        5.85903        19.1362        13.5135       -1255.85     /gpfs/hpu/EHT2/IHARM_inc-5/SANE_a0_288x128x128_IHARM/m_1_1_160/image_a0_1170_168_0_230.e9_6.2e9_7.69951e+29_160.dat
        18        0.47899        3.07602       -227.305        6.40641        18.8733        13.5733       -1193.91     /gpfs/hpu/EHT2/IHARM_inc-5/SANE_a0_288x128x128_IHARM/m_1_1_160/image_a0_1180_168_0_230.e9_6.2e9_7.69951e+29_160.dat
        19       0.468807        3.06814       -200.121        14.7161        8.77653        10.9008       -1026.04     /gpfs/hpu/EHT2/IHARM_inc-5/SANE_a0_288x128x128_IHARM/m_1_1_160/image_a0_1190_168_0_230.e9_6.2e9_7.69951e+29_160.dat
        20       0.419992        2.92924       -216.093        10.3362        11.8027        10.9631       -1008.21     /gpfs/hpu/EHT2/IHARM_inc-5/SANE_a0_288x128x128_IHARM/m_1_1_160/image_a0_1200_168_0_230.e9_6.2e9_7.69951e+29_160.dat
        21       0.392483        3.04969       -200.841        14.4802        7.52466        10.0744       -953.839     /gpfs/hpu/EHT2/IHARM_inc-5/SANE_a0_288x128x128_IHARM/m_1_1_160/image_a0_1210_168_0_230.e9_6.2e9_7.69951e+29_160.dat
        22       0.486462        3.27354       -226.973        11.3512        21.2532        16.9024       -1434.89     /gpfs/hpu/EHT2/IHARM_inc-5/SANE_a0_288x128x128_IHARM/m_1_1_160/image_a0_1220_168_0_230.e9_6.2e9_7.69951e+29_160.dat
        23       0.373112        3.15772       -230.313        9.19325        8.70408          8.699       -846.789     /gpfs/hpu/EHT2/IHARM_inc-5/SANE_a0_288x128x128_IHARM/m_1_1_160/image_a0_1230_168_0_230.e9_6.2e9_7.69951e+29_160.dat
        24       0.578427        3.03431       -242.135        9.29329        34.4517        23.8382       -1932.81     /gpfs/hpu/EHT2/IHARM_inc-5/SANE_a0_288x128x128_IHARM/m_1_1_160/image_a0_1240_168_0_230.e9_6.2e9_7.69951e+29_160.dat
        25       0.487509        2.90189       -220.176        13.1728        16.2618        14.6873       -1299.69     /gpfs/hpu/EHT2/IHARM_inc-5/SANE_a0_288x128x128_IHARM/m_1_1_160/image_a0_1250_168_0_230.e9_6.2e9_7.69951e+29_160.dat
        26       0.401503        2.97911       -260.919        9.13754        13.8296        11.6832       -1052.47     /gpfs/hpu/EHT2/IHARM_inc-5/SANE_a0_288x128x128_IHARM/m_1_1_160/image_a0_1260_168_0_230.e9_6.2e9_7.69951e+29_160.dat
        27       0.736291        3.02087         11.785        20.8651        106.979        70.8974       -5360.18     /gpfs/hpu/EHT2/IHARM_inc-5/SANE_a0_288x128x128_IHARM/m_1_1_160/image_a0_1270_168_0_230.e9_6.2e9_7.69951e+29_160.dat
        28       0.638477        3.17271        -169.86        10.9826        114.469        71.4259       -5382.52     /gpfs/hpu/EHT2/IHARM_inc-5/SANE_a0_288x128x128_IHARM/m_1_1_160/image_a0_1280_168_0_230.e9_6.2e9_7.69951e+29_160.dat
        29       0.708258        3.26605       -151.583        11.3566        30.0106        22.0403       -1835.87     /gpfs/hpu/EHT2/IHARM_inc-5/SANE_a0_288x128x128_IHARM/m_1_1_160/image_a0_1290_168_0_230.e9_6.2e9_7.69951e+29_160.dat
        30       0.518981        3.14932         -253.2        15.0345        43.2244        31.2278       -2390.11     /gpfs/hpu/EHT2/IHARM_inc-5/SANE_a0_288x128x128_IHARM/m_1_1_160/image_a0_1300_168_0_230.e9_6.2e9_7.69951e+29_160.dat
        31       0.422196         2.9605        -243.14        7.04209        6.24577        6.41624       -711.002     /gpfs/hpu/EHT2/IHARM_inc-5/SANE_a0_288x128x128_IHARM/m_1_1_160/image_a0_1310_168_0_230.e9_6.2e9_7.69951e+29_160.dat
        32       0.580586        3.17414       -225.099        14.8751        32.2588        24.7346       -1988.82     /gpfs/hpu/EHT2/IHARM_inc-5/SANE_a0_288x128x128_IHARM/m_1_1_160/image_a0_1320_168_0_230.e9_6.2e9_7.69951e+29_160.dat
        33       0.483566        2.99117       -245.925        7.76773        18.2788        13.7569        -1222.2     /gpfs/hpu/EHT2/IHARM_inc-5/SANE_a0_288x128x128_IHARM/m_1_1_160/image_a0_1330_168_0_230.e9_6.2e9_7.69951e+29_160.dat
        34       0.602183        3.20355       -256.297         23.221        12.5023        16.4111       -1393.41     /gpfs/hpu/EHT2/IHARM_inc-5/SANE_a0_288x128x128_IHARM/m_1_1_160/image_a0_1340_168_0_230.e9_6.2e9_7.69951e+29_160.dat
        35       0.523654        2.81958       -184.064        17.0088        50.5905        36.3196       -2801.72     /gpfs/hpu/EHT2/IHARM_inc-5/SANE_a0_288x128x128_IHARM/m_1_1_160/image_a0_1350_168_0_230.e9_6.2e9_7.69951e+29_160.dat
        36       0.410156        2.79391       -203.784        18.0115        13.2125        14.7908       -1285.71     /gpfs/hpu/EHT2/IHARM_inc-5/SANE_a0_288x128x128_IHARM/m_1_1_160/image_a0_1360_168_0_230.e9_6.2e9_7.69951e+29_160.dat
        37       0.667379        3.07844       -198.718        10.3131        19.4216        15.4223       -1390.21     /gpfs/hpu/EHT2/IHARM_inc-5/SANE_a0_288x128x128_IHARM/m_1_1_160/image_a0_1370_168_0_230.e9_6.2e9_7.69951e+29_160.dat
        38       0.541841        2.85548       -192.094        8.32608        16.8214        13.1205       -1175.26     /gpfs/hpu/EHT2/IHARM_inc-5/SANE_a0_288x128x128_IHARM/m_1_1_160/image_a0_1380_168_0_230.e9_6.2e9_7.69951e+29_160.dat
        39       0.473316        2.79832       -198.135        13.9374        13.1832        13.1807       -1161.58     /gpfs/hpu/EHT2/IHARM_inc-5/SANE_a0_288x128x128_IHARM/m_1_1_160/image_a0_1390_168_0_230.e9_6.2e9_7.69951e+29_160.dat
        40       0.520403        3.01069        -202.78        10.7728        11.3452        10.8655       -1022.36     /gpfs/hpu/EHT2/IHARM_inc-5/SANE_a0_288x128x128_IHARM/m_1_1_160/image_a0_1400_168_0_230.e9_6.2e9_7.69951e+29_160.dat
        41       0.472637        3.12908       -192.227        10.3021        5.71208        7.37782       -768.659     /gpfs/hpu/EHT2/IHARM_inc-5/SANE_a0_288x128x128_IHARM/m_1_1_160/image_a0_1410_168_0_230.e9_6.2e9_7.69951e+29_160.dat
        42       0.478268        3.12305       -240.212        10.4858        11.8628        11.0568       -1014.57     /gpfs/hpu/EHT2/IHARM_inc-5/SANE_a0_288x128x128_IHARM/m_1_1_160/image_a0_1420_168_0_230.e9_6.2e9_7.69951e+29_160.dat
        43       0.842978        2.97425       -147.771        13.3956        24.6385         19.687       -1726.79     /gpfs/hpu/EHT2/IHARM_inc-5/SANE_a0_288x128x128_IHARM/m_1_1_160/image_a0_1430_168_0_230.e9_6.2e9_7.69951e+29_160.dat
        44       0.667231        2.99326       -165.492        7.29715        15.9138        12.1859       -1190.33     /gpfs/hpu/EHT2/IHARM_inc-5/SANE_a0_288x128x128_IHARM/m_1_1_160/image_a0_1440_168_0_230.e9_6.2e9_7.69951e+29_160.dat
        45        0.40419         2.8842       -252.488        15.1647        15.3507        14.9317       -1299.67     /gpfs/hpu/EHT2/IHARM_inc-5/SANE_a0_288x128x128_IHARM/m_1_1_160/image_a0_1450_168_0_230.e9_6.2e9_7.69951e+29_160.dat
        46       0.475247        2.94979       -232.076        8.00352        7.44411        7.49492       -777.618     /gpfs/hpu/EHT2/IHARM_inc-5/SANE_a0_288x128x128_IHARM/m_1_1_160/image_a0_1460_168_0_230.e9_6.2e9_7.69951e+29_160.dat
        47       0.561215        3.28432       -249.414        11.6402        16.4373         14.191       -1262.16     /gpfs/hpu/EHT2/IHARM_inc-5/SANE_a0_288x128x128_IHARM/m_1_1_160/image_a0_1470_168_0_230.e9_6.2e9_7.69951e+29_160.dat
        48       0.512409        2.82621       -185.289        13.0345        12.3391        12.3327       -1169.78     /gpfs/hpu/EHT2/IHARM_inc-5/SANE_a0_288x128x128_IHARM/m_1_1_160/image_a0_1480_168_0_230.e9_6.2e9_7.69951e+29_160.dat
        49       0.412119        2.93526       -213.262        13.1323        7.93217        9.78639       -931.448     /gpfs/hpu/EHT2/IHARM_inc-5/SANE_a0_288x128x128_IHARM/m_1_1_160/image_a0_1490_168_0_230.e9_6.2e9_7.69951e+29_160.dat
        50       0.373318        2.97597        -209.77        7.47406        5.87707        6.36889       -693.573     /gpfs/hpu/EHT2/IHARM_inc-5/SANE_a0_288x128x128_IHARM/m_1_1_160/image_a0_1500_168_0_230.e9_6.2e9_7.69951e+29_160.dat
        51       0.563136        3.15675       -214.614        7.42454        17.3875           13.1       -1216.83     /gpfs/hpu/EHT2/IHARM_inc-5/SANE_a0_288x128x128_IHARM/m_1_1_160/image_a0_1510_168_0_230.e9_6.2e9_7.69951e+29_160.dat
        52        0.50254        3.11118       -189.505        11.3966        17.4847          14.71       -1279.24     /gpfs/hpu/EHT2/IHARM_inc-5/SANE_a0_288x128x128_IHARM/m_1_1_160/image_a0_1520_168_0_230.e9_6.2e9_7.69951e+29_160.dat
        53       0.375884        3.07546       -200.039        4.06436        10.4133        7.69611       -797.832     /gpfs/hpu/EHT2/IHARM_inc-5/SANE_a0_288x128x128_IHARM/m_1_1_160/image_a0_1530_168_0_230.e9_6.2e9_7.69951e+29_160.dat
        54       0.527043        3.20958        -219.55        19.4018        16.6655        17.3594       -1467.34     /gpfs/hpu/EHT2/IHARM_inc-5/SANE_a0_288x128x128_IHARM/m_1_1_160/image_a0_1540_168_0_230.e9_6.2e9_7.69951e+29_160.dat
        55       0.540615        3.06058       -270.653        10.7201        24.2493        18.4127       -1525.44     /gpfs/hpu/EHT2/IHARM_inc-5/SANE_a0_288x128x128_IHARM/m_1_1_160/image_a0_1550_168_0_230.e9_6.2e9_7.69951e+29_160.dat
        56       0.427613        2.92696       -208.688         13.891        7.89031        10.0585       -960.747     /gpfs/hpu/EHT2/IHARM_inc-5/SANE_a0_288x128x128_IHARM/m_1_1_160/image_a0_1560_168_0_230.e9_6.2e9_7.69951e+29_160.dat
        57       0.379731        2.79577       -240.243        12.8236        13.1605        12.7319       -1142.46     /gpfs/hpu/EHT2/IHARM_inc-5/SANE_a0_288x128x128_IHARM/m_1_1_160/image_a0_1570_168_0_230.e9_6.2e9_7.69951e+29_160.dat
        58       0.450655        2.96209       -250.885        8.59004        5.54226        6.60886       -715.133     /gpfs/hpu/EHT2/IHARM_inc-5/SANE_a0_288x128x128_IHARM/m_1_1_160/image_a0_1580_168_0_230.e9_6.2e9_7.69951e+29_160.dat
        59       0.540314        3.14257        -229.55        7.40852        9.22382        8.30602       -828.718     /gpfs/hpu/EHT2/IHARM_inc-5/SANE_a0_288x128x128_IHARM/m_1_1_160/image_a0_1590_168_0_230.e9_6.2e9_7.69951e+29_160.dat
        60       0.457704        3.07719       -269.833        11.3617        30.8142        22.5136       -1809.26     /gpfs/hpu/EHT2/IHARM_inc-5/SANE_a0_288x128x128_IHARM/m_1_1_160/image_a0_1600_168_0_230.e9_6.2e9_7.69951e+29_160.dat
        61       0.712641         3.0832       -159.773        10.5809        41.5784        28.5212       -2309.07     /gpfs/hpu/EHT2/IHARM_inc-5/SANE_a0_288x128x128_IHARM/m_1_1_160/image_a0_1610_168_0_230.e9_6.2e9_7.69951e+29_160.dat
        62       0.998039        3.43642       -141.135        12.7356        37.4168         26.923        -2251.6     /gpfs/hpu/EHT2/IHARM_inc-5/SANE_a0_288x128x128_IHARM/m_1_1_160/image_a0_1620_168_0_230.e9_6.2e9_7.69951e+29_160.dat
        63       0.720702        3.11918        -211.13        6.94794         21.544        15.3513        -1390.8     /gpfs/hpu/EHT2/IHARM_inc-5/SANE_a0_288x128x128_IHARM/m_1_1_160/image_a0_1630_168_0_230.e9_6.2e9_7.69951e+29_160.dat
        64       0.418913        3.04889       -246.438        7.93643        7.30019        7.38428       -762.005     /gpfs/hpu/EHT2/IHARM_inc-5/SANE_a0_288x128x128_IHARM/m_1_1_160/image_a0_1640_168_0_230.e9_6.2e9_7.69951e+29_160.dat
        65       0.411203         3.2044       -223.888        7.45716        19.6712        14.4521       -1232.74     /gpfs/hpu/EHT2/IHARM_inc-5/SANE_a0_288x128x128_IHARM/m_1_1_160/image_a0_1650_168_0_230.e9_6.2e9_7.69951e+29_160.dat
        66       0.589312        3.23739       -188.313         7.5184        21.2665        15.4116       -1378.66     /gpfs/hpu/EHT2/IHARM_inc-5/SANE_a0_288x128x128_IHARM/m_1_1_160/image_a0_1660_168_0_230.e9_6.2e9_7.69951e+29_160.dat
        67       0.675775         2.9715        -179.69        15.2467         27.572        22.1311       -1835.28     /gpfs/hpu/EHT2/IHARM_inc-5/SANE_a0_288x128x128_IHARM/m_1_1_160/image_a0_1670_168_0_230.e9_6.2e9_7.69951e+29_160.dat
        68       0.596233        3.01182       -168.261        8.78596        44.8106         29.715       -2399.25     /gpfs/hpu/EHT2/IHARM_inc-5/SANE_a0_288x128x128_IHARM/m_1_1_160/image_a0_1680_168_0_230.e9_6.2e9_7.69951e+29_160.dat
        69       0.352653        2.99415        -182.94        9.21385        10.8095         9.9418       -933.059     /gpfs/hpu/EHT2/IHARM_inc-5/SANE_a0_288x128x128_IHARM/m_1_1_160/image_a0_1690_168_0_230.e9_6.2e9_7.69951e+29_160.dat
        70       0.361816        3.01794       -208.839        14.6944        10.8772        12.1243       -1083.91     /gpfs/hpu/EHT2/IHARM_inc-5/SANE_a0_288x128x128_IHARM/m_1_1_160/image_a0_1700_168_0_230.e9_6.2e9_7.69951e+29_160.dat
        71       0.447294        3.26552       -269.222        15.3098        44.3497        31.9953       -2458.42     /gpfs/hpu/EHT2/IHARM_inc-5/SANE_a0_288x128x128_IHARM/m_1_1_160/image_a0_1710_168_0_230.e9_6.2e9_7.69951e+29_160.dat
        72       0.402287         2.9619       -204.111        7.51451        10.2013        8.92073       -890.203     /gpfs/hpu/EHT2/IHARM_inc-5/SANE_a0_288x128x128_IHARM/m_1_1_160/image_a0_1720_168_0_230.e9_6.2e9_7.69951e+29_160.dat
        73       0.695169        3.17191       -163.154        15.8112        98.3146          63.84       -4902.44     /gpfs/hpu/EHT2/IHARM_inc-5/SANE_a0_288x128x128_IHARM/m_1_1_160/image_a0_1730_168_0_230.e9_6.2e9_7.69951e+29_160.dat
        74       0.642593        3.10698       -213.185        10.0456        76.6893        48.9033       -3652.17     /gpfs/hpu/EHT2/IHARM_inc-5/SANE_a0_288x128x128_IHARM/m_1_1_160/image_a0_1740_168_0_230.e9_6.2e9_7.69951e+29_160.dat
        75        0.47079        3.17136       -213.943        11.7276        25.9323        19.7937       -1600.69     /gpfs/hpu/EHT2/IHARM_inc-5/SANE_a0_288x128x128_IHARM/m_1_1_160/image_a0_1750_168_0_230.e9_6.2e9_7.69951e+29_160.dat
        76       0.489384        2.95176       -248.562        19.8619        28.1286         24.262       -1905.29     /gpfs/hpu/EHT2/IHARM_inc-5/SANE_a0_288x128x128_IHARM/m_1_1_160/image_a0_1760_168_0_230.e9_6.2e9_7.69951e+29_160.dat
        77       0.342256        2.96034       -181.175        10.6622        9.97785        10.0204       -946.049     /gpfs/hpu/EHT2/IHARM_inc-5/SANE_a0_288x128x128_IHARM/m_1_1_160/image_a0_1770_168_0_230.e9_6.2e9_7.69951e+29_160.dat
        78       0.429655        3.21028        99.1351        6.09558        6.71241        6.31983       -702.879     /gpfs/hpu/EHT2/IHARM_inc-5/SANE_a0_288x128x128_IHARM/m_1_1_160/image_a0_1780_168_0_230.e9_6.2e9_7.69951e+29_160.dat
        79       0.370205        2.94245         130.76        16.6216        24.4767        20.8535        -1681.8     /gpfs/hpu/EHT2/IHARM_inc-5/SANE_a0_288x128x128_IHARM/m_1_1_160/image_a0_1790_168_0_230.e9_6.2e9_7.69951e+29_160.dat
        80       0.529265         3.0865        52.4663         12.388        23.7871        18.7938       -1550.97     /gpfs/hpu/EHT2/IHARM_inc-5/SANE_a0_288x128x128_IHARM/m_1_1_160/image_a0_1800_168_0_230.e9_6.2e9_7.69951e+29_160.dat
        81        0.69116         3.0708        -68.223        7.64481         54.456        34.9256       -2708.52     /gpfs/hpu/EHT2/IHARM_inc-5/SANE_a0_288x128x128_IHARM/m_1_1_160/image_a0_1810_168_0_230.e9_6.2e9_7.69951e+29_160.dat
        82       0.372917        3.14047       -148.371        4.47539        9.16434        7.12435       -766.329     /gpfs/hpu/EHT2/IHARM_inc-5/SANE_a0_288x128x128_IHARM/m_1_1_160/image_a0_1820_168_0_230.e9_6.2e9_7.69951e+29_160.dat
        83       0.441838        3.30947       -211.007        7.79646        5.59143        6.32743       -696.093     /gpfs/hpu/EHT2/IHARM_inc-5/SANE_a0_288x128x128_IHARM/m_1_1_160/image_a0_1830_168_0_230.e9_6.2e9_7.69951e+29_160.dat
        84       0.441377        3.11307       -186.241        14.2513        35.4558        26.3655       -2069.34     /gpfs/hpu/EHT2/IHARM_inc-5/SANE_a0_288x128x128_IHARM/m_1_1_160/image_a0_1840_168_0_230.e9_6.2e9_7.69951e+29_160.dat
        85       0.440404        2.88122       -233.305        10.6833         7.8706        8.79275       -887.269     /gpfs/hpu/EHT2/IHARM_inc-5/SANE_a0_288x128x128_IHARM/m_1_1_160/image_a0_1850_168_0_230.e9_6.2e9_7.69951e+29_160.dat
        86       0.497403        3.00509       -233.393        13.2771        20.1097        16.9847       -1416.45     /gpfs/hpu/EHT2/IHARM_inc-5/SANE_a0_288x128x128_IHARM/m_1_1_160/image_a0_1860_168_0_230.e9_6.2e9_7.69951e+29_160.dat
        87       0.534054        2.96433       -201.209        10.8185        10.5465        10.4149       -1028.17     /gpfs/hpu/EHT2/IHARM_inc-5/SANE_a0_288x128x128_IHARM/m_1_1_160/image_a0_1870_168_0_230.e9_6.2e9_7.69951e+29_160.dat
        88       0.430875        2.95679        100.622        25.7558        22.2964        23.1461       -1841.72     /gpfs/hpu/EHT2/IHARM_inc-5/SANE_a0_288x128x128_IHARM/m_1_1_160/image_a0_1880_168_0_230.e9_6.2e9_7.69951e+29_160.dat
        89       0.529369        3.00208        62.1536        13.3232        34.1122        25.2147       -1998.87     /gpfs/hpu/EHT2/IHARM_inc-5/SANE_a0_288x128x128_IHARM/m_1_1_160/image_a0_1890_168_0_230.e9_6.2e9_7.69951e+29_160.dat
        90       0.656001        3.18842        180.698         10.597         63.101        41.1498       -3287.88     /gpfs/hpu/EHT2/IHARM_inc-5/SANE_a0_288x128x128_IHARM/m_1_1_160/image_a0_1900_168_0_230.e9_6.2e9_7.69951e+29_160.dat
        91        0.61708         3.0829        183.075        9.80091        39.6609        27.0917       -2229.87     /gpfs/hpu/EHT2/IHARM_inc-5/SANE_a0_288x128x128_IHARM/m_1_1_160/image_a0_1910_168_0_230.e9_6.2e9_7.69951e+29_160.dat
        92        0.60962        3.12053        171.838        11.6645        20.3449        16.4922       -1450.01     /gpfs/hpu/EHT2/IHARM_inc-5/SANE_a0_288x128x128_IHARM/m_1_1_160/image_a0_1920_168_0_230.e9_6.2e9_7.69951e+29_160.dat
        93       0.612743        3.09444        193.068        12.7912         64.212        42.6592       -3212.59     /gpfs/hpu/EHT2/IHARM_inc-5/SANE_a0_288x128x128_IHARM/m_1_1_160/image_a0_1930_168_0_230.e9_6.2e9_7.69951e+29_160.dat
        94       0.462416        3.10835        165.639        5.90152        11.3989        8.99246       -878.733     /gpfs/hpu/EHT2/IHARM_inc-5/SANE_a0_288x128x128_IHARM/m_1_1_160/image_a0_1940_168_0_230.e9_6.2e9_7.69951e+29_160.dat
        95       0.514836        3.02875        161.125        8.87175        12.9431        11.0593       -1037.86     /gpfs/hpu/EHT2/IHARM_inc-5/SANE_a0_288x128x128_IHARM/m_1_1_160/image_a0_1950_168_0_230.e9_6.2e9_7.69951e+29_160.dat
        96       0.390765        3.06967        157.651        7.69845        9.37142        8.50594       -835.369     /gpfs/hpu/EHT2/IHARM_inc-5/SANE_a0_288x128x128_IHARM/m_1_1_160/image_a0_1960_168_0_230.e9_6.2e9_7.69951e+29_160.dat
        97       0.330839        2.89168        112.828        9.92435        10.3864        9.97144       -932.255     /gpfs/hpu/EHT2/IHARM_inc-5/SANE_a0_288x128x128_IHARM/m_1_1_160/image_a0_1970_168_0_230.e9_6.2e9_7.69951e+29_160.dat
        98       0.436887        2.93452        160.472        11.5792        9.20902        9.92797        -946.92     /gpfs/hpu/EHT2/IHARM_inc-5/SANE_a0_288x128x128_IHARM/m_1_1_160/image_a0_1980_168_0_230.e9_6.2e9_7.69951e+29_160.dat
        99       0.452632        3.04215        158.767        7.18414         9.2544        8.23623       -816.238     /gpfs/hpu/EHT2/IHARM_inc-5/SANE_a0_288x128x128_IHARM/m_1_1_160/image_a0_1990_168_0_230.e9_6.2e9_7.69951e+29_160.dat
