   # Index         I (Jy)      M/D (uas)       PA (deg)  VA red. chisq  CP red. chisq     red. chisq     log-liklhd     FileName
         0       0.459442        4.55687       -269.876        11.1402        8.23375        9.17307        -510.61     /gpfs/hpu/EHT2/KORAL/SANE/SANE_a+0.75_300x192x192_KORAL/m_1_1_20/image_a+0.75_900_163_0_230.e9_6.2e9_2.49636e+28_20.dat
         1       0.487273        4.41658       -277.357        8.84565        8.64701        8.41544       -479.334     /gpfs/hpu/EHT2/KORAL/SANE/SANE_a+0.75_300x192x192_KORAL/m_1_1_20/image_a+0.75_901_163_0_230.e9_6.2e9_2.49636e+28_20.dat
         2       0.475643        4.40117       -270.631        15.0405        10.2803         11.936       -609.356     /gpfs/hpu/EHT2/KORAL/SANE/SANE_a+0.75_300x192x192_KORAL/m_1_1_20/image_a+0.75_902_163_0_230.e9_6.2e9_2.49636e+28_20.dat
         3       0.426343        4.49358       -239.449        7.28961        10.5098        8.75083       -484.581     /gpfs/hpu/EHT2/KORAL/SANE/SANE_a+0.75_300x192x192_KORAL/m_1_1_20/image_a+0.75_903_163_0_230.e9_6.2e9_2.49636e+28_20.dat
         4        0.42199          4.384       -157.411        9.09852        10.7651        9.65989       -543.663     /gpfs/hpu/EHT2/KORAL/SANE/SANE_a+0.75_300x192x192_KORAL/m_1_1_20/image_a+0.75_904_163_0_230.e9_6.2e9_2.49636e+28_20.dat
         5       0.415756        3.95223       -179.508        20.8835        15.8536        17.4205       -872.747     /gpfs/hpu/EHT2/KORAL/SANE/SANE_a+0.75_300x192x192_KORAL/m_1_1_20/image_a+0.75_905_163_0_230.e9_6.2e9_2.49636e+28_20.dat
         6       0.488347        4.14181         -215.4        18.5036        12.4987        14.6045       -745.203     /gpfs/hpu/EHT2/KORAL/SANE/SANE_a+0.75_300x192x192_KORAL/m_1_1_20/image_a+0.75_906_163_0_230.e9_6.2e9_2.49636e+28_20.dat
         7       0.491388        4.28929       -262.206        18.1407        13.1622        14.8056       -752.125     /gpfs/hpu/EHT2/KORAL/SANE/SANE_a+0.75_300x192x192_KORAL/m_1_1_20/image_a+0.75_907_163_0_230.e9_6.2e9_2.49636e+28_20.dat
         8        0.79852        4.49331       -276.598        8.33298        28.2067        18.6921       -934.935     /gpfs/hpu/EHT2/KORAL/SANE/SANE_a+0.75_300x192x192_KORAL/m_1_1_20/image_a+0.75_908_163_0_230.e9_6.2e9_2.49636e+28_20.dat
         9       0.990686        4.52128       -267.174        12.4853        23.9288        18.1689       -941.809     /gpfs/hpu/EHT2/KORAL/SANE/SANE_a+0.75_300x192x192_KORAL/m_1_1_20/image_a+0.75_909_163_0_230.e9_6.2e9_2.49636e+28_20.dat
        10       0.753126        4.41687       -163.124        38.6694        27.9916        31.5251       -1497.08     /gpfs/hpu/EHT2/KORAL/SANE/SANE_a+0.75_300x192x192_KORAL/m_1_1_20/image_a+0.75_910_163_0_230.e9_6.2e9_2.49636e+28_20.dat
        11       0.522958        3.84487       -172.425        28.3842         22.809        24.3542       -1175.34     /gpfs/hpu/EHT2/KORAL/SANE/SANE_a+0.75_300x192x192_KORAL/m_1_1_20/image_a+0.75_911_163_0_230.e9_6.2e9_2.49636e+28_20.dat
        12       0.572371        4.41825       -145.076        20.7397        25.7242        22.6555        -1096.4     /gpfs/hpu/EHT2/KORAL/SANE/SANE_a+0.75_300x192x192_KORAL/m_1_1_20/image_a+0.75_912_163_0_230.e9_6.2e9_2.49636e+28_20.dat
        13       0.396013        3.78711       -182.776        43.9436        25.4897        32.4338        -1477.8     /gpfs/hpu/EHT2/KORAL/SANE/SANE_a+0.75_300x192x192_KORAL/m_1_1_20/image_a+0.75_913_163_0_230.e9_6.2e9_2.49636e+28_20.dat
        14       0.474475         4.5064       -163.236        19.0128        26.6691        22.4255        -1068.8     /gpfs/hpu/EHT2/KORAL/SANE/SANE_a+0.75_300x192x192_KORAL/m_1_1_20/image_a+0.75_914_163_0_230.e9_6.2e9_2.49636e+28_20.dat
        15       0.373226        4.03874       -306.794        11.7825         31.248        21.7963       -1031.12     /gpfs/hpu/EHT2/KORAL/SANE/SANE_a+0.75_300x192x192_KORAL/m_1_1_20/image_a+0.75_915_163_0_230.e9_6.2e9_2.49636e+28_20.dat
        16       0.435675        4.46597       -310.589        14.6717        25.1165        19.7395       -935.821     /gpfs/hpu/EHT2/KORAL/SANE/SANE_a+0.75_300x192x192_KORAL/m_1_1_20/image_a+0.75_916_163_0_230.e9_6.2e9_2.49636e+28_20.dat
        17       0.510601        4.33365       -155.668        13.6983        32.6056        23.3425       -1126.44     /gpfs/hpu/EHT2/KORAL/SANE/SANE_a+0.75_300x192x192_KORAL/m_1_1_20/image_a+0.75_917_163_0_230.e9_6.2e9_2.49636e+28_20.dat
        18       0.384107        4.01309       -291.966        11.5456        34.1344         23.244       -1093.29     /gpfs/hpu/EHT2/KORAL/SANE/SANE_a+0.75_300x192x192_KORAL/m_1_1_20/image_a+0.75_918_163_0_230.e9_6.2e9_2.49636e+28_20.dat
        19       0.405779        3.96181       -281.875        15.2023        34.4649        24.9821       -1154.95     /gpfs/hpu/EHT2/KORAL/SANE/SANE_a+0.75_300x192x192_KORAL/m_1_1_20/image_a+0.75_919_163_0_230.e9_6.2e9_2.49636e+28_20.dat
        20       0.610604        4.21089       -299.476        27.6999        30.3067        28.0853       -1307.39     /gpfs/hpu/EHT2/KORAL/SANE/SANE_a+0.75_300x192x192_KORAL/m_1_1_20/image_a+0.75_920_163_0_230.e9_6.2e9_2.49636e+28_20.dat
        21       0.626535        4.25654       -318.205        33.4309        28.2976        29.4534       -1366.94     /gpfs/hpu/EHT2/KORAL/SANE/SANE_a+0.75_300x192x192_KORAL/m_1_1_20/image_a+0.75_921_163_0_230.e9_6.2e9_2.49636e+28_20.dat
        22       0.370337        3.90724       -325.072        13.7735        35.2375        24.7869       -1166.22     /gpfs/hpu/EHT2/KORAL/SANE/SANE_a+0.75_300x192x192_KORAL/m_1_1_20/image_a+0.75_922_163_0_230.e9_6.2e9_2.49636e+28_20.dat
        23       0.575569        4.22826       -160.227        7.16297        9.14833        7.96623       -503.494     /gpfs/hpu/EHT2/KORAL/SANE/SANE_a+0.75_300x192x192_KORAL/m_1_1_20/image_a+0.75_923_163_0_230.e9_6.2e9_2.49636e+28_20.dat
        24       0.367636        3.96728       -193.886        15.1672        7.23442        10.3557       -550.695     /gpfs/hpu/EHT2/KORAL/SANE/SANE_a+0.75_300x192x192_KORAL/m_1_1_20/image_a+0.75_924_163_0_230.e9_6.2e9_2.49636e+28_20.dat
        25       0.435397        4.19248       -199.368        12.0729        8.74787        9.84704       -535.245     /gpfs/hpu/EHT2/KORAL/SANE/SANE_a+0.75_300x192x192_KORAL/m_1_1_20/image_a+0.75_925_163_0_230.e9_6.2e9_2.49636e+28_20.dat
        26       0.362916        4.03959       -246.371        13.9076        13.6349        13.2525       -677.693     /gpfs/hpu/EHT2/KORAL/SANE/SANE_a+0.75_300x192x192_KORAL/m_1_1_20/image_a+0.75_926_163_0_230.e9_6.2e9_2.49636e+28_20.dat
        27       0.417107        4.17763       -139.267        14.7826        14.2692        13.9663       -712.391     /gpfs/hpu/EHT2/KORAL/SANE/SANE_a+0.75_300x192x192_KORAL/m_1_1_20/image_a+0.75_927_163_0_230.e9_6.2e9_2.49636e+28_20.dat
        28       0.395506        3.82237       -285.315        13.5341        34.5018        24.2899       -1133.64     /gpfs/hpu/EHT2/KORAL/SANE/SANE_a+0.75_300x192x192_KORAL/m_1_1_20/image_a+0.75_928_163_0_230.e9_6.2e9_2.49636e+28_20.dat
        29       0.401615        3.87953       -289.526        23.0332        29.1462        25.4706       -1178.12     /gpfs/hpu/EHT2/KORAL/SANE/SANE_a+0.75_300x192x192_KORAL/m_1_1_20/image_a+0.75_929_163_0_230.e9_6.2e9_2.49636e+28_20.dat
        30       0.455703         3.9795       -308.197        13.8848        24.6912        19.1754       -929.604     /gpfs/hpu/EHT2/KORAL/SANE/SANE_a+0.75_300x192x192_KORAL/m_1_1_20/image_a+0.75_930_163_0_230.e9_6.2e9_2.49636e+28_20.dat
        31       0.512306        4.39072       -254.117        13.5075        13.1319        12.8118       -663.522     /gpfs/hpu/EHT2/KORAL/SANE/SANE_a+0.75_300x192x192_KORAL/m_1_1_20/image_a+0.75_931_163_0_230.e9_6.2e9_2.49636e+28_20.dat
        32       0.667815        4.33638       -268.967        16.9008        13.5228        14.4699        -755.14     /gpfs/hpu/EHT2/KORAL/SANE/SANE_a+0.75_300x192x192_KORAL/m_1_1_20/image_a+0.75_932_163_0_230.e9_6.2e9_2.49636e+28_20.dat
        33        1.09907        4.26525       -291.045        21.4088        14.6901        17.0204       -886.116     /gpfs/hpu/EHT2/KORAL/SANE/SANE_a+0.75_300x192x192_KORAL/m_1_1_20/image_a+0.75_933_163_0_230.e9_6.2e9_2.49636e+28_20.dat
        34       0.384476        4.08905       -282.052        20.6044        23.3198        21.3076       -1007.28     /gpfs/hpu/EHT2/KORAL/SANE/SANE_a+0.75_300x192x192_KORAL/m_1_1_20/image_a+0.75_934_163_0_230.e9_6.2e9_2.49636e+28_20.dat
        35       0.423867        4.09476       -232.086        7.44299        11.4938         9.3443       -513.102     /gpfs/hpu/EHT2/KORAL/SANE/SANE_a+0.75_300x192x192_KORAL/m_1_1_20/image_a+0.75_935_163_0_230.e9_6.2e9_2.49636e+28_20.dat
        36       0.376035        4.01786        -272.92        4.09678        23.5374        14.3785       -717.967     /gpfs/hpu/EHT2/KORAL/SANE/SANE_a+0.75_300x192x192_KORAL/m_1_1_20/image_a+0.75_936_163_0_230.e9_6.2e9_2.49636e+28_20.dat
        37       0.450387        4.34505       -306.497        20.9125        28.8997        24.4332       -1140.17     /gpfs/hpu/EHT2/KORAL/SANE/SANE_a+0.75_300x192x192_KORAL/m_1_1_20/image_a+0.75_937_163_0_230.e9_6.2e9_2.49636e+28_20.dat
        38       0.486715         3.9821       -308.134        12.8346        37.6984        25.7066       -1211.82     /gpfs/hpu/EHT2/KORAL/SANE/SANE_a+0.75_300x192x192_KORAL/m_1_1_20/image_a+0.75_938_163_0_230.e9_6.2e9_2.49636e+28_20.dat
        39       0.532825        4.39385       -177.967        18.5661        14.4775         15.693       -798.039     /gpfs/hpu/EHT2/KORAL/SANE/SANE_a+0.75_300x192x192_KORAL/m_1_1_20/image_a+0.75_939_163_0_230.e9_6.2e9_2.49636e+28_20.dat
        40        0.44185        3.86058       -261.725        24.0196        29.2827        25.9649       -1201.28     /gpfs/hpu/EHT2/KORAL/SANE/SANE_a+0.75_300x192x192_KORAL/m_1_1_20/image_a+0.75_940_163_0_230.e9_6.2e9_2.49636e+28_20.dat
        41       0.430072        4.06171       -289.841        18.2747        28.3351        23.0044        -1083.8     /gpfs/hpu/EHT2/KORAL/SANE/SANE_a+0.75_300x192x192_KORAL/m_1_1_20/image_a+0.75_941_163_0_230.e9_6.2e9_2.49636e+28_20.dat
        42       0.447338        4.02693       -300.696        21.3137        29.2525        24.7938       -1170.43     /gpfs/hpu/EHT2/KORAL/SANE/SANE_a+0.75_300x192x192_KORAL/m_1_1_20/image_a+0.75_942_163_0_230.e9_6.2e9_2.49636e+28_20.dat
        43       0.402256        3.97317       -161.289        18.4528        16.1821        16.5593       -820.944     /gpfs/hpu/EHT2/KORAL/SANE/SANE_a+0.75_300x192x192_KORAL/m_1_1_20/image_a+0.75_943_163_0_230.e9_6.2e9_2.49636e+28_20.dat
        44       0.410697        4.00406       -169.314        48.4624        14.4027        28.4134       -1321.72     /gpfs/hpu/EHT2/KORAL/SANE/SANE_a+0.75_300x192x192_KORAL/m_1_1_20/image_a+0.75_944_163_0_230.e9_6.2e9_2.49636e+28_20.dat
        45       0.352889        4.10722        -299.53        14.9144        33.3754        24.2746       -1129.34     /gpfs/hpu/EHT2/KORAL/SANE/SANE_a+0.75_300x192x192_KORAL/m_1_1_20/image_a+0.75_945_163_0_230.e9_6.2e9_2.49636e+28_20.dat
        46       0.409535         4.2522       -301.506        11.7891        28.9881        20.5866       -984.529     /gpfs/hpu/EHT2/KORAL/SANE/SANE_a+0.75_300x192x192_KORAL/m_1_1_20/image_a+0.75_946_163_0_230.e9_6.2e9_2.49636e+28_20.dat
        47       0.521258        4.41126       -302.318        17.7094        25.6385        21.3161       -1013.68     /gpfs/hpu/EHT2/KORAL/SANE/SANE_a+0.75_300x192x192_KORAL/m_1_1_20/image_a+0.75_947_163_0_230.e9_6.2e9_2.49636e+28_20.dat
        48       0.768979        4.66058       -317.141        30.1203        40.5645        34.6226       -1584.41     /gpfs/hpu/EHT2/KORAL/SANE/SANE_a+0.75_300x192x192_KORAL/m_1_1_20/image_a+0.75_948_163_0_230.e9_6.2e9_2.49636e+28_20.dat
        49       0.497301        4.08207       -261.747        25.5364        24.2747        23.9251       -1131.55     /gpfs/hpu/EHT2/KORAL/SANE/SANE_a+0.75_300x192x192_KORAL/m_1_1_20/image_a+0.75_949_163_0_230.e9_6.2e9_2.49636e+28_20.dat
        50       0.449583        4.19981       -297.054        18.0667        33.9934        25.9518       -1207.68     /gpfs/hpu/EHT2/KORAL/SANE/SANE_a+0.75_300x192x192_KORAL/m_1_1_20/image_a+0.75_950_163_0_230.e9_6.2e9_2.49636e+28_20.dat
        51       0.489048        4.31554       -288.738        22.6025        24.3847        22.7319        -1067.5     /gpfs/hpu/EHT2/KORAL/SANE/SANE_a+0.75_300x192x192_KORAL/m_1_1_20/image_a+0.75_951_163_0_230.e9_6.2e9_2.49636e+28_20.dat
        52       0.537462        4.43635       -321.761        19.8902        28.4349        23.7475       -1132.05     /gpfs/hpu/EHT2/KORAL/SANE/SANE_a+0.75_300x192x192_KORAL/m_1_1_20/image_a+0.75_952_163_0_230.e9_6.2e9_2.49636e+28_20.dat
        53       0.474516         4.3228       -328.359        11.1517        30.9191        21.3506       -1058.78     /gpfs/hpu/EHT2/KORAL/SANE/SANE_a+0.75_300x192x192_KORAL/m_1_1_20/image_a+0.75_953_163_0_230.e9_6.2e9_2.49636e+28_20.dat
        54       0.502042         4.3068       -289.942        14.1548        17.3743        15.3645       -774.023     /gpfs/hpu/EHT2/KORAL/SANE/SANE_a+0.75_300x192x192_KORAL/m_1_1_20/image_a+0.75_954_163_0_230.e9_6.2e9_2.49636e+28_20.dat
        55       0.628564        3.86422       -240.325        44.0313         24.897        32.1532        -1502.1     /gpfs/hpu/EHT2/KORAL/SANE/SANE_a+0.75_300x192x192_KORAL/m_1_1_20/image_a+0.75_955_163_0_230.e9_6.2e9_2.49636e+28_20.dat
        56       0.393443        3.91425       -306.698        12.4295        28.9573        20.8433       -990.915     /gpfs/hpu/EHT2/KORAL/SANE/SANE_a+0.75_300x192x192_KORAL/m_1_1_20/image_a+0.75_956_163_0_230.e9_6.2e9_2.49636e+28_20.dat
        57       0.403106        4.14198       -250.347        27.9196        12.6345        18.6964       -901.923     /gpfs/hpu/EHT2/KORAL/SANE/SANE_a+0.75_300x192x192_KORAL/m_1_1_20/image_a+0.75_957_163_0_230.e9_6.2e9_2.49636e+28_20.dat
        58        0.34445        3.70065       -298.996        11.2373        24.0012        17.6751       -858.453     /gpfs/hpu/EHT2/KORAL/SANE/SANE_a+0.75_300x192x192_KORAL/m_1_1_20/image_a+0.75_958_163_0_230.e9_6.2e9_2.49636e+28_20.dat
        59       0.432036        4.18932       -278.094        22.3171         26.398        23.6904       -1100.74     /gpfs/hpu/EHT2/KORAL/SANE/SANE_a+0.75_300x192x192_KORAL/m_1_1_20/image_a+0.75_959_163_0_230.e9_6.2e9_2.49636e+28_20.dat
        60       0.352346        3.90554       -311.095         13.623        38.7294        26.5964       -1233.91     /gpfs/hpu/EHT2/KORAL/SANE/SANE_a+0.75_300x192x192_KORAL/m_1_1_20/image_a+0.75_960_163_0_230.e9_6.2e9_2.49636e+28_20.dat
        61       0.395009        4.17437       -290.483        10.2117        25.7296        18.1648       -876.874     /gpfs/hpu/EHT2/KORAL/SANE/SANE_a+0.75_300x192x192_KORAL/m_1_1_20/image_a+0.75_961_163_0_230.e9_6.2e9_2.49636e+28_20.dat
        62       0.550836        4.48326       -311.573        19.8768        31.7069        25.4975       -1204.04     /gpfs/hpu/EHT2/KORAL/SANE/SANE_a+0.75_300x192x192_KORAL/m_1_1_20/image_a+0.75_962_163_0_230.e9_6.2e9_2.49636e+28_20.dat
        63       0.331414        4.23144       -327.703        10.5352         47.243        29.8466       -1391.59     /gpfs/hpu/EHT2/KORAL/SANE/SANE_a+0.75_300x192x192_KORAL/m_1_1_20/image_a+0.75_963_163_0_230.e9_6.2e9_2.49636e+28_20.dat
        64       0.396709        4.09774       -307.269        9.43356        25.7719        17.8553       -873.554     /gpfs/hpu/EHT2/KORAL/SANE/SANE_a+0.75_300x192x192_KORAL/m_1_1_20/image_a+0.75_964_163_0_230.e9_6.2e9_2.49636e+28_20.dat
        65       0.361803        4.11377       -286.812        19.5826        17.1563        17.5643       -854.424     /gpfs/hpu/EHT2/KORAL/SANE/SANE_a+0.75_300x192x192_KORAL/m_1_1_20/image_a+0.75_965_163_0_230.e9_6.2e9_2.49636e+28_20.dat
        66       0.540608         4.5899       -279.173        27.7866        29.1042         27.477       -1256.72     /gpfs/hpu/EHT2/KORAL/SANE/SANE_a+0.75_300x192x192_KORAL/m_1_1_20/image_a+0.75_966_163_0_230.e9_6.2e9_2.49636e+28_20.dat
        67       0.559485        4.40759       -152.676          33.24        14.5202        21.9791       -1051.24     /gpfs/hpu/EHT2/KORAL/SANE/SANE_a+0.75_300x192x192_KORAL/m_1_1_20/image_a+0.75_967_163_0_230.e9_6.2e9_2.49636e+28_20.dat
        68       0.346857         3.9446       -299.612        14.9802        32.6241        23.8996       -1124.77     /gpfs/hpu/EHT2/KORAL/SANE/SANE_a+0.75_300x192x192_KORAL/m_1_1_20/image_a+0.75_968_163_0_230.e9_6.2e9_2.49636e+28_20.dat
        69       0.985712        4.48347       -296.153        44.5202        30.8094        35.5344       -1644.78     /gpfs/hpu/EHT2/KORAL/SANE/SANE_a+0.75_300x192x192_KORAL/m_1_1_20/image_a+0.75_969_163_0_230.e9_6.2e9_2.49636e+28_20.dat
        70       0.321108         4.0902       -297.713        14.6817        24.6041        19.4688       -929.765     /gpfs/hpu/EHT2/KORAL/SANE/SANE_a+0.75_300x192x192_KORAL/m_1_1_20/image_a+0.75_970_163_0_230.e9_6.2e9_2.49636e+28_20.dat
        71       0.641163        4.47235       -251.757        32.0976        25.5941        27.4336       -1290.72     /gpfs/hpu/EHT2/KORAL/SANE/SANE_a+0.75_300x192x192_KORAL/m_1_1_20/image_a+0.75_971_163_0_230.e9_6.2e9_2.49636e+28_20.dat
        72       0.418473        4.37944       -169.081        34.2512        18.3939        24.4893       -1152.84     /gpfs/hpu/EHT2/KORAL/SANE/SANE_a+0.75_300x192x192_KORAL/m_1_1_20/image_a+0.75_972_163_0_230.e9_6.2e9_2.49636e+28_20.dat
        73       0.369465        3.99401        167.272        40.3805         22.571        29.3468       -1362.71     /gpfs/hpu/EHT2/KORAL/SANE/SANE_a+0.75_300x192x192_KORAL/m_1_1_20/image_a+0.75_973_163_0_230.e9_6.2e9_2.49636e+28_20.dat
        74        0.74773        3.93206        135.198         33.179        36.4596        33.7255        -1607.9     /gpfs/hpu/EHT2/KORAL/SANE/SANE_a+0.75_300x192x192_KORAL/m_1_1_20/image_a+0.75_974_163_0_230.e9_6.2e9_2.49636e+28_20.dat
        75       0.408763        4.30439        180.656        26.5376        13.2441        18.4336       -904.423     /gpfs/hpu/EHT2/KORAL/SANE/SANE_a+0.75_300x192x192_KORAL/m_1_1_20/image_a+0.75_975_163_0_230.e9_6.2e9_2.49636e+28_20.dat
        76       0.423821        4.32342        156.043         22.516        12.6188        16.3816       -818.971     /gpfs/hpu/EHT2/KORAL/SANE/SANE_a+0.75_300x192x192_KORAL/m_1_1_20/image_a+0.75_976_163_0_230.e9_6.2e9_2.49636e+28_20.dat
        77       0.483916        4.28172        216.235        10.2424        21.3788        15.8433       -832.211     /gpfs/hpu/EHT2/KORAL/SANE/SANE_a+0.75_300x192x192_KORAL/m_1_1_20/image_a+0.75_977_163_0_230.e9_6.2e9_2.49636e+28_20.dat
        78       0.400002        4.46598        57.9298        19.6033        29.8114        24.3636       -1141.67     /gpfs/hpu/EHT2/KORAL/SANE/SANE_a+0.75_300x192x192_KORAL/m_1_1_20/image_a+0.75_978_163_0_230.e9_6.2e9_2.49636e+28_20.dat
        79       0.454591        4.18026       -305.611        13.9878        29.2136         21.646       -1032.43     /gpfs/hpu/EHT2/KORAL/SANE/SANE_a+0.75_300x192x192_KORAL/m_1_1_20/image_a+0.75_979_163_0_230.e9_6.2e9_2.49636e+28_20.dat
        80       0.630992        4.99543       -269.991        25.3139        26.7346        25.1501       -1164.73     /gpfs/hpu/EHT2/KORAL/SANE/SANE_a+0.75_300x192x192_KORAL/m_1_1_20/image_a+0.75_980_163_0_230.e9_6.2e9_2.49636e+28_20.dat
        81       0.614542        4.50057       -306.129        29.3293        21.4045        24.0039       -1122.51     /gpfs/hpu/EHT2/KORAL/SANE/SANE_a+0.75_300x192x192_KORAL/m_1_1_20/image_a+0.75_981_163_0_230.e9_6.2e9_2.49636e+28_20.dat
        82       0.474898        4.15588       -191.992        23.4454        17.5653        19.4325       -944.607     /gpfs/hpu/EHT2/KORAL/SANE/SANE_a+0.75_300x192x192_KORAL/m_1_1_20/image_a+0.75_982_163_0_230.e9_6.2e9_2.49636e+28_20.dat
        83       0.515518        4.00089       -194.261        27.4954        37.7955        32.0163       -1465.88     /gpfs/hpu/EHT2/KORAL/SANE/SANE_a+0.75_300x192x192_KORAL/m_1_1_20/image_a+0.75_983_163_0_230.e9_6.2e9_2.49636e+28_20.dat
        84       0.354613        3.80604       -238.015        10.1985        13.2062        11.4393       -612.037     /gpfs/hpu/EHT2/KORAL/SANE/SANE_a+0.75_300x192x192_KORAL/m_1_1_20/image_a+0.75_984_163_0_230.e9_6.2e9_2.49636e+28_20.dat
        85       0.487404        4.26181       -276.147        17.4709        27.2704          22.09       -1066.42     /gpfs/hpu/EHT2/KORAL/SANE/SANE_a+0.75_300x192x192_KORAL/m_1_1_20/image_a+0.75_985_163_0_230.e9_6.2e9_2.49636e+28_20.dat
        86       0.406802        4.06831       -219.385        17.1626        15.0063        15.3776       -770.089     /gpfs/hpu/EHT2/KORAL/SANE/SANE_a+0.75_300x192x192_KORAL/m_1_1_20/image_a+0.75_986_163_0_230.e9_6.2e9_2.49636e+28_20.dat
        87        1.15901        4.48088       -214.873        12.5183        24.2138        18.3359       -935.072     /gpfs/hpu/EHT2/KORAL/SANE/SANE_a+0.75_300x192x192_KORAL/m_1_1_20/image_a+0.75_987_163_0_230.e9_6.2e9_2.49636e+28_20.dat
        88       0.466632        4.22694       -252.038        21.1296        16.0766        17.6452       -858.463     /gpfs/hpu/EHT2/KORAL/SANE/SANE_a+0.75_300x192x192_KORAL/m_1_1_20/image_a+0.75_988_163_0_230.e9_6.2e9_2.49636e+28_20.dat
        89       0.444179        3.96255       -285.533        20.3258         25.194        22.1944       -1055.94     /gpfs/hpu/EHT2/KORAL/SANE/SANE_a+0.75_300x192x192_KORAL/m_1_1_20/image_a+0.75_989_163_0_230.e9_6.2e9_2.49636e+28_20.dat
        90       0.446953         3.9731       -200.397        27.1845        12.0999        18.0958       -889.046     /gpfs/hpu/EHT2/KORAL/SANE/SANE_a+0.75_300x192x192_KORAL/m_1_1_20/image_a+0.75_990_163_0_230.e9_6.2e9_2.49636e+28_20.dat
        91       0.403358        3.79033       -316.162         13.586        23.4757        18.3956       -892.294     /gpfs/hpu/EHT2/KORAL/SANE/SANE_a+0.75_300x192x192_KORAL/m_1_1_20/image_a+0.75_991_163_0_230.e9_6.2e9_2.49636e+28_20.dat
        92       0.492601        3.84987           -246        19.7592        12.5187        15.1512       -746.156     /gpfs/hpu/EHT2/KORAL/SANE/SANE_a+0.75_300x192x192_KORAL/m_1_1_20/image_a+0.75_992_163_0_230.e9_6.2e9_2.49636e+28_20.dat
        93       0.470736        4.04417        -269.74         17.845        29.6384        23.5203       -1090.62     /gpfs/hpu/EHT2/KORAL/SANE/SANE_a+0.75_300x192x192_KORAL/m_1_1_20/image_a+0.75_993_163_0_230.e9_6.2e9_2.49636e+28_20.dat
        94       0.517123        4.16305       -298.831        25.9408        33.7802        29.1982       -1340.67     /gpfs/hpu/EHT2/KORAL/SANE/SANE_a+0.75_300x192x192_KORAL/m_1_1_20/image_a+0.75_994_163_0_230.e9_6.2e9_2.49636e+28_20.dat
        95       0.538959        4.05019       -205.357        22.1489        12.3627        16.0875       -810.009     /gpfs/hpu/EHT2/KORAL/SANE/SANE_a+0.75_300x192x192_KORAL/m_1_1_20/image_a+0.75_995_163_0_230.e9_6.2e9_2.49636e+28_20.dat
        96       0.423555        3.84703       -309.139        13.5959        31.9688        22.9571       -1097.53     /gpfs/hpu/EHT2/KORAL/SANE/SANE_a+0.75_300x192x192_KORAL/m_1_1_20/image_a+0.75_996_163_0_230.e9_6.2e9_2.49636e+28_20.dat
        97       0.507359        4.50944       -308.663        19.0135         22.064        19.9548       -975.357     /gpfs/hpu/EHT2/KORAL/SANE/SANE_a+0.75_300x192x192_KORAL/m_1_1_20/image_a+0.75_997_163_0_230.e9_6.2e9_2.49636e+28_20.dat
        98        0.53436        4.39604        -324.39        21.0101         31.704        25.9796        -1236.8     /gpfs/hpu/EHT2/KORAL/SANE/SANE_a+0.75_300x192x192_KORAL/m_1_1_20/image_a+0.75_998_163_0_230.e9_6.2e9_2.49636e+28_20.dat
        99       0.430097        4.13326       -298.569         8.4208        24.0791        16.5147       -837.869     /gpfs/hpu/EHT2/KORAL/SANE/SANE_a+0.75_300x192x192_KORAL/m_1_1_20/image_a+0.75_999_163_0_230.e9_6.2e9_2.49636e+28_20.dat
