   # Index         I (Jy)      M/D (uas)       PA (deg)  VA red. chisq  CP red. chisq     red. chisq     log-liklhd     FileName
         0        2.78528        6.93155       -30.3876        25.1424        78.2965        50.0144       -2469.76     /gpfs/hpu/EHT/SANE/288x128x128_IHARM/a+0.94/m_1_1_20/image_SANE_a+0.94_0600_163_0_230.e9_6.2e9_2.65e+27_1_20.dat
         1        2.03046        6.91116      -0.323789        44.2237        50.7476        45.9202        -2272.8     /gpfs/hpu/EHT/SANE/288x128x128_IHARM/a+0.94/m_1_1_20/image_SANE_a+0.94_0606_163_0_230.e9_6.2e9_2.65e+27_1_20.dat
         2        2.10959        5.94543        118.287        33.1545        36.6036        33.7292       -1735.23     /gpfs/hpu/EHT/SANE/288x128x128_IHARM/a+0.94/m_1_1_20/image_SANE_a+0.94_0612_163_0_230.e9_6.2e9_2.65e+27_1_20.dat
         3       0.830527        4.61981        99.9673        54.2372         34.397        42.8561       -2120.79     /gpfs/hpu/EHT/SANE/288x128x128_IHARM/a+0.94/m_1_1_20/image_SANE_a+0.94_0618_163_0_230.e9_6.2e9_2.65e+27_1_20.dat
         4       0.800561        4.77606        105.612        27.5412        31.5967        28.5941       -1456.48     /gpfs/hpu/EHT/SANE/288x128x128_IHARM/a+0.94/m_1_1_20/image_SANE_a+0.94_0624_163_0_230.e9_6.2e9_2.65e+27_1_20.dat
         5       0.811969        4.50051        114.698        41.2734        21.4028         30.305       -1541.84     /gpfs/hpu/EHT/SANE/288x128x128_IHARM/a+0.94/m_1_1_20/image_SANE_a+0.94_0630_163_0_230.e9_6.2e9_2.65e+27_1_20.dat
         6       0.814573         4.5644        120.522        46.9859        21.2358        32.9863       -1667.02     /gpfs/hpu/EHT/SANE/288x128x128_IHARM/a+0.94/m_1_1_20/image_SANE_a+0.94_0636_163_0_230.e9_6.2e9_2.65e+27_1_20.dat
         7         0.7273        4.75076        125.658        52.5863        14.3011        32.3411       -1626.49     /gpfs/hpu/EHT/SANE/288x128x128_IHARM/a+0.94/m_1_1_20/image_SANE_a+0.94_0642_163_0_230.e9_6.2e9_2.65e+27_1_20.dat
         8       0.765282        4.41086        140.979        43.0387        11.9613        26.5934       -1376.28     /gpfs/hpu/EHT/SANE/288x128x128_IHARM/a+0.94/m_1_1_20/image_SANE_a+0.94_0648_163_0_230.e9_6.2e9_2.65e+27_1_20.dat
         9       0.708827        4.72313        149.132        21.3114        21.9358        20.9107       -1107.12     /gpfs/hpu/EHT/SANE/288x128x128_IHARM/a+0.94/m_1_1_20/image_SANE_a+0.94_0654_163_0_230.e9_6.2e9_2.65e+27_1_20.dat
        10       0.796207        4.88888        136.754        22.5892        16.5217        18.9108       -1009.34     /gpfs/hpu/EHT/SANE/288x128x128_IHARM/a+0.94/m_1_1_20/image_SANE_a+0.94_0660_163_0_230.e9_6.2e9_2.65e+27_1_20.dat
        11       0.860513        4.92443        125.685        24.1115        21.1575        21.8883       -1137.11     /gpfs/hpu/EHT/SANE/288x128x128_IHARM/a+0.94/m_1_1_20/image_SANE_a+0.94_0666_163_0_230.e9_6.2e9_2.65e+27_1_20.dat
        12         0.9446        4.69703        171.909        25.3072        37.3481        30.2948       -1532.43     /gpfs/hpu/EHT/SANE/288x128x128_IHARM/a+0.94/m_1_1_20/image_SANE_a+0.94_0672_163_0_230.e9_6.2e9_2.65e+27_1_20.dat
        13       0.754767        4.90755         170.72         68.124        9.26366        37.4182       -1851.63     /gpfs/hpu/EHT/SANE/288x128x128_IHARM/a+0.94/m_1_1_20/image_SANE_a+0.94_0678_163_0_230.e9_6.2e9_2.65e+27_1_20.dat
        14       0.815927        5.09249        166.514        20.8421         35.617        27.2989       -1393.35     /gpfs/hpu/EHT/SANE/288x128x128_IHARM/a+0.94/m_1_1_20/image_SANE_a+0.94_0684_163_0_230.e9_6.2e9_2.65e+27_1_20.dat
        15       0.739896        5.10978          119.9        117.143        19.6329        66.1335       -3164.98     /gpfs/hpu/EHT/SANE/288x128x128_IHARM/a+0.94/m_1_1_20/image_SANE_a+0.94_0690_163_0_230.e9_6.2e9_2.65e+27_1_20.dat
        16        0.87909        5.03953        153.056        12.8185        13.0357         12.501       -717.002     /gpfs/hpu/EHT/SANE/288x128x128_IHARM/a+0.94/m_1_1_20/image_SANE_a+0.94_0696_163_0_230.e9_6.2e9_2.65e+27_1_20.dat
        17       0.836587        4.32877         141.29        147.778        16.9864        79.6662       -3801.23     /gpfs/hpu/EHT/SANE/288x128x128_IHARM/a+0.94/m_1_1_20/image_SANE_a+0.94_0702_163_0_230.e9_6.2e9_2.65e+27_1_20.dat
        18        1.02165          5.335        174.137        28.9837        20.0193        23.6938       -1228.34     /gpfs/hpu/EHT/SANE/288x128x128_IHARM/a+0.94/m_1_1_20/image_SANE_a+0.94_0708_163_0_230.e9_6.2e9_2.65e+27_1_20.dat
        19       0.919045         5.1099        146.762        29.6831        28.9255        28.3382       -1435.86     /gpfs/hpu/EHT/SANE/288x128x128_IHARM/a+0.94/m_1_1_20/image_SANE_a+0.94_0714_163_0_230.e9_6.2e9_2.65e+27_1_20.dat
        20       0.869656        4.35266        119.181        98.3986        23.4221        58.9023       -2841.33     /gpfs/hpu/EHT/SANE/288x128x128_IHARM/a+0.94/m_1_1_20/image_SANE_a+0.94_0720_163_0_230.e9_6.2e9_2.65e+27_1_20.dat
        21       0.764846        4.70698        157.248        79.6927        26.2741        51.2367       -2480.77     /gpfs/hpu/EHT/SANE/288x128x128_IHARM/a+0.94/m_1_1_20/image_SANE_a+0.94_0726_163_0_230.e9_6.2e9_2.65e+27_1_20.dat
        22       0.823616        4.51236        139.813        46.7731        17.5132        31.0835       -1564.36     /gpfs/hpu/EHT/SANE/288x128x128_IHARM/a+0.94/m_1_1_20/image_SANE_a+0.94_0732_163_0_230.e9_6.2e9_2.65e+27_1_20.dat
        23       0.801853         4.6732        132.139        70.8797         13.057        40.5847       -1993.52     /gpfs/hpu/EHT/SANE/288x128x128_IHARM/a+0.94/m_1_1_20/image_SANE_a+0.94_0738_163_0_230.e9_6.2e9_2.65e+27_1_20.dat
        24       0.707217        4.88098        154.615        87.8548        53.1309        68.1689       -3259.67     /gpfs/hpu/EHT/SANE/288x128x128_IHARM/a+0.94/m_1_1_20/image_SANE_a+0.94_0744_163_0_230.e9_6.2e9_2.65e+27_1_20.dat
        25       0.774941        4.70131        125.407        63.5882        39.1125        49.6575       -2414.13     /gpfs/hpu/EHT/SANE/288x128x128_IHARM/a+0.94/m_1_1_20/image_SANE_a+0.94_0750_163_0_230.e9_6.2e9_2.65e+27_1_20.dat
        26       0.774376        4.69748         138.36        145.954         23.271        81.8233       -3893.65     /gpfs/hpu/EHT/SANE/288x128x128_IHARM/a+0.94/m_1_1_20/image_SANE_a+0.94_0756_163_0_230.e9_6.2e9_2.65e+27_1_20.dat
        27       0.669699        4.76718        105.784        129.686        24.4675        74.5359       -3559.31     /gpfs/hpu/EHT/SANE/288x128x128_IHARM/a+0.94/m_1_1_20/image_SANE_a+0.94_0762_163_0_230.e9_6.2e9_2.65e+27_1_20.dat
        28       0.677907        5.13909         128.76        126.865        14.2307        68.2221       -3262.25     /gpfs/hpu/EHT/SANE/288x128x128_IHARM/a+0.94/m_1_1_20/image_SANE_a+0.94_0768_163_0_230.e9_6.2e9_2.65e+27_1_20.dat
        29       0.760622         5.0721        112.652        56.4467        35.6615        44.5358       -2183.99     /gpfs/hpu/EHT/SANE/288x128x128_IHARM/a+0.94/m_1_1_20/image_SANE_a+0.94_0774_163_0_230.e9_6.2e9_2.65e+27_1_20.dat
        30       0.712384        4.85093        152.901        77.2963        38.7456        56.1082       -2711.13     /gpfs/hpu/EHT/SANE/288x128x128_IHARM/a+0.94/m_1_1_20/image_SANE_a+0.94_0780_163_0_230.e9_6.2e9_2.65e+27_1_20.dat
        31       0.826739        4.98912        115.239        65.9221        14.8755         39.067       -1940.32     /gpfs/hpu/EHT/SANE/288x128x128_IHARM/a+0.94/m_1_1_20/image_SANE_a+0.94_0786_163_0_230.e9_6.2e9_2.65e+27_1_20.dat
        32       0.735323        4.86979        103.939        47.3925        24.9066        34.9578       -1741.86     /gpfs/hpu/EHT/SANE/288x128x128_IHARM/a+0.94/m_1_1_20/image_SANE_a+0.94_0792_163_0_230.e9_6.2e9_2.65e+27_1_20.dat
        33       0.713213        4.38801        119.916        79.6709        13.5684        45.0828       -2215.76     /gpfs/hpu/EHT/SANE/288x128x128_IHARM/a+0.94/m_1_1_20/image_SANE_a+0.94_0798_163_0_230.e9_6.2e9_2.65e+27_1_20.dat
        34        1.55428        5.77816        100.983        62.0813        44.3542        51.4633       -2515.83     /gpfs/hpu/EHT/SANE/288x128x128_IHARM/a+0.94/m_1_1_20/image_SANE_a+0.94_0804_163_0_230.e9_6.2e9_2.65e+27_1_20.dat
        35       0.930616        5.45688         107.68        29.3249        20.5545        24.1175       -1247.75     /gpfs/hpu/EHT/SANE/288x128x128_IHARM/a+0.94/m_1_1_20/image_SANE_a+0.94_0810_163_0_230.e9_6.2e9_2.65e+27_1_20.dat
        36       0.956522        4.88725        143.222        33.2861        11.7093         21.756       -1146.59     /gpfs/hpu/EHT/SANE/288x128x128_IHARM/a+0.94/m_1_1_20/image_SANE_a+0.94_0816_163_0_230.e9_6.2e9_2.65e+27_1_20.dat
        37       0.854509        5.52825        132.739        45.3283        30.7816        36.8004       -1823.43     /gpfs/hpu/EHT/SANE/288x128x128_IHARM/a+0.94/m_1_1_20/image_SANE_a+0.94_0822_163_0_230.e9_6.2e9_2.65e+27_1_20.dat
        38       0.827689        5.55738        101.833         29.582        25.8491        26.8018       -1367.16     /gpfs/hpu/EHT/SANE/288x128x128_IHARM/a+0.94/m_1_1_20/image_SANE_a+0.94_0828_163_0_230.e9_6.2e9_2.65e+27_1_20.dat
        39        1.24107        5.19339         147.57        64.6468        15.9308        38.9606       -1949.74     /gpfs/hpu/EHT/SANE/288x128x128_IHARM/a+0.94/m_1_1_20/image_SANE_a+0.94_0834_163_0_230.e9_6.2e9_2.65e+27_1_20.dat
        40       0.968035        4.78411        172.546        26.6161        28.4967        26.6479       -1375.85     /gpfs/hpu/EHT/SANE/288x128x128_IHARM/a+0.94/m_1_1_20/image_SANE_a+0.94_0840_163_0_230.e9_6.2e9_2.65e+27_1_20.dat
        41        2.02428        7.11663        136.941        26.4552        33.8412        29.1543       -1498.14     /gpfs/hpu/EHT/SANE/288x128x128_IHARM/a+0.94/m_1_1_20/image_SANE_a+0.94_0846_163_0_230.e9_6.2e9_2.65e+27_1_20.dat
        42        1.14966        6.36074         203.42        59.5356          19.31        38.1231       -1882.84     /gpfs/hpu/EHT/SANE/288x128x128_IHARM/a+0.94/m_1_1_20/image_SANE_a+0.94_0852_163_0_230.e9_6.2e9_2.65e+27_1_20.dat
        43        0.83775        3.61105        182.974        24.1138        62.2018         41.735       -2047.73     /gpfs/hpu/EHT/SANE/288x128x128_IHARM/a+0.94/m_1_1_20/image_SANE_a+0.94_0858_163_0_230.e9_6.2e9_2.65e+27_1_20.dat
        44       0.879902        5.16786        104.689        51.6111        53.7194        50.9291       -2465.48     /gpfs/hpu/EHT/SANE/288x128x128_IHARM/a+0.94/m_1_1_20/image_SANE_a+0.94_0864_163_0_230.e9_6.2e9_2.65e+27_1_20.dat
        45        1.02706        5.36689        114.083        43.4044        32.0125        36.4653       -1812.95     /gpfs/hpu/EHT/SANE/288x128x128_IHARM/a+0.94/m_1_1_20/image_SANE_a+0.94_0870_163_0_230.e9_6.2e9_2.65e+27_1_20.dat
        46        2.30509        6.06656        126.038        36.7427          43.28        38.6923       -1962.55     /gpfs/hpu/EHT/SANE/288x128x128_IHARM/a+0.94/m_1_1_20/image_SANE_a+0.94_0876_163_0_230.e9_6.2e9_2.65e+27_1_20.dat
        47        1.40449        5.70487        136.628        60.9165        17.7472        38.0352       -1913.05     /gpfs/hpu/EHT/SANE/288x128x128_IHARM/a+0.94/m_1_1_20/image_SANE_a+0.94_0882_163_0_230.e9_6.2e9_2.65e+27_1_20.dat
        48       0.790939        5.36192        114.096        95.5294         20.413          56.06       -2718.29     /gpfs/hpu/EHT/SANE/288x128x128_IHARM/a+0.94/m_1_1_20/image_SANE_a+0.94_0888_163_0_230.e9_6.2e9_2.65e+27_1_20.dat
        49        0.92072         6.1327        171.934        60.9588        43.4906         50.503       -2447.57     /gpfs/hpu/EHT/SANE/288x128x128_IHARM/a+0.94/m_1_1_20/image_SANE_a+0.94_0894_163_0_230.e9_6.2e9_2.65e+27_1_20.dat
        50        1.23189        6.87666        173.919        57.5484        22.9195        38.9076       -1926.15     /gpfs/hpu/EHT/SANE/288x128x128_IHARM/a+0.94/m_1_1_20/image_SANE_a+0.94_0900_163_0_230.e9_6.2e9_2.65e+27_1_20.dat
        51        2.68635        7.12624        163.556        71.3284        23.4157        45.8103       -2329.98     /gpfs/hpu/EHT/SANE/288x128x128_IHARM/a+0.94/m_1_1_20/image_SANE_a+0.94_0906_163_0_230.e9_6.2e9_2.65e+27_1_20.dat
        52       0.843109        5.18343        190.867        64.6249        42.9498        52.0141       -2518.45     /gpfs/hpu/EHT/SANE/288x128x128_IHARM/a+0.94/m_1_1_20/image_SANE_a+0.94_0912_163_0_230.e9_6.2e9_2.65e+27_1_20.dat
        53        1.35266        7.71584        134.517        38.7135        29.9639        33.2067       -1672.58     /gpfs/hpu/EHT/SANE/288x128x128_IHARM/a+0.94/m_1_1_20/image_SANE_a+0.94_0918_163_0_230.e9_6.2e9_2.65e+27_1_20.dat
        54       0.782616        4.56084        96.7006        143.315        21.5254        79.7032       -3800.44     /gpfs/hpu/EHT/SANE/288x128x128_IHARM/a+0.94/m_1_1_20/image_SANE_a+0.94_0924_163_0_230.e9_6.2e9_2.65e+27_1_20.dat
        55        1.27831        5.21975        147.117        95.9854         15.047         53.686       -2633.51     /gpfs/hpu/EHT/SANE/288x128x128_IHARM/a+0.94/m_1_1_20/image_SANE_a+0.94_0930_163_0_230.e9_6.2e9_2.65e+27_1_20.dat
        56        2.42519        5.99412        140.402        89.9622        29.1008        57.5689       -2900.43     /gpfs/hpu/EHT/SANE/288x128x128_IHARM/a+0.94/m_1_1_20/image_SANE_a+0.94_0936_163_0_230.e9_6.2e9_2.65e+27_1_20.dat
        57        1.84138        6.12162        144.939        109.247        17.3724        61.2228       -3007.88     /gpfs/hpu/EHT/SANE/288x128x128_IHARM/a+0.94/m_1_1_20/image_SANE_a+0.94_0942_163_0_230.e9_6.2e9_2.65e+27_1_20.dat
        58        2.51371        6.84549        178.261        61.4809        33.4317        45.8918       -2319.58     /gpfs/hpu/EHT/SANE/288x128x128_IHARM/a+0.94/m_1_1_20/image_SANE_a+0.94_0948_163_0_230.e9_6.2e9_2.65e+27_1_20.dat
        59       0.670681        5.01571         194.66        123.066        25.8659        72.0112       -3459.93     /gpfs/hpu/EHT/SANE/288x128x128_IHARM/a+0.94/m_1_1_20/image_SANE_a+0.94_0954_163_0_230.e9_6.2e9_2.65e+27_1_20.dat
        60        2.34655        6.23198          154.8        36.8415        13.2227        24.2069       -1300.26     /gpfs/hpu/EHT/SANE/288x128x128_IHARM/a+0.94/m_1_1_20/image_SANE_a+0.94_0960_163_0_230.e9_6.2e9_2.65e+27_1_20.dat
        61       0.793393        5.62561        199.473        91.2281        14.7833        51.2583        -2489.9     /gpfs/hpu/EHT/SANE/288x128x128_IHARM/a+0.94/m_1_1_20/image_SANE_a+0.94_0966_163_0_230.e9_6.2e9_2.65e+27_1_20.dat
        62       0.696123        5.07002        171.352        131.543        19.0262        72.8029       -3492.95     /gpfs/hpu/EHT/SANE/288x128x128_IHARM/a+0.94/m_1_1_20/image_SANE_a+0.94_0972_163_0_230.e9_6.2e9_2.65e+27_1_20.dat
        63       0.764565        5.11821        157.578        142.605        35.3704        86.0542        -4095.6     /gpfs/hpu/EHT/SANE/288x128x128_IHARM/a+0.94/m_1_1_20/image_SANE_a+0.94_0978_163_0_230.e9_6.2e9_2.65e+27_1_20.dat
        64        1.64892        6.47824        184.281        63.6714        66.4593        62.9204       -3032.19     /gpfs/hpu/EHT/SANE/288x128x128_IHARM/a+0.94/m_1_1_20/image_SANE_a+0.94_0984_163_0_230.e9_6.2e9_2.65e+27_1_20.dat
        65       0.692463        5.04669        186.529        100.694        41.5886        68.7959       -3302.37     /gpfs/hpu/EHT/SANE/288x128x128_IHARM/a+0.94/m_1_1_20/image_SANE_a+0.94_0990_163_0_230.e9_6.2e9_2.65e+27_1_20.dat
        66       0.753044        5.85264        182.714         61.389        72.0657        64.5275       -3086.36     /gpfs/hpu/EHT/SANE/288x128x128_IHARM/a+0.94/m_1_1_20/image_SANE_a+0.94_0996_163_0_230.e9_6.2e9_2.65e+27_1_20.dat
        67        2.07587        7.55611         127.61        74.1602        53.1753        61.5688        -3008.9     /gpfs/hpu/EHT/SANE/288x128x128_IHARM/a+0.94/m_1_1_20/image_SANE_a+0.94_1002_163_0_230.e9_6.2e9_2.65e+27_1_20.dat
        68        2.29177        9.49768        98.0104        25.6759        48.4161        35.8247       -1811.48     /gpfs/hpu/EHT/SANE/288x128x128_IHARM/a+0.94/m_1_1_20/image_SANE_a+0.94_1008_163_0_230.e9_6.2e9_2.65e+27_1_20.dat
        69       0.781978        5.64388        177.425        108.148        30.4306        67.0048       -3208.25     /gpfs/hpu/EHT/SANE/288x128x128_IHARM/a+0.94/m_1_1_20/image_SANE_a+0.94_1014_163_0_230.e9_6.2e9_2.65e+27_1_20.dat
        70       0.726611        5.44561        192.479        62.2243        97.1096        77.0406       -3663.69     /gpfs/hpu/EHT/SANE/288x128x128_IHARM/a+0.94/m_1_1_20/image_SANE_a+0.94_1020_163_0_230.e9_6.2e9_2.65e+27_1_20.dat
        71        3.14421        9.38078        127.114        34.2364         70.792        50.7829       -2689.92     /gpfs/hpu/EHT/SANE/288x128x128_IHARM/a+0.94/m_1_1_20/image_SANE_a+0.94_1026_163_0_230.e9_6.2e9_2.65e+27_1_20.dat
        72       0.812584         5.8256        178.515        95.3762        35.6375        63.3473       -3035.53     /gpfs/hpu/EHT/SANE/288x128x128_IHARM/a+0.94/m_1_1_20/image_SANE_a+0.94_1032_163_0_230.e9_6.2e9_2.65e+27_1_20.dat
        73       0.656247        5.43558         175.73        100.685        41.9541        68.9681       -3305.47     /gpfs/hpu/EHT/SANE/288x128x128_IHARM/a+0.94/m_1_1_20/image_SANE_a+0.94_1038_163_0_230.e9_6.2e9_2.65e+27_1_20.dat
        74       0.687462        4.90882        176.975        141.557         27.427        81.7064       -3907.94     /gpfs/hpu/EHT/SANE/288x128x128_IHARM/a+0.94/m_1_1_20/image_SANE_a+0.94_1044_163_0_230.e9_6.2e9_2.65e+27_1_20.dat
        75        1.09399        5.90986        112.359        160.514        31.8033        92.9884        -4446.1     /gpfs/hpu/EHT/SANE/288x128x128_IHARM/a+0.94/m_1_1_20/image_SANE_a+0.94_1050_163_0_230.e9_6.2e9_2.65e+27_1_20.dat
        76       0.739465        4.95448        180.972         128.32        35.9085        79.4071       -3803.41     /gpfs/hpu/EHT/SANE/288x128x128_IHARM/a+0.94/m_1_1_20/image_SANE_a+0.94_1056_163_0_230.e9_6.2e9_2.65e+27_1_20.dat
        77       0.723593        5.42526        181.908        121.361        30.3031        73.3321       -3513.67     /gpfs/hpu/EHT/SANE/288x128x128_IHARM/a+0.94/m_1_1_20/image_SANE_a+0.94_1062_163_0_230.e9_6.2e9_2.65e+27_1_20.dat
        78       0.667888        5.05802        169.636        138.658        29.9724        81.5355       -3904.92     /gpfs/hpu/EHT/SANE/288x128x128_IHARM/a+0.94/m_1_1_20/image_SANE_a+0.94_1068_163_0_230.e9_6.2e9_2.65e+27_1_20.dat
        79        0.63956        4.96061        176.812        137.676        23.5833        77.9714       -3734.68     /gpfs/hpu/EHT/SANE/288x128x128_IHARM/a+0.94/m_1_1_20/image_SANE_a+0.94_1074_163_0_230.e9_6.2e9_2.65e+27_1_20.dat
        80       0.664883        4.97056        186.705        132.769        29.8698        78.6386        -3764.2     /gpfs/hpu/EHT/SANE/288x128x128_IHARM/a+0.94/m_1_1_20/image_SANE_a+0.94_1080_163_0_230.e9_6.2e9_2.65e+27_1_20.dat
        81       0.703146        4.77881        186.173        132.696        31.1826        79.2382       -3789.85     /gpfs/hpu/EHT/SANE/288x128x128_IHARM/a+0.94/m_1_1_20/image_SANE_a+0.94_1086_163_0_230.e9_6.2e9_2.65e+27_1_20.dat
        82       0.685883        4.53249        181.614        149.444        23.6125        83.6757       -4016.72     /gpfs/hpu/EHT/SANE/288x128x128_IHARM/a+0.94/m_1_1_20/image_SANE_a+0.94_1092_163_0_230.e9_6.2e9_2.65e+27_1_20.dat
        83        0.84019         5.1466        189.166        138.742        9.23443        71.5489       -3447.73     /gpfs/hpu/EHT/SANE/288x128x128_IHARM/a+0.94/m_1_1_20/image_SANE_a+0.94_1098_163_0_230.e9_6.2e9_2.65e+27_1_20.dat
        84        2.75982        8.73203        85.9299        33.6376        85.8547        57.7765       -2835.81     /gpfs/hpu/EHT/SANE/288x128x128_IHARM/a+0.94/m_1_1_20/image_SANE_a+0.94_1104_163_0_230.e9_6.2e9_2.65e+27_1_20.dat
        85        1.06307         8.2734        80.0304        41.3795        58.5289        48.3074       -2339.08     /gpfs/hpu/EHT/SANE/288x128x128_IHARM/a+0.94/m_1_1_20/image_SANE_a+0.94_1110_163_0_230.e9_6.2e9_2.65e+27_1_20.dat
        86        1.50551        7.83872        147.718        49.0871        21.5856        34.1714       -1710.46     /gpfs/hpu/EHT/SANE/288x128x128_IHARM/a+0.94/m_1_1_20/image_SANE_a+0.94_1116_163_0_230.e9_6.2e9_2.65e+27_1_20.dat
        87        1.00277        8.31505        71.0675         43.773        107.542        73.1631       -3481.66     /gpfs/hpu/EHT/SANE/288x128x128_IHARM/a+0.94/m_1_1_20/image_SANE_a+0.94_1122_163_0_230.e9_6.2e9_2.65e+27_1_20.dat
        88        1.29478        8.50717        86.7601        49.9261        138.939        91.3196       -4297.42     /gpfs/hpu/EHT/SANE/288x128x128_IHARM/a+0.94/m_1_1_20/image_SANE_a+0.94_1128_163_0_230.e9_6.2e9_2.65e+27_1_20.dat
        89       0.749184        6.76066        40.9508        91.5913        56.3138        71.5146       -3754.37     /gpfs/hpu/EHT/SANE/288x128x128_IHARM/a+0.94/m_1_1_20/image_SANE_a+0.94_1134_163_0_230.e9_6.2e9_2.65e+27_1_20.dat
        90        1.90982        10.4432        135.335        81.7143        78.6395        77.5337       -3752.52     /gpfs/hpu/EHT/SANE/288x128x128_IHARM/a+0.94/m_1_1_20/image_SANE_a+0.94_1140_163_0_230.e9_6.2e9_2.65e+27_1_20.dat
        91       0.918235        7.49549        119.588        107.583        28.9093        65.9962       -3162.84     /gpfs/hpu/EHT/SANE/288x128x128_IHARM/a+0.94/m_1_1_20/image_SANE_a+0.94_1146_163_0_230.e9_6.2e9_2.65e+27_1_20.dat
        92       0.931409        7.53401        120.777        120.339        24.1192        69.8479        -3342.9     /gpfs/hpu/EHT/SANE/288x128x128_IHARM/a+0.94/m_1_1_20/image_SANE_a+0.94_1152_163_0_230.e9_6.2e9_2.65e+27_1_20.dat
        93        2.38774        11.0871        137.561        59.3236        65.3909        60.3015       -3011.44     /gpfs/hpu/EHT/SANE/288x128x128_IHARM/a+0.94/m_1_1_20/image_SANE_a+0.94_1158_163_0_230.e9_6.2e9_2.65e+27_1_20.dat
        94        2.39626        6.63086         168.89        93.0383        15.2365        52.3527       -2626.68     /gpfs/hpu/EHT/SANE/288x128x128_IHARM/a+0.94/m_1_1_20/image_SANE_a+0.94_1164_163_0_230.e9_6.2e9_2.65e+27_1_20.dat
        95       0.896622        6.23687        169.675        124.834        7.42615          63.95       -3078.47     /gpfs/hpu/EHT/SANE/288x128x128_IHARM/a+0.94/m_1_1_20/image_SANE_a+0.94_1170_163_0_230.e9_6.2e9_2.65e+27_1_20.dat
        96        0.82153        6.16245        189.797        56.4292        28.1479        40.8944       -2007.87     /gpfs/hpu/EHT/SANE/288x128x128_IHARM/a+0.94/m_1_1_20/image_SANE_a+0.94_1176_163_0_230.e9_6.2e9_2.65e+27_1_20.dat
        97       0.614649        5.42444        199.976        103.932        13.3493        56.7072       -2757.05     /gpfs/hpu/EHT/SANE/288x128x128_IHARM/a+0.94/m_1_1_20/image_SANE_a+0.94_1182_163_0_230.e9_6.2e9_2.65e+27_1_20.dat
        98       0.648821        5.91911        177.098        97.1123        29.2395        61.0932       -2938.83     /gpfs/hpu/EHT/SANE/288x128x128_IHARM/a+0.94/m_1_1_20/image_SANE_a+0.94_1188_163_0_230.e9_6.2e9_2.65e+27_1_20.dat
        99       0.806004        6.09135        177.653        104.724        49.1312        74.3916       -3546.74     /gpfs/hpu/EHT/SANE/288x128x128_IHARM/a+0.94/m_1_1_20/image_SANE_a+0.94_1194_163_0_230.e9_6.2e9_2.65e+27_1_20.dat
