   # Index         I (Jy)      M/D (uas)       PA (deg)  VA red. chisq  CP red. chisq     red. chisq     log-liklhd     FileName
         0        1.91153        5.76789        14.8635        48.4465        76.4505         63.439       -4703.27     /gpfs/hpu/EHT2/IHARM_inc-5/MAD_a+0.94_384x192x192_IHARM/m_1_1_1/image_a+0.94_0000_168_0_230.e9_6.2e9_4.00112e+24_1.dat
         1        1.09268        4.24691        214.195        16.4109        39.6813        29.3951       -2404.42     /gpfs/hpu/EHT2/IHARM_inc-5/MAD_a+0.94_384x192x192_IHARM/m_1_1_1/image_a+0.94_0001_168_0_230.e9_6.2e9_4.00112e+24_1.dat
         2        1.04223        3.20866        149.707        14.4537        26.2141        20.8798       -1826.46     /gpfs/hpu/EHT2/IHARM_inc-5/MAD_a+0.94_384x192x192_IHARM/m_1_1_1/image_a+0.94_0002_168_0_230.e9_6.2e9_4.00112e+24_1.dat
         3       0.711547        3.27624        113.112        8.26214        15.4112        12.1801       -1152.65     /gpfs/hpu/EHT2/IHARM_inc-5/MAD_a+0.94_384x192x192_IHARM/m_1_1_1/image_a+0.94_0003_168_0_230.e9_6.2e9_4.00112e+24_1.dat
         4       0.592825        3.68766        148.263        18.7098        23.2177        20.8825       -1767.27     /gpfs/hpu/EHT2/IHARM_inc-5/MAD_a+0.94_384x192x192_IHARM/m_1_1_1/image_a+0.94_0004_168_0_230.e9_6.2e9_4.00112e+24_1.dat
         5       0.468684        3.55358        175.348        14.1951        16.1146        14.9829       -1316.44     /gpfs/hpu/EHT2/IHARM_inc-5/MAD_a+0.94_384x192x192_IHARM/m_1_1_1/image_a+0.94_0005_168_0_230.e9_6.2e9_4.00112e+24_1.dat
         6       0.818492        4.14753        168.598        10.7626        14.5815        12.7154       -1236.05     /gpfs/hpu/EHT2/IHARM_inc-5/MAD_a+0.94_384x192x192_IHARM/m_1_1_1/image_a+0.94_0006_168_0_230.e9_6.2e9_4.00112e+24_1.dat
         7       0.419033        3.59844        169.578        22.4525        19.8155        20.4448       -1679.23     /gpfs/hpu/EHT2/IHARM_inc-5/MAD_a+0.94_384x192x192_IHARM/m_1_1_1/image_a+0.94_0007_168_0_230.e9_6.2e9_4.00112e+24_1.dat
         8       0.515584        3.76011        126.472        20.9088        12.9336        15.8735       -1371.68     /gpfs/hpu/EHT2/IHARM_inc-5/MAD_a+0.94_384x192x192_IHARM/m_1_1_1/image_a+0.94_0008_168_0_230.e9_6.2e9_4.00112e+24_1.dat
         9       0.530644         4.1845        99.1398        9.90515        15.5795        12.9411       -1167.25     /gpfs/hpu/EHT2/IHARM_inc-5/MAD_a+0.94_384x192x192_IHARM/m_1_1_1/image_a+0.94_0009_168_0_230.e9_6.2e9_4.00112e+24_1.dat
        10       0.430522        3.92625        134.351        17.4392        16.2002        16.3439       -1393.14     /gpfs/hpu/EHT2/IHARM_inc-5/MAD_a+0.94_384x192x192_IHARM/m_1_1_1/image_a+0.94_0010_168_0_230.e9_6.2e9_4.00112e+24_1.dat
        11        0.40109         3.9735        75.7286        18.5628        15.0547        16.1414       -1388.54     /gpfs/hpu/EHT2/IHARM_inc-5/MAD_a+0.94_384x192x192_IHARM/m_1_1_1/image_a+0.94_0011_168_0_230.e9_6.2e9_4.00112e+24_1.dat
        12       0.425644        4.05273        60.0153        13.2386        18.3492        15.8777       -1373.28     /gpfs/hpu/EHT2/IHARM_inc-5/MAD_a+0.94_384x192x192_IHARM/m_1_1_1/image_a+0.94_0012_168_0_230.e9_6.2e9_4.00112e+24_1.dat
        13       0.453547        3.83573        126.209        11.1502        17.7596        14.6949       -1303.22     /gpfs/hpu/EHT2/IHARM_inc-5/MAD_a+0.94_384x192x192_IHARM/m_1_1_1/image_a+0.94_0013_168_0_230.e9_6.2e9_4.00112e+24_1.dat
        14       0.416847        3.91142        149.611        14.1414        8.89008        10.8177       -1016.52     /gpfs/hpu/EHT2/IHARM_inc-5/MAD_a+0.94_384x192x192_IHARM/m_1_1_1/image_a+0.94_0014_168_0_230.e9_6.2e9_4.00112e+24_1.dat
        15       0.468104        3.81189        194.389         11.275        12.3986        11.6707       -1114.01     /gpfs/hpu/EHT2/IHARM_inc-5/MAD_a+0.94_384x192x192_IHARM/m_1_1_1/image_a+0.94_0015_168_0_230.e9_6.2e9_4.00112e+24_1.dat
        16       0.430617        3.67414        116.005         21.161        14.6132        16.9389       -1432.05     /gpfs/hpu/EHT2/IHARM_inc-5/MAD_a+0.94_384x192x192_IHARM/m_1_1_1/image_a+0.94_0016_168_0_230.e9_6.2e9_4.00112e+24_1.dat
        17       0.474767        3.74782         164.93        19.4415        9.23551        13.1592        -1185.4     /gpfs/hpu/EHT2/IHARM_inc-5/MAD_a+0.94_384x192x192_IHARM/m_1_1_1/image_a+0.94_0017_168_0_230.e9_6.2e9_4.00112e+24_1.dat
        18       0.540451        3.68138        133.965        21.3108        16.5289        18.0981       -1568.27     /gpfs/hpu/EHT2/IHARM_inc-5/MAD_a+0.94_384x192x192_IHARM/m_1_1_1/image_a+0.94_0018_168_0_230.e9_6.2e9_4.00112e+24_1.dat
        19       0.404336        4.00723        164.363        10.8791        19.4591          15.56       -1354.48     /gpfs/hpu/EHT2/IHARM_inc-5/MAD_a+0.94_384x192x192_IHARM/m_1_1_1/image_a+0.94_0019_168_0_230.e9_6.2e9_4.00112e+24_1.dat
        20       0.455739        3.95114        125.958        9.82572        6.18868        7.52302       -797.862     /gpfs/hpu/EHT2/IHARM_inc-5/MAD_a+0.94_384x192x192_IHARM/m_1_1_1/image_a+0.94_0020_168_0_230.e9_6.2e9_4.00112e+24_1.dat
        21       0.440795        3.95271        145.696        15.9932        11.4063        13.0097       -1186.02     /gpfs/hpu/EHT2/IHARM_inc-5/MAD_a+0.94_384x192x192_IHARM/m_1_1_1/image_a+0.94_0021_168_0_230.e9_6.2e9_4.00112e+24_1.dat
        22       0.395012        3.49751        78.5563        17.7378        18.0494        17.5252       -1469.89     /gpfs/hpu/EHT2/IHARM_inc-5/MAD_a+0.94_384x192x192_IHARM/m_1_1_1/image_a+0.94_0022_168_0_230.e9_6.2e9_4.00112e+24_1.dat
        23       0.516436        3.69915        82.0261        6.74677        13.7395        10.6085       -1011.74     /gpfs/hpu/EHT2/IHARM_inc-5/MAD_a+0.94_384x192x192_IHARM/m_1_1_1/image_a+0.94_0023_168_0_230.e9_6.2e9_4.00112e+24_1.dat
        24       0.593838        4.11206        72.1569        4.96564        13.7373        9.88694       -961.795     /gpfs/hpu/EHT2/IHARM_inc-5/MAD_a+0.94_384x192x192_IHARM/m_1_1_1/image_a+0.94_0024_168_0_230.e9_6.2e9_4.00112e+24_1.dat
        25        1.12595        3.91906        15.5897        20.2202        102.883        67.1834       -5540.51     /gpfs/hpu/EHT2/IHARM_inc-5/MAD_a+0.94_384x192x192_IHARM/m_1_1_1/image_a+0.94_0025_168_0_230.e9_6.2e9_4.00112e+24_1.dat
        26       0.534546        3.59309       -186.853        19.4478        16.9722         17.599       -1490.59     /gpfs/hpu/EHT2/IHARM_inc-5/MAD_a+0.94_384x192x192_IHARM/m_1_1_1/image_a+0.94_0026_168_0_230.e9_6.2e9_4.00112e+24_1.dat
        27       0.521952        3.55924        102.645        36.3042        15.4439        23.5394       -1889.13     /gpfs/hpu/EHT2/IHARM_inc-5/MAD_a+0.94_384x192x192_IHARM/m_1_1_1/image_a+0.94_0027_168_0_230.e9_6.2e9_4.00112e+24_1.dat
        28       0.848384        3.78901        154.869         23.478        10.8217        15.7013       -1421.21     /gpfs/hpu/EHT2/IHARM_inc-5/MAD_a+0.94_384x192x192_IHARM/m_1_1_1/image_a+0.94_0028_168_0_230.e9_6.2e9_4.00112e+24_1.dat
        29       0.507874        3.70305         118.64        23.2215        10.0444        15.1518       -1307.69     /gpfs/hpu/EHT2/IHARM_inc-5/MAD_a+0.94_384x192x192_IHARM/m_1_1_1/image_a+0.94_0029_168_0_230.e9_6.2e9_4.00112e+24_1.dat
        30       0.496296        3.50041        148.377        19.6385        13.5139        15.6927       -1382.41     /gpfs/hpu/EHT2/IHARM_inc-5/MAD_a+0.94_384x192x192_IHARM/m_1_1_1/image_a+0.94_0030_168_0_230.e9_6.2e9_4.00112e+24_1.dat
        31       0.495978         3.7585        146.281        9.37068        11.3427         10.295       -1015.71     /gpfs/hpu/EHT2/IHARM_inc-5/MAD_a+0.94_384x192x192_IHARM/m_1_1_1/image_a+0.94_0031_168_0_230.e9_6.2e9_4.00112e+24_1.dat
        32       0.923989        3.36986        136.753        53.1784        47.9866        49.0277       -3744.84     /gpfs/hpu/EHT2/IHARM_inc-5/MAD_a+0.94_384x192x192_IHARM/m_1_1_1/image_a+0.94_0032_168_0_230.e9_6.2e9_4.00112e+24_1.dat
        33       0.763134        3.65029        141.615        32.9348        17.8171        23.5378       -1962.58     /gpfs/hpu/EHT2/IHARM_inc-5/MAD_a+0.94_384x192x192_IHARM/m_1_1_1/image_a+0.94_0033_168_0_230.e9_6.2e9_4.00112e+24_1.dat
        34       0.698844        3.67994        142.751        10.4905        14.9297        12.8051        -1176.6     /gpfs/hpu/EHT2/IHARM_inc-5/MAD_a+0.94_384x192x192_IHARM/m_1_1_1/image_a+0.94_0034_168_0_230.e9_6.2e9_4.00112e+24_1.dat
        35       0.581238        4.01001        130.271        4.32391        6.60298        5.53564       -671.314     /gpfs/hpu/EHT2/IHARM_inc-5/MAD_a+0.94_384x192x192_IHARM/m_1_1_1/image_a+0.94_0035_168_0_230.e9_6.2e9_4.00112e+24_1.dat
        36        0.67062        3.71335        132.233        10.1438        12.4509        11.2432       -1088.25     /gpfs/hpu/EHT2/IHARM_inc-5/MAD_a+0.94_384x192x192_IHARM/m_1_1_1/image_a+0.94_0036_168_0_230.e9_6.2e9_4.00112e+24_1.dat
        37       0.480269        3.83799        111.874        18.4665        14.5077        15.7887       -1346.95     /gpfs/hpu/EHT2/IHARM_inc-5/MAD_a+0.94_384x192x192_IHARM/m_1_1_1/image_a+0.94_0037_168_0_230.e9_6.2e9_4.00112e+24_1.dat
        38       0.397851         3.9944        169.563        14.5455        15.9229        15.0147          -1334     /gpfs/hpu/EHT2/IHARM_inc-5/MAD_a+0.94_384x192x192_IHARM/m_1_1_1/image_a+0.94_0038_168_0_230.e9_6.2e9_4.00112e+24_1.dat
        39       0.587762        4.10107        30.2885        24.2015        17.7689        19.9784       -1684.18     /gpfs/hpu/EHT2/IHARM_inc-5/MAD_a+0.94_384x192x192_IHARM/m_1_1_1/image_a+0.94_0039_168_0_230.e9_6.2e9_4.00112e+24_1.dat
        40       0.639698        3.97591        15.0575        17.7824        37.1407        28.4927        -2250.3     /gpfs/hpu/EHT2/IHARM_inc-5/MAD_a+0.94_384x192x192_IHARM/m_1_1_1/image_a+0.94_0040_168_0_230.e9_6.2e9_4.00112e+24_1.dat
        41       0.637969        3.35745        126.415        13.5436        40.7239        28.8336       -2386.85     /gpfs/hpu/EHT2/IHARM_inc-5/MAD_a+0.94_384x192x192_IHARM/m_1_1_1/image_a+0.94_0041_168_0_230.e9_6.2e9_4.00112e+24_1.dat
        42       0.687296        4.04716       -11.0189        9.95333        14.6215        12.4111       -1123.56     /gpfs/hpu/EHT2/IHARM_inc-5/MAD_a+0.94_384x192x192_IHARM/m_1_1_1/image_a+0.94_0042_168_0_230.e9_6.2e9_4.00112e+24_1.dat
        43       0.930565        4.37194        88.1428         16.091         84.731        55.1031       -4255.47     /gpfs/hpu/EHT2/IHARM_inc-5/MAD_a+0.94_384x192x192_IHARM/m_1_1_1/image_a+0.94_0043_168_0_230.e9_6.2e9_4.00112e+24_1.dat
        44       0.495824        3.99599        98.5296        9.59314         16.733        13.4764        -1231.9     /gpfs/hpu/EHT2/IHARM_inc-5/MAD_a+0.94_384x192x192_IHARM/m_1_1_1/image_a+0.94_0044_168_0_230.e9_6.2e9_4.00112e+24_1.dat
        45        0.99525        4.05031        117.471        30.0719        85.8964        61.4255       -4800.68     /gpfs/hpu/EHT2/IHARM_inc-5/MAD_a+0.94_384x192x192_IHARM/m_1_1_1/image_a+0.94_0045_168_0_230.e9_6.2e9_4.00112e+24_1.dat
        46        1.06129        3.57821        233.149        14.5522        51.6586        35.5128       -2884.49     /gpfs/hpu/EHT2/IHARM_inc-5/MAD_a+0.94_384x192x192_IHARM/m_1_1_1/image_a+0.94_0046_168_0_230.e9_6.2e9_4.00112e+24_1.dat
        47       0.578966        4.22371        207.594        36.4344        16.8513        24.3992       -1961.14     /gpfs/hpu/EHT2/IHARM_inc-5/MAD_a+0.94_384x192x192_IHARM/m_1_1_1/image_a+0.94_0047_168_0_230.e9_6.2e9_4.00112e+24_1.dat
        48       0.614387        4.12325        184.891        32.9739        16.6709        22.8963       -1902.05     /gpfs/hpu/EHT2/IHARM_inc-5/MAD_a+0.94_384x192x192_IHARM/m_1_1_1/image_a+0.94_0048_168_0_230.e9_6.2e9_4.00112e+24_1.dat
        49         1.0323        4.23222         105.23        31.3522         30.374        30.0996       -2489.57     /gpfs/hpu/EHT2/IHARM_inc-5/MAD_a+0.94_384x192x192_IHARM/m_1_1_1/image_a+0.94_0049_168_0_230.e9_6.2e9_4.00112e+24_1.dat
        50        0.87382        4.22566        84.7148        23.1127        24.1005        23.1694       -1974.65     /gpfs/hpu/EHT2/IHARM_inc-5/MAD_a+0.94_384x192x192_IHARM/m_1_1_1/image_a+0.94_0050_168_0_230.e9_6.2e9_4.00112e+24_1.dat
        51       0.814735        3.76107        146.365        41.0049        14.1531        24.7001       -2058.44     /gpfs/hpu/EHT2/IHARM_inc-5/MAD_a+0.94_384x192x192_IHARM/m_1_1_1/image_a+0.94_0051_168_0_230.e9_6.2e9_4.00112e+24_1.dat
        52       0.748461        3.76367        122.822        69.2316        39.6461        50.7363       -3807.49     /gpfs/hpu/EHT2/IHARM_inc-5/MAD_a+0.94_384x192x192_IHARM/m_1_1_1/image_a+0.94_0052_168_0_230.e9_6.2e9_4.00112e+24_1.dat
        53       0.639544        4.25451        100.117        36.1032        29.1468        31.3171       -2457.11     /gpfs/hpu/EHT2/IHARM_inc-5/MAD_a+0.94_384x192x192_IHARM/m_1_1_1/image_a+0.94_0053_168_0_230.e9_6.2e9_4.00112e+24_1.dat
        54       0.981066        4.72954        122.905         19.303        41.4923        31.6035       -2555.35     /gpfs/hpu/EHT2/IHARM_inc-5/MAD_a+0.94_384x192x192_IHARM/m_1_1_1/image_a+0.94_0054_168_0_230.e9_6.2e9_4.00112e+24_1.dat
        55        0.47274        4.03326        56.7774        8.66102        7.89876        8.03279       -838.334     /gpfs/hpu/EHT2/IHARM_inc-5/MAD_a+0.94_384x192x192_IHARM/m_1_1_1/image_a+0.94_0055_168_0_230.e9_6.2e9_4.00112e+24_1.dat
        56       0.564088         4.3397        55.8649        9.38955        24.4031        17.7931       -1552.54     /gpfs/hpu/EHT2/IHARM_inc-5/MAD_a+0.94_384x192x192_IHARM/m_1_1_1/image_a+0.94_0056_168_0_230.e9_6.2e9_4.00112e+24_1.dat
        57        0.40594        4.05647        137.847        21.7667        13.7289        16.6766          -1410     /gpfs/hpu/EHT2/IHARM_inc-5/MAD_a+0.94_384x192x192_IHARM/m_1_1_1/image_a+0.94_0057_168_0_230.e9_6.2e9_4.00112e+24_1.dat
        58       0.512003        3.96664        173.404        31.2994        12.7753        19.9849       -1685.56     /gpfs/hpu/EHT2/IHARM_inc-5/MAD_a+0.94_384x192x192_IHARM/m_1_1_1/image_a+0.94_0058_168_0_230.e9_6.2e9_4.00112e+24_1.dat
        59       0.385848        3.93336        149.838        12.3875        12.6003        12.2363       -1116.22     /gpfs/hpu/EHT2/IHARM_inc-5/MAD_a+0.94_384x192x192_IHARM/m_1_1_1/image_a+0.94_0059_168_0_230.e9_6.2e9_4.00112e+24_1.dat
        60       0.414198        4.07811        148.728        13.1857         13.177        12.8899       -1172.62     /gpfs/hpu/EHT2/IHARM_inc-5/MAD_a+0.94_384x192x192_IHARM/m_1_1_1/image_a+0.94_0060_168_0_230.e9_6.2e9_4.00112e+24_1.dat
        61       0.436985        3.98033        162.404        13.0472        6.81207        9.18337       -911.181     /gpfs/hpu/EHT2/IHARM_inc-5/MAD_a+0.94_384x192x192_IHARM/m_1_1_1/image_a+0.94_0061_168_0_230.e9_6.2e9_4.00112e+24_1.dat
        62       0.460161        4.11937        55.4279        10.7554        16.4261        13.7705       -1225.99     /gpfs/hpu/EHT2/IHARM_inc-5/MAD_a+0.94_384x192x192_IHARM/m_1_1_1/image_a+0.94_0062_168_0_230.e9_6.2e9_4.00112e+24_1.dat
        63       0.603459        4.08489        21.2875        17.5794        73.7335        49.3977       -3730.23     /gpfs/hpu/EHT2/IHARM_inc-5/MAD_a+0.94_384x192x192_IHARM/m_1_1_1/image_a+0.94_0063_168_0_230.e9_6.2e9_4.00112e+24_1.dat
        64         0.4628        3.97888        125.425        6.43492        14.2643        10.7833       -1017.93     /gpfs/hpu/EHT2/IHARM_inc-5/MAD_a+0.94_384x192x192_IHARM/m_1_1_1/image_a+0.94_0064_168_0_230.e9_6.2e9_4.00112e+24_1.dat
        65       0.502357        3.98325        210.048        12.0531        18.9216        15.7265       -1360.42     /gpfs/hpu/EHT2/IHARM_inc-5/MAD_a+0.94_384x192x192_IHARM/m_1_1_1/image_a+0.94_0065_168_0_230.e9_6.2e9_4.00112e+24_1.dat
        66       0.472876        3.45432        227.006        11.6758        21.2168        16.8903       -1474.41     /gpfs/hpu/EHT2/IHARM_inc-5/MAD_a+0.94_384x192x192_IHARM/m_1_1_1/image_a+0.94_0066_168_0_230.e9_6.2e9_4.00112e+24_1.dat
        67       0.958274         3.5142        219.946        14.9362        130.321        80.7833       -6561.44     /gpfs/hpu/EHT2/IHARM_inc-5/MAD_a+0.94_384x192x192_IHARM/m_1_1_1/image_a+0.94_0067_168_0_230.e9_6.2e9_4.00112e+24_1.dat
        68       0.651879        3.41397        284.242         7.3317        19.3103        14.0401       -1309.94     /gpfs/hpu/EHT2/IHARM_inc-5/MAD_a+0.94_384x192x192_IHARM/m_1_1_1/image_a+0.94_0068_168_0_230.e9_6.2e9_4.00112e+24_1.dat
        69       0.633198        3.38593        133.082         16.573        26.8802        22.1189       -1850.78     /gpfs/hpu/EHT2/IHARM_inc-5/MAD_a+0.94_384x192x192_IHARM/m_1_1_1/image_a+0.94_0069_168_0_230.e9_6.2e9_4.00112e+24_1.dat
        70        0.51811        3.54144        124.932        14.0324        9.73914        11.2605       -1043.72     /gpfs/hpu/EHT2/IHARM_inc-5/MAD_a+0.94_384x192x192_IHARM/m_1_1_1/image_a+0.94_0070_168_0_230.e9_6.2e9_4.00112e+24_1.dat
        71       0.876218         3.8526        133.561        30.5941        12.6068         19.603       -1654.32     /gpfs/hpu/EHT2/IHARM_inc-5/MAD_a+0.94_384x192x192_IHARM/m_1_1_1/image_a+0.94_0071_168_0_230.e9_6.2e9_4.00112e+24_1.dat
        72       0.534857        3.83023        140.073        22.4186        14.7885         17.548       -1497.96     /gpfs/hpu/EHT2/IHARM_inc-5/MAD_a+0.94_384x192x192_IHARM/m_1_1_1/image_a+0.94_0072_168_0_230.e9_6.2e9_4.00112e+24_1.dat
        73       0.623429        3.66676        107.339        20.0912        8.64838        13.0852       -1168.97     /gpfs/hpu/EHT2/IHARM_inc-5/MAD_a+0.94_384x192x192_IHARM/m_1_1_1/image_a+0.94_0073_168_0_230.e9_6.2e9_4.00112e+24_1.dat
        74        0.57656        3.90764        114.613        24.0536        15.5833         18.665       -1552.51     /gpfs/hpu/EHT2/IHARM_inc-5/MAD_a+0.94_384x192x192_IHARM/m_1_1_1/image_a+0.94_0074_168_0_230.e9_6.2e9_4.00112e+24_1.dat
        75       0.636275         3.9618        92.3338        36.1462        18.1052        25.0018       -1996.46     /gpfs/hpu/EHT2/IHARM_inc-5/MAD_a+0.94_384x192x192_IHARM/m_1_1_1/image_a+0.94_0075_168_0_230.e9_6.2e9_4.00112e+24_1.dat
        76       0.817975        3.36829       -70.6589        23.9863        80.5673        55.9081       -4367.82     /gpfs/hpu/EHT2/IHARM_inc-5/MAD_a+0.94_384x192x192_IHARM/m_1_1_1/image_a+0.94_0076_168_0_230.e9_6.2e9_4.00112e+24_1.dat
        77       0.639079        3.78408        177.292        28.1725        20.2292        22.9953       -1915.94     /gpfs/hpu/EHT2/IHARM_inc-5/MAD_a+0.94_384x192x192_IHARM/m_1_1_1/image_a+0.94_0077_168_0_230.e9_6.2e9_4.00112e+24_1.dat
        78       0.629934        4.04609        107.291        9.53791        17.6226        13.9643       -1270.32     /gpfs/hpu/EHT2/IHARM_inc-5/MAD_a+0.94_384x192x192_IHARM/m_1_1_1/image_a+0.94_0078_168_0_230.e9_6.2e9_4.00112e+24_1.dat
        79       0.467724         3.7472        54.9217        8.30994        12.6856        10.6362       -1020.09     /gpfs/hpu/EHT2/IHARM_inc-5/MAD_a+0.94_384x192x192_IHARM/m_1_1_1/image_a+0.94_0079_168_0_230.e9_6.2e9_4.00112e+24_1.dat
        80        1.73109        4.08647        84.3515        13.1577        12.4853        12.4818        -1390.7     /gpfs/hpu/EHT2/IHARM_inc-5/MAD_a+0.94_384x192x192_IHARM/m_1_1_1/image_a+0.94_0080_168_0_230.e9_6.2e9_4.00112e+24_1.dat
        81       0.592387        4.15364         142.56        3.41085        7.91963        5.92153       -723.963     /gpfs/hpu/EHT2/IHARM_inc-5/MAD_a+0.94_384x192x192_IHARM/m_1_1_1/image_a+0.94_0081_168_0_230.e9_6.2e9_4.00112e+24_1.dat
        82       0.514721        3.51389        161.926        20.6185        24.3511        22.3044       -1818.26     /gpfs/hpu/EHT2/IHARM_inc-5/MAD_a+0.94_384x192x192_IHARM/m_1_1_1/image_a+0.94_0082_168_0_230.e9_6.2e9_4.00112e+24_1.dat
        83       0.455874        3.56548        117.207        17.0131        28.6671        23.3217       -1893.28     /gpfs/hpu/EHT2/IHARM_inc-5/MAD_a+0.94_384x192x192_IHARM/m_1_1_1/image_a+0.94_0083_168_0_230.e9_6.2e9_4.00112e+24_1.dat
        84       0.535672        4.08623        119.244        10.3557        25.7236        18.9413       -1599.33     /gpfs/hpu/EHT2/IHARM_inc-5/MAD_a+0.94_384x192x192_IHARM/m_1_1_1/image_a+0.94_0084_168_0_230.e9_6.2e9_4.00112e+24_1.dat
        85       0.654989        3.99336        358.089        5.34515        32.5649        20.8386       -1775.35     /gpfs/hpu/EHT2/IHARM_inc-5/MAD_a+0.94_384x192x192_IHARM/m_1_1_1/image_a+0.94_0085_168_0_230.e9_6.2e9_4.00112e+24_1.dat
        86       0.913485         3.7595         318.16        27.7258        63.5689        47.6713       -3701.97     /gpfs/hpu/EHT2/IHARM_inc-5/MAD_a+0.94_384x192x192_IHARM/m_1_1_1/image_a+0.94_0086_168_0_230.e9_6.2e9_4.00112e+24_1.dat
        87        1.02724        4.17003        110.719        9.89073        22.5608        16.9392       -1699.22     /gpfs/hpu/EHT2/IHARM_inc-5/MAD_a+0.94_384x192x192_IHARM/m_1_1_1/image_a+0.94_0087_168_0_230.e9_6.2e9_4.00112e+24_1.dat
        88       0.759711        3.80347        107.896        17.1128        38.7464        29.1428       -2446.71     /gpfs/hpu/EHT2/IHARM_inc-5/MAD_a+0.94_384x192x192_IHARM/m_1_1_1/image_a+0.94_0088_168_0_230.e9_6.2e9_4.00112e+24_1.dat
        89        0.78877          4.459        9.04382        4.42909        11.2567         8.2472       -857.431     /gpfs/hpu/EHT2/IHARM_inc-5/MAD_a+0.94_384x192x192_IHARM/m_1_1_1/image_a+0.94_0089_168_0_230.e9_6.2e9_4.00112e+24_1.dat
        90       0.803379        3.48218       -73.6563        42.3707        68.9148        56.6599       -4496.14     /gpfs/hpu/EHT2/IHARM_inc-5/MAD_a+0.94_384x192x192_IHARM/m_1_1_1/image_a+0.94_0090_168_0_230.e9_6.2e9_4.00112e+24_1.dat
        91       0.577121        3.53727       -218.938        11.6622        22.6002        17.6782        -1510.3     /gpfs/hpu/EHT2/IHARM_inc-5/MAD_a+0.94_384x192x192_IHARM/m_1_1_1/image_a+0.94_0091_168_0_230.e9_6.2e9_4.00112e+24_1.dat
        92       0.570951        3.53181       -178.162        12.6934        13.5031        12.8778       -1166.53     /gpfs/hpu/EHT2/IHARM_inc-5/MAD_a+0.94_384x192x192_IHARM/m_1_1_1/image_a+0.94_0092_168_0_230.e9_6.2e9_4.00112e+24_1.dat
        93       0.558074         3.8263       -212.313        18.4806        12.3138        14.5361       -1268.66     /gpfs/hpu/EHT2/IHARM_inc-5/MAD_a+0.94_384x192x192_IHARM/m_1_1_1/image_a+0.94_0093_168_0_230.e9_6.2e9_4.00112e+24_1.dat
        94        0.58859        3.71013       -232.268        6.52994        7.96133        7.20684       -784.258     /gpfs/hpu/EHT2/IHARM_inc-5/MAD_a+0.94_384x192x192_IHARM/m_1_1_1/image_a+0.94_0094_168_0_230.e9_6.2e9_4.00112e+24_1.dat
        95       0.573151         4.0274       -223.182        16.1164        25.9677        21.4109       -1773.19     /gpfs/hpu/EHT2/IHARM_inc-5/MAD_a+0.94_384x192x192_IHARM/m_1_1_1/image_a+0.94_0095_168_0_230.e9_6.2e9_4.00112e+24_1.dat
        96       0.454778        4.07588       -250.129        11.0606        7.28798         8.6529       -861.926     /gpfs/hpu/EHT2/IHARM_inc-5/MAD_a+0.94_384x192x192_IHARM/m_1_1_1/image_a+0.94_0096_168_0_230.e9_6.2e9_4.00112e+24_1.dat
        97       0.417588        3.93532        -187.36        6.06208        10.0928        8.24011       -854.489     /gpfs/hpu/EHT2/IHARM_inc-5/MAD_a+0.94_384x192x192_IHARM/m_1_1_1/image_a+0.94_0097_168_0_230.e9_6.2e9_4.00112e+24_1.dat
        98       0.665031        3.92714       -205.241        16.2611         7.6492        10.9632       -1050.81     /gpfs/hpu/EHT2/IHARM_inc-5/MAD_a+0.94_384x192x192_IHARM/m_1_1_1/image_a+0.94_0098_168_0_230.e9_6.2e9_4.00112e+24_1.dat
        99       0.576387         3.7969        -169.65        19.4349        10.3182        13.7775       -1273.03     /gpfs/hpu/EHT2/IHARM_inc-5/MAD_a+0.94_384x192x192_IHARM/m_1_1_1/image_a+0.94_0099_168_0_230.e9_6.2e9_4.00112e+24_1.dat
