   # Index         I (Jy)      M/D (uas)       PA (deg)  VA red. chisq  CP red. chisq     red. chisq     log-liklhd     FileName
         0        1.30339        4.10645       -245.869        15.0072         28.265        22.1241       -2542.86     /gpfs/hpu/EHT2/IHARM/MAD/MAD_a-0.5_384x192x192_IHARM/m_1_1_1/image_a-0.5_0000_17_0_230.e9_6.2e9_1.03238e+25_1.dat
         1        1.20447        2.59704       -122.881        21.1036        32.8056        27.2632       -3889.27     /gpfs/hpu/EHT2/IHARM/MAD/MAD_a-0.5_384x192x192_IHARM/m_1_1_1/image_a-0.5_0001_17_0_230.e9_6.2e9_1.03238e+25_1.dat
         2       0.935351        2.60849        168.492        22.7774        101.314        65.9644       -7249.39     /gpfs/hpu/EHT2/IHARM/MAD/MAD_a-0.5_384x192x192_IHARM/m_1_1_1/image_a-0.5_0002_17_0_230.e9_6.2e9_1.03238e+25_1.dat
         3       0.686674        2.31077        103.365        9.16054        126.118        73.8596       -8029.67     /gpfs/hpu/EHT2/IHARM/MAD/MAD_a-0.5_384x192x192_IHARM/m_1_1_1/image_a-0.5_0003_17_0_230.e9_6.2e9_1.03238e+25_1.dat
         4        1.40991        4.55564        96.2426        23.7186        42.4716        33.7467       -3692.33     /gpfs/hpu/EHT2/IHARM/MAD/MAD_a-0.5_384x192x192_IHARM/m_1_1_1/image_a-0.5_0004_17_0_230.e9_6.2e9_1.03238e+25_1.dat
         5        2.94031        4.56868        105.148        12.7896        77.8005        48.6331       -5127.57     /gpfs/hpu/EHT2/IHARM/MAD/MAD_a-0.5_384x192x192_IHARM/m_1_1_1/image_a-0.5_0005_17_0_230.e9_6.2e9_1.03238e+25_1.dat
         6       0.995339        4.01911        139.068        5.55362        39.7335        24.4168       -2669.37     /gpfs/hpu/EHT2/IHARM/MAD/MAD_a-0.5_384x192x192_IHARM/m_1_1_1/image_a-0.5_0006_17_0_230.e9_6.2e9_1.03238e+25_1.dat
         7       0.891059        3.86127        86.9916        10.9966        15.5769         13.365       -1639.45     /gpfs/hpu/EHT2/IHARM/MAD/MAD_a-0.5_384x192x192_IHARM/m_1_1_1/image_a-0.5_0007_17_0_230.e9_6.2e9_1.03238e+25_1.dat
         8       0.963506        3.75009        164.776        7.94175        12.4338        10.3087       -1391.98     /gpfs/hpu/EHT2/IHARM/MAD/MAD_a-0.5_384x192x192_IHARM/m_1_1_1/image_a-0.5_0008_17_0_230.e9_6.2e9_1.03238e+25_1.dat
         9        0.82122        3.68213        193.772        21.0193        7.52917        13.2136       -1879.79     /gpfs/hpu/EHT2/IHARM/MAD/MAD_a-0.5_384x192x192_IHARM/m_1_1_1/image_a-0.5_0009_17_0_230.e9_6.2e9_1.03238e+25_1.dat
        10       0.740833        3.51881        212.433        5.89199        5.19757        5.41541       -870.995     /gpfs/hpu/EHT2/IHARM/MAD/MAD_a-0.5_384x192x192_IHARM/m_1_1_1/image_a-0.5_0010_17_0_230.e9_6.2e9_1.03238e+25_1.dat
        11        1.66675        4.61048        203.471        20.6355        52.2686        37.8523       -4160.64     /gpfs/hpu/EHT2/IHARM/MAD/MAD_a-0.5_384x192x192_IHARM/m_1_1_1/image_a-0.5_0011_17_0_230.e9_6.2e9_1.03238e+25_1.dat
        12        1.05779        2.72665        340.703        38.2476        45.7159        41.7935       -4429.52     /gpfs/hpu/EHT2/IHARM/MAD/MAD_a-0.5_384x192x192_IHARM/m_1_1_1/image_a-0.5_0012_17_0_230.e9_6.2e9_1.03238e+25_1.dat
        13       0.872598        3.90153        246.685        44.6166        105.994        77.9508       -7837.87     /gpfs/hpu/EHT2/IHARM/MAD/MAD_a-0.5_384x192x192_IHARM/m_1_1_1/image_a-0.5_0013_17_0_230.e9_6.2e9_1.03238e+25_1.dat
        14       0.966998        2.95579        280.365        29.8438        20.9848        24.4685       -2689.31     /gpfs/hpu/EHT2/IHARM/MAD/MAD_a-0.5_384x192x192_IHARM/m_1_1_1/image_a-0.5_0014_17_0_230.e9_6.2e9_1.03238e+25_1.dat
        15        1.90009        4.31746        233.891        8.31832        39.9141        25.7059       -4159.95     /gpfs/hpu/EHT2/IHARM/MAD/MAD_a-0.5_384x192x192_IHARM/m_1_1_1/image_a-0.5_0015_17_0_230.e9_6.2e9_1.03238e+25_1.dat
        16        1.77883        2.76193       -27.8749        27.5293        21.8493        23.9524       -2833.61     /gpfs/hpu/EHT2/IHARM/MAD/MAD_a-0.5_384x192x192_IHARM/m_1_1_1/image_a-0.5_0016_17_0_230.e9_6.2e9_1.03238e+25_1.dat
        17        1.58586        4.13174       -67.2045         18.801        117.743        73.3628        -7474.3     /gpfs/hpu/EHT2/IHARM/MAD/MAD_a-0.5_384x192x192_IHARM/m_1_1_1/image_a-0.5_0017_17_0_230.e9_6.2e9_1.03238e+25_1.dat
        18         1.3414        3.77779       -53.4509        24.4578        50.2432        38.3732       -4154.28     /gpfs/hpu/EHT2/IHARM/MAD/MAD_a-0.5_384x192x192_IHARM/m_1_1_1/image_a-0.5_0018_17_0_230.e9_6.2e9_1.03238e+25_1.dat
        19        0.76101        2.95591       -140.635        8.46506        29.8001        20.1617       -2735.51     /gpfs/hpu/EHT2/IHARM/MAD/MAD_a-0.5_384x192x192_IHARM/m_1_1_1/image_a-0.5_0019_17_0_230.e9_6.2e9_1.03238e+25_1.dat
        20       0.886843        3.13717       -69.5686         4.5712        15.5553        10.5898       -1401.95     /gpfs/hpu/EHT2/IHARM/MAD/MAD_a-0.5_384x192x192_IHARM/m_1_1_1/image_a-0.5_0020_17_0_230.e9_6.2e9_1.03238e+25_1.dat
        21        1.23361        2.87602       -60.4847        37.4465        53.3493         45.681       -5167.68     /gpfs/hpu/EHT2/IHARM/MAD/MAD_a-0.5_384x192x192_IHARM/m_1_1_1/image_a-0.5_0021_17_0_230.e9_6.2e9_1.03238e+25_1.dat
        22        1.41394        2.78396       -37.0866        43.6363        164.251        109.827       -11622.7     /gpfs/hpu/EHT2/IHARM/MAD/MAD_a-0.5_384x192x192_IHARM/m_1_1_1/image_a-0.5_0022_17_0_230.e9_6.2e9_1.03238e+25_1.dat
        23       0.624043        3.43306         46.188        40.0302        50.6816        45.3132       -4724.73     /gpfs/hpu/EHT2/IHARM/MAD/MAD_a-0.5_384x192x192_IHARM/m_1_1_1/image_a-0.5_0023_17_0_230.e9_6.2e9_1.03238e+25_1.dat
        24       0.534635        3.73147        75.3976        9.33445        20.8707        15.5851        -1850.1     /gpfs/hpu/EHT2/IHARM/MAD/MAD_a-0.5_384x192x192_IHARM/m_1_1_1/image_a-0.5_0024_17_0_230.e9_6.2e9_1.03238e+25_1.dat
        25       0.897756        4.13157        85.2985        8.56215        28.0971        19.2593       -2341.55     /gpfs/hpu/EHT2/IHARM/MAD/MAD_a-0.5_384x192x192_IHARM/m_1_1_1/image_a-0.5_0025_17_0_230.e9_6.2e9_1.03238e+25_1.dat
        26       0.657745        3.49638        100.408        28.3081        20.4169        23.4932       -2587.14     /gpfs/hpu/EHT2/IHARM/MAD/MAD_a-0.5_384x192x192_IHARM/m_1_1_1/image_a-0.5_0026_17_0_230.e9_6.2e9_1.03238e+25_1.dat
        27         1.1223        4.34963         161.67        11.3432        30.2704        21.6602       -2439.52     /gpfs/hpu/EHT2/IHARM/MAD/MAD_a-0.5_384x192x192_IHARM/m_1_1_1/image_a-0.5_0027_17_0_230.e9_6.2e9_1.03238e+25_1.dat
        28       0.732105        3.90791        200.451        20.0923        55.6183        39.4758       -4150.36     /gpfs/hpu/EHT2/IHARM/MAD/MAD_a-0.5_384x192x192_IHARM/m_1_1_1/image_a-0.5_0028_17_0_230.e9_6.2e9_1.03238e+25_1.dat
        29          1.018        4.04806        74.6336        26.3677        18.9941        21.8699       -2450.03     /gpfs/hpu/EHT2/IHARM/MAD/MAD_a-0.5_384x192x192_IHARM/m_1_1_1/image_a-0.5_0029_17_0_230.e9_6.2e9_1.03238e+25_1.dat
        30       0.633839         3.7851        105.807        15.7001        17.9504        16.7037       -2198.49     /gpfs/hpu/EHT2/IHARM/MAD/MAD_a-0.5_384x192x192_IHARM/m_1_1_1/image_a-0.5_0030_17_0_230.e9_6.2e9_1.03238e+25_1.dat
        31         0.6366         3.7189        143.134        30.3737        40.7947         35.679       -3817.12     /gpfs/hpu/EHT2/IHARM/MAD/MAD_a-0.5_384x192x192_IHARM/m_1_1_1/image_a-0.5_0031_17_0_230.e9_6.2e9_1.03238e+25_1.dat
        32       0.526591        3.43875        176.233        21.3262        28.7082        25.0873       -2749.61     /gpfs/hpu/EHT2/IHARM/MAD/MAD_a-0.5_384x192x192_IHARM/m_1_1_1/image_a-0.5_0032_17_0_230.e9_6.2e9_1.03238e+25_1.dat
        33       0.668832        3.66412        90.8005        10.7731        35.2442        24.1726       -2742.38     /gpfs/hpu/EHT2/IHARM/MAD/MAD_a-0.5_384x192x192_IHARM/m_1_1_1/image_a-0.5_0033_17_0_230.e9_6.2e9_1.03238e+25_1.dat
        34       0.883644         3.7555         217.37        9.72284        19.1142        14.7783       -1807.82     /gpfs/hpu/EHT2/IHARM/MAD/MAD_a-0.5_384x192x192_IHARM/m_1_1_1/image_a-0.5_0034_17_0_230.e9_6.2e9_1.03238e+25_1.dat
        35        0.71114        3.60597        270.483        12.5716        15.3226        13.9013       -1707.71     /gpfs/hpu/EHT2/IHARM/MAD/MAD_a-0.5_384x192x192_IHARM/m_1_1_1/image_a-0.5_0035_17_0_230.e9_6.2e9_1.03238e+25_1.dat
        36       0.628416        3.33038        307.639        11.0058        20.0296        15.8376       -1882.91     /gpfs/hpu/EHT2/IHARM/MAD/MAD_a-0.5_384x192x192_IHARM/m_1_1_1/image_a-0.5_0036_17_0_230.e9_6.2e9_1.03238e+25_1.dat
        37       0.453945        3.51512         197.64        9.65285         14.736        12.3209       -1511.55     /gpfs/hpu/EHT2/IHARM/MAD/MAD_a-0.5_384x192x192_IHARM/m_1_1_1/image_a-0.5_0037_17_0_230.e9_6.2e9_1.03238e+25_1.dat
        38       0.596263        3.67001        314.486        22.5327         20.876         21.264       -2550.92     /gpfs/hpu/EHT2/IHARM/MAD/MAD_a-0.5_384x192x192_IHARM/m_1_1_1/image_a-0.5_0038_17_0_230.e9_6.2e9_1.03238e+25_1.dat
        39       0.495353        3.59888        221.417        5.22251        25.0037        16.1081       -1878.67     /gpfs/hpu/EHT2/IHARM/MAD/MAD_a-0.5_384x192x192_IHARM/m_1_1_1/image_a-0.5_0039_17_0_230.e9_6.2e9_1.03238e+25_1.dat
        40        1.03964        3.88727        307.517        24.6477        29.5711        26.9941       -3045.28     /gpfs/hpu/EHT2/IHARM/MAD/MAD_a-0.5_384x192x192_IHARM/m_1_1_1/image_a-0.5_0040_17_0_230.e9_6.2e9_1.03238e+25_1.dat
        41        0.81388        3.70046       -22.0007        24.6891        210.436        127.284       -12633.6     /gpfs/hpu/EHT2/IHARM/MAD/MAD_a-0.5_384x192x192_IHARM/m_1_1_1/image_a-0.5_0041_17_0_230.e9_6.2e9_1.03238e+25_1.dat
        42        1.10953        3.98297       -63.4116        39.4625        111.164        78.6005       -9598.56     /gpfs/hpu/EHT2/IHARM/MAD/MAD_a-0.5_384x192x192_IHARM/m_1_1_1/image_a-0.5_0042_17_0_230.e9_6.2e9_1.03238e+25_1.dat
        43       0.867633        3.78592       -46.4053        14.4287        29.5722           22.6       -2542.95     /gpfs/hpu/EHT2/IHARM/MAD/MAD_a-0.5_384x192x192_IHARM/m_1_1_1/image_a-0.5_0043_17_0_230.e9_6.2e9_1.03238e+25_1.dat
        44        1.55401        3.91671       -77.9238        19.6286        46.7523         34.361       -4045.27     /gpfs/hpu/EHT2/IHARM/MAD/MAD_a-0.5_384x192x192_IHARM/m_1_1_1/image_a-0.5_0044_17_0_230.e9_6.2e9_1.03238e+25_1.dat
        45       0.861527        3.81424        109.001        39.9328        128.838        88.6015       -13150.3     /gpfs/hpu/EHT2/IHARM/MAD/MAD_a-0.5_384x192x192_IHARM/m_1_1_1/image_a-0.5_0045_17_0_230.e9_6.2e9_1.03238e+25_1.dat
        46       0.788012        3.53746       -8.43151        38.2867        22.2468         28.799       -3285.21     /gpfs/hpu/EHT2/IHARM/MAD/MAD_a-0.5_384x192x192_IHARM/m_1_1_1/image_a-0.5_0046_17_0_230.e9_6.2e9_1.03238e+25_1.dat
        47        0.59604        3.71768       -10.5773        43.7762        33.8042        37.5672       -4166.23     /gpfs/hpu/EHT2/IHARM/MAD/MAD_a-0.5_384x192x192_IHARM/m_1_1_1/image_a-0.5_0047_17_0_230.e9_6.2e9_1.03238e+25_1.dat
        48       0.691569        3.94068        38.3177         8.7828        6.30019        7.26991       -1006.61     /gpfs/hpu/EHT2/IHARM/MAD/MAD_a-0.5_384x192x192_IHARM/m_1_1_1/image_a-0.5_0048_17_0_230.e9_6.2e9_1.03238e+25_1.dat
        49       0.842743        3.97366        35.8026        21.1287        16.1829        18.0583       -2072.28     /gpfs/hpu/EHT2/IHARM/MAD/MAD_a-0.5_384x192x192_IHARM/m_1_1_1/image_a-0.5_0049_17_0_230.e9_6.2e9_1.03238e+25_1.dat
        50       0.681277        3.78625        28.9063        3.58911        25.3099        15.5754        -1853.9     /gpfs/hpu/EHT2/IHARM/MAD/MAD_a-0.5_384x192x192_IHARM/m_1_1_1/image_a-0.5_0050_17_0_230.e9_6.2e9_1.03238e+25_1.dat
        51       0.597687        3.97833        99.5231        26.1154         37.197        31.8531       -3575.57     /gpfs/hpu/EHT2/IHARM/MAD/MAD_a-0.5_384x192x192_IHARM/m_1_1_1/image_a-0.5_0051_17_0_230.e9_6.2e9_1.03238e+25_1.dat
        52       0.635206        4.40713        48.1856        25.1871        120.845        77.8284       -9265.95     /gpfs/hpu/EHT2/IHARM/MAD/MAD_a-0.5_384x192x192_IHARM/m_1_1_1/image_a-0.5_0052_17_0_230.e9_6.2e9_1.03238e+25_1.dat
        53       0.459358        3.59191        58.8466        7.32392        21.0349        14.8115       -1804.35     /gpfs/hpu/EHT2/IHARM/MAD/MAD_a-0.5_384x192x192_IHARM/m_1_1_1/image_a-0.5_0053_17_0_230.e9_6.2e9_1.03238e+25_1.dat
        54       0.652638        3.49562        102.273        11.9326        48.4259        31.9792       -3428.57     /gpfs/hpu/EHT2/IHARM/MAD/MAD_a-0.5_384x192x192_IHARM/m_1_1_1/image_a-0.5_0054_17_0_230.e9_6.2e9_1.03238e+25_1.dat
        55        0.49718        3.47669       -18.1282        9.31686        14.8622        12.2464       -1523.65     /gpfs/hpu/EHT2/IHARM/MAD/MAD_a-0.5_384x192x192_IHARM/m_1_1_1/image_a-0.5_0055_17_0_230.e9_6.2e9_1.03238e+25_1.dat
        56       0.497181        3.69195        -4.3584        10.2875        25.5995        18.6167       -2209.21     /gpfs/hpu/EHT2/IHARM/MAD/MAD_a-0.5_384x192x192_IHARM/m_1_1_1/image_a-0.5_0056_17_0_230.e9_6.2e9_1.03238e+25_1.dat
        57       0.846782         3.9901       -336.641        21.4541         26.344        23.8316       -2963.51     /gpfs/hpu/EHT2/IHARM/MAD/MAD_a-0.5_384x192x192_IHARM/m_1_1_1/image_a-0.5_0057_17_0_230.e9_6.2e9_1.03238e+25_1.dat
        58       0.647533        3.69812       -320.096        17.9467        68.1483        45.4997       -4894.85     /gpfs/hpu/EHT2/IHARM/MAD/MAD_a-0.5_384x192x192_IHARM/m_1_1_1/image_a-0.5_0058_17_0_230.e9_6.2e9_1.03238e+25_1.dat
        59        0.52683        3.57835       -325.966        12.9206        16.4156        14.6574       -1721.66     /gpfs/hpu/EHT2/IHARM/MAD/MAD_a-0.5_384x192x192_IHARM/m_1_1_1/image_a-0.5_0059_17_0_230.e9_6.2e9_1.03238e+25_1.dat
        60        0.68716        3.89639       -299.221        5.36139        50.3967        30.2458       -3320.86     /gpfs/hpu/EHT2/IHARM/MAD/MAD_a-0.5_384x192x192_IHARM/m_1_1_1/image_a-0.5_0060_17_0_230.e9_6.2e9_1.03238e+25_1.dat
        61       0.677367        3.86946       -304.006        10.5747        72.4329        44.7048       -5416.47     /gpfs/hpu/EHT2/IHARM/MAD/MAD_a-0.5_384x192x192_IHARM/m_1_1_1/image_a-0.5_0061_17_0_230.e9_6.2e9_1.03238e+25_1.dat
        62       0.417953        3.69634       -287.321        7.04541        19.3532        13.7594       -1713.86     /gpfs/hpu/EHT2/IHARM/MAD/MAD_a-0.5_384x192x192_IHARM/m_1_1_1/image_a-0.5_0062_17_0_230.e9_6.2e9_1.03238e+25_1.dat
        63       0.543104        3.49218       -261.494        26.0841        33.0858        29.5604       -3718.89     /gpfs/hpu/EHT2/IHARM/MAD/MAD_a-0.5_384x192x192_IHARM/m_1_1_1/image_a-0.5_0063_17_0_230.e9_6.2e9_1.03238e+25_1.dat
        64       0.960408        3.97549       -210.364        19.9664        26.5329        23.2965       -3215.29     /gpfs/hpu/EHT2/IHARM/MAD/MAD_a-0.5_384x192x192_IHARM/m_1_1_1/image_a-0.5_0064_17_0_230.e9_6.2e9_1.03238e+25_1.dat
        65       0.830369        4.13023       -191.278        12.0985        27.1771        20.2701       -2349.14     /gpfs/hpu/EHT2/IHARM/MAD/MAD_a-0.5_384x192x192_IHARM/m_1_1_1/image_a-0.5_0065_17_0_230.e9_6.2e9_1.03238e+25_1.dat
        66       0.614483        3.91869       -167.415        14.6938        38.3603        27.5862       -3001.22     /gpfs/hpu/EHT2/IHARM/MAD/MAD_a-0.5_384x192x192_IHARM/m_1_1_1/image_a-0.5_0066_17_0_230.e9_6.2e9_1.03238e+25_1.dat
        67       0.963397         3.9239        -125.83        11.3911        26.7703        19.7403       -2532.22     /gpfs/hpu/EHT2/IHARM/MAD/MAD_a-0.5_384x192x192_IHARM/m_1_1_1/image_a-0.5_0067_17_0_230.e9_6.2e9_1.03238e+25_1.dat
        68        1.13199        3.69533       -92.9749        45.8017        27.2001         34.777       -3780.65     /gpfs/hpu/EHT2/IHARM/MAD/MAD_a-0.5_384x192x192_IHARM/m_1_1_1/image_a-0.5_0068_17_0_230.e9_6.2e9_1.03238e+25_1.dat
        69       0.832024        4.05051       -60.2877        7.57504         35.191        22.7677       -2809.77     /gpfs/hpu/EHT2/IHARM/MAD/MAD_a-0.5_384x192x192_IHARM/m_1_1_1/image_a-0.5_0069_17_0_230.e9_6.2e9_1.03238e+25_1.dat
        70       0.825884        3.51221       -44.1266        34.3437        36.9386        35.2485       -3768.42     /gpfs/hpu/EHT2/IHARM/MAD/MAD_a-0.5_384x192x192_IHARM/m_1_1_1/image_a-0.5_0070_17_0_230.e9_6.2e9_1.03238e+25_1.dat
        71       0.495249        3.16738       -20.9456        22.4421        32.7631        27.8153        -3010.7     /gpfs/hpu/EHT2/IHARM/MAD/MAD_a-0.5_384x192x192_IHARM/m_1_1_1/image_a-0.5_0071_17_0_230.e9_6.2e9_1.03238e+25_1.dat
        72       0.823071        3.90809       -129.988        21.0036        29.4836        25.3785       -2833.98     /gpfs/hpu/EHT2/IHARM/MAD/MAD_a-0.5_384x192x192_IHARM/m_1_1_1/image_a-0.5_0072_17_0_230.e9_6.2e9_1.03238e+25_1.dat
        73       0.489145        3.75908        23.1974        5.71779        30.9089         19.595       -2203.05     /gpfs/hpu/EHT2/IHARM/MAD/MAD_a-0.5_384x192x192_IHARM/m_1_1_1/image_a-0.5_0073_17_0_230.e9_6.2e9_1.03238e+25_1.dat
        74       0.482133        3.68124        31.4813        11.3017        21.1981        16.6126       -1894.46     /gpfs/hpu/EHT2/IHARM/MAD/MAD_a-0.5_384x192x192_IHARM/m_1_1_1/image_a-0.5_0074_17_0_230.e9_6.2e9_1.03238e+25_1.dat
        75       0.576611        3.67481       -24.8314         4.5404        7.87499        6.31853       -922.531     /gpfs/hpu/EHT2/IHARM/MAD/MAD_a-0.5_384x192x192_IHARM/m_1_1_1/image_a-0.5_0075_17_0_230.e9_6.2e9_1.03238e+25_1.dat
        76       0.707196        4.04909       -189.999        8.09678         40.356        25.8555       -2860.64     /gpfs/hpu/EHT2/IHARM/MAD/MAD_a-0.5_384x192x192_IHARM/m_1_1_1/image_a-0.5_0076_17_0_230.e9_6.2e9_1.03238e+25_1.dat
        77       0.571624        3.91139       -176.892        5.03995        10.6046        8.04668       -1107.48     /gpfs/hpu/EHT2/IHARM/MAD/MAD_a-0.5_384x192x192_IHARM/m_1_1_1/image_a-0.5_0077_17_0_230.e9_6.2e9_1.03238e+25_1.dat
        78       0.679432        4.04734       -204.725        9.96128        29.0922        20.4127       -2393.64     /gpfs/hpu/EHT2/IHARM/MAD/MAD_a-0.5_384x192x192_IHARM/m_1_1_1/image_a-0.5_0078_17_0_230.e9_6.2e9_1.03238e+25_1.dat
        79       0.694169        4.28059       -184.502        22.0666        53.8597        39.3498       -4221.77     /gpfs/hpu/EHT2/IHARM/MAD/MAD_a-0.5_384x192x192_IHARM/m_1_1_1/image_a-0.5_0079_17_0_230.e9_6.2e9_1.03238e+25_1.dat
        80       0.700262        3.76054       -134.987        13.9655        26.1315        20.4933       -2322.39     /gpfs/hpu/EHT2/IHARM/MAD/MAD_a-0.5_384x192x192_IHARM/m_1_1_1/image_a-0.5_0080_17_0_230.e9_6.2e9_1.03238e+25_1.dat
        81        1.45315        4.37486       -128.931        10.5067        73.7951        45.4307       -5890.88     /gpfs/hpu/EHT2/IHARM/MAD/MAD_a-0.5_384x192x192_IHARM/m_1_1_1/image_a-0.5_0081_17_0_230.e9_6.2e9_1.03238e+25_1.dat
        82        2.10088        6.04569       -79.2279         176.83        139.535        153.405         -15275     /gpfs/hpu/EHT2/IHARM/MAD/MAD_a-0.5_384x192x192_IHARM/m_1_1_1/image_a-0.5_0082_17_0_230.e9_6.2e9_1.03238e+25_1.dat
        83       0.885197        3.72236       -89.0708        31.1395        37.9868        34.4516       -3643.52     /gpfs/hpu/EHT2/IHARM/MAD/MAD_a-0.5_384x192x192_IHARM/m_1_1_1/image_a-0.5_0083_17_0_230.e9_6.2e9_1.03238e+25_1.dat
        84       0.655063        3.89645       -81.5503        11.2681        11.0954        10.9972        -1405.7     /gpfs/hpu/EHT2/IHARM/MAD/MAD_a-0.5_384x192x192_IHARM/m_1_1_1/image_a-0.5_0084_17_0_230.e9_6.2e9_1.03238e+25_1.dat
        85       0.523054        3.63894        64.9274        2.18723        21.2307         12.711       -1563.52     /gpfs/hpu/EHT2/IHARM/MAD/MAD_a-0.5_384x192x192_IHARM/m_1_1_1/image_a-0.5_0085_17_0_230.e9_6.2e9_1.03238e+25_1.dat
        86       0.505022        3.45781         79.454        1.64106        10.3016        6.41698       -949.583     /gpfs/hpu/EHT2/IHARM/MAD/MAD_a-0.5_384x192x192_IHARM/m_1_1_1/image_a-0.5_0086_17_0_230.e9_6.2e9_1.03238e+25_1.dat
        87       0.525706        3.46808        79.5908        2.75602        14.0303        8.96366       -1184.12     /gpfs/hpu/EHT2/IHARM/MAD/MAD_a-0.5_384x192x192_IHARM/m_1_1_1/image_a-0.5_0087_17_0_230.e9_6.2e9_1.03238e+25_1.dat
        88       0.614191         3.7362       -43.0446        12.6947        9.50282        10.7278       -1393.84     /gpfs/hpu/EHT2/IHARM/MAD/MAD_a-0.5_384x192x192_IHARM/m_1_1_1/image_a-0.5_0088_17_0_230.e9_6.2e9_1.03238e+25_1.dat
        89        0.71414        3.62835        7.17418        8.47042        30.2522        20.4146        -2357.3     /gpfs/hpu/EHT2/IHARM/MAD/MAD_a-0.5_384x192x192_IHARM/m_1_1_1/image_a-0.5_0089_17_0_230.e9_6.2e9_1.03238e+25_1.dat
        90       0.640438        4.05318        27.7162        2.84763        9.67752        6.58988       -983.477     /gpfs/hpu/EHT2/IHARM/MAD/MAD_a-0.5_384x192x192_IHARM/m_1_1_1/image_a-0.5_0090_17_0_230.e9_6.2e9_1.03238e+25_1.dat
        91       0.467713        3.56763       -13.1438        1.66792        9.73396        6.11384       -918.067     /gpfs/hpu/EHT2/IHARM/MAD/MAD_a-0.5_384x192x192_IHARM/m_1_1_1/image_a-0.5_0091_17_0_230.e9_6.2e9_1.03238e+25_1.dat
        92       0.825208        4.00858        44.4127        23.7005         26.706        24.9984       -3708.01     /gpfs/hpu/EHT2/IHARM/MAD/MAD_a-0.5_384x192x192_IHARM/m_1_1_1/image_a-0.5_0092_17_0_230.e9_6.2e9_1.03238e+25_1.dat
        93       0.520439         3.5648        26.9945        21.7953         30.297        26.1699       -2882.46     /gpfs/hpu/EHT2/IHARM/MAD/MAD_a-0.5_384x192x192_IHARM/m_1_1_1/image_a-0.5_0093_17_0_230.e9_6.2e9_1.03238e+25_1.dat
        94       0.589033         3.8487        43.5642        5.86708        12.6587        9.54118       -1258.38     /gpfs/hpu/EHT2/IHARM/MAD/MAD_a-0.5_384x192x192_IHARM/m_1_1_1/image_a-0.5_0094_17_0_230.e9_6.2e9_1.03238e+25_1.dat
        95       0.451717         3.9411        57.5554        6.65105        16.2219        11.8538       -1499.54     /gpfs/hpu/EHT2/IHARM/MAD/MAD_a-0.5_384x192x192_IHARM/m_1_1_1/image_a-0.5_0095_17_0_230.e9_6.2e9_1.03238e+25_1.dat
        96        0.53078        4.11708        114.796        5.19373        12.8192        9.34057       -1285.66     /gpfs/hpu/EHT2/IHARM/MAD/MAD_a-0.5_384x192x192_IHARM/m_1_1_1/image_a-0.5_0096_17_0_230.e9_6.2e9_1.03238e+25_1.dat
        97       0.598359        4.11816        41.4231        41.4517        65.5347         54.159       -5548.43     /gpfs/hpu/EHT2/IHARM/MAD/MAD_a-0.5_384x192x192_IHARM/m_1_1_1/image_a-0.5_0097_17_0_230.e9_6.2e9_1.03238e+25_1.dat
        98        1.27586        3.78793       -114.012         3.8933        39.4627        23.5526        -2779.7     /gpfs/hpu/EHT2/IHARM/MAD/MAD_a-0.5_384x192x192_IHARM/m_1_1_1/image_a-0.5_0098_17_0_230.e9_6.2e9_1.03238e+25_1.dat
        99       0.598227        4.32738       -57.7672        10.2454        52.6428        33.5914       -3582.71     /gpfs/hpu/EHT2/IHARM/MAD/MAD_a-0.5_384x192x192_IHARM/m_1_1_1/image_a-0.5_0099_17_0_230.e9_6.2e9_1.03238e+25_1.dat
