   # Index         I (Jy)      M/D (uas)       PA (deg)  VA red. chisq  CP red. chisq     red. chisq     log-liklhd     FileName
         0       0.455958        3.17274        231.815        1.65974        4.41846        3.59562       -19051.3     /gpfs/hpu/EHT/SANE/288x128x128_IHARM/a-0.5/m_1_1_80/image_SANE_a-0.5_1000_163_0_230.e9_6.2e9_1.97e+29_1_80.dat
         1       0.461251        3.15947        67.1124        1.33385        1.83951        1.68799       -12924.1     /gpfs/hpu/EHT/SANE/288x128x128_IHARM/a-0.5/m_1_1_80/image_SANE_a-0.5_1000_17_0_230.e9_6.2e9_1.97e+29_1_80.dat
         2       0.523557        3.18175       -30.7927        1.55707        4.67906        3.74809         -18570     /gpfs/hpu/EHT/SANE/288x128x128_IHARM/a-0.5/m_1_1_80/image_SANE_a-0.5_1006_163_0_230.e9_6.2e9_1.97e+29_1_80.dat
         3       0.507338        3.28856         74.004        1.33636        2.76516        2.33867         -14229     /gpfs/hpu/EHT/SANE/288x128x128_IHARM/a-0.5/m_1_1_80/image_SANE_a-0.5_1006_17_0_230.e9_6.2e9_1.97e+29_1_80.dat
         4       0.469174        3.22474       -70.2525        1.41319        2.70327        2.31805       -13823.2     /gpfs/hpu/EHT/SANE/288x128x128_IHARM/a-0.5/m_1_1_80/image_SANE_a-0.5_1012_163_0_230.e9_6.2e9_1.97e+29_1_80.dat
         5       0.512519        3.12496        -28.513        1.47698        3.92983        3.19822       -16844.2     /gpfs/hpu/EHT/SANE/288x128x128_IHARM/a-0.5/m_1_1_80/image_SANE_a-0.5_1012_17_0_230.e9_6.2e9_1.97e+29_1_80.dat
         6       0.497236        3.19228       -89.9982        1.49657        3.62144        2.98751       -16184.3     /gpfs/hpu/EHT/SANE/288x128x128_IHARM/a-0.5/m_1_1_80/image_SANE_a-0.5_1018_163_0_230.e9_6.2e9_1.97e+29_1_80.dat
         7       0.444149         3.1903        38.0449        1.39455        3.05279        2.55792       -14409.9     /gpfs/hpu/EHT/SANE/288x128x128_IHARM/a-0.5/m_1_1_80/image_SANE_a-0.5_1018_17_0_230.e9_6.2e9_1.97e+29_1_80.dat
         8       0.599651        3.22943       -36.2676        1.37997        5.91392        4.56249       -21282.6     /gpfs/hpu/EHT/SANE/288x128x128_IHARM/a-0.5/m_1_1_80/image_SANE_a-0.5_1024_163_0_230.e9_6.2e9_1.97e+29_1_80.dat
         9       0.482987        3.31306        11.2678        1.52974        2.27442        2.05157       -12794.3     /gpfs/hpu/EHT/SANE/288x128x128_IHARM/a-0.5/m_1_1_80/image_SANE_a-0.5_1024_17_0_230.e9_6.2e9_1.97e+29_1_80.dat
        10       0.449215         3.1907       -41.7241        1.61776        4.07962        3.34523       -17451.5     /gpfs/hpu/EHT/SANE/288x128x128_IHARM/a-0.5/m_1_1_80/image_SANE_a-0.5_1030_163_0_230.e9_6.2e9_1.97e+29_1_80.dat
        11       0.660323        3.53327        24.4644        1.13482        2.62982        2.18375       -13964.6     /gpfs/hpu/EHT/SANE/288x128x128_IHARM/a-0.5/m_1_1_80/image_SANE_a-0.5_1030_17_0_230.e9_6.2e9_1.97e+29_1_80.dat
        12       0.443932         3.1017       -41.9252        1.38738         3.0273        2.53789       -14520.7     /gpfs/hpu/EHT/SANE/288x128x128_IHARM/a-0.5/m_1_1_80/image_SANE_a-0.5_1036_163_0_230.e9_6.2e9_1.97e+29_1_80.dat
        13        1.43754        5.18596        38.6416        2.65645        3.54476        3.27837       -18089.6     /gpfs/hpu/EHT/SANE/288x128x128_IHARM/a-0.5/m_1_1_80/image_SANE_a-0.5_1036_17_0_230.e9_6.2e9_1.97e+29_1_80.dat
        14       0.456668        3.11068       -59.2898        1.70021        5.44009        4.32498       -19900.4     /gpfs/hpu/EHT/SANE/288x128x128_IHARM/a-0.5/m_1_1_80/image_SANE_a-0.5_1042_163_0_230.e9_6.2e9_1.97e+29_1_80.dat
        15       0.619251        3.33753        36.7882        1.50346        3.25916        2.73519       -14944.8     /gpfs/hpu/EHT/SANE/288x128x128_IHARM/a-0.5/m_1_1_80/image_SANE_a-0.5_1042_17_0_230.e9_6.2e9_1.97e+29_1_80.dat
        16       0.538547        3.42148        59.1931         1.6991         4.0117        3.32172       -17779.6     /gpfs/hpu/EHT/SANE/288x128x128_IHARM/a-0.5/m_1_1_80/image_SANE_a-0.5_1048_163_0_230.e9_6.2e9_1.97e+29_1_80.dat
        17       0.467324         3.2206        53.9111        1.54149        3.51331        2.92494       -15173.8     /gpfs/hpu/EHT/SANE/288x128x128_IHARM/a-0.5/m_1_1_80/image_SANE_a-0.5_1048_17_0_230.e9_6.2e9_1.97e+29_1_80.dat
        18       0.465481        3.43453         55.998        1.84224         5.6572        4.51962       -21126.4     /gpfs/hpu/EHT/SANE/288x128x128_IHARM/a-0.5/m_1_1_80/image_SANE_a-0.5_1054_163_0_230.e9_6.2e9_1.97e+29_1_80.dat
        19       0.479784        3.07418        75.1876        1.57479        3.22219        2.73043       -14911.9     /gpfs/hpu/EHT/SANE/288x128x128_IHARM/a-0.5/m_1_1_80/image_SANE_a-0.5_1054_17_0_230.e9_6.2e9_1.97e+29_1_80.dat
        20       0.477833        3.14154        277.461        1.42501        2.91693        2.47158       -13996.5     /gpfs/hpu/EHT/SANE/288x128x128_IHARM/a-0.5/m_1_1_80/image_SANE_a-0.5_1060_163_0_230.e9_6.2e9_1.97e+29_1_80.dat
        21       0.520039         3.0661        216.968        1.66945         3.6079        3.02938       -16152.1     /gpfs/hpu/EHT/SANE/288x128x128_IHARM/a-0.5/m_1_1_80/image_SANE_a-0.5_1060_17_0_230.e9_6.2e9_1.97e+29_1_80.dat
        22       0.485005         3.3532        254.528        1.63219        3.22812        2.75165       -14880.9     /gpfs/hpu/EHT/SANE/288x128x128_IHARM/a-0.5/m_1_1_80/image_SANE_a-0.5_1066_163_0_230.e9_6.2e9_1.97e+29_1_80.dat
        23        0.52783        3.19102        348.744        1.09822        3.37664        2.69724       -15247.2     /gpfs/hpu/EHT/SANE/288x128x128_IHARM/a-0.5/m_1_1_80/image_SANE_a-0.5_1066_17_0_230.e9_6.2e9_1.97e+29_1_80.dat
        24       0.398888        3.23924        257.746        1.91858        3.37423        2.93935       -15861.2     /gpfs/hpu/EHT/SANE/288x128x128_IHARM/a-0.5/m_1_1_80/image_SANE_a-0.5_1072_163_0_230.e9_6.2e9_1.97e+29_1_80.dat
        25       0.743201        3.36205        333.099        1.10439        4.02131        3.15172         -17263     /gpfs/hpu/EHT/SANE/288x128x128_IHARM/a-0.5/m_1_1_80/image_SANE_a-0.5_1072_17_0_230.e9_6.2e9_1.97e+29_1_80.dat
        26       0.420507        3.26972        267.095        1.53731        3.31078        2.78149       -16048.5     /gpfs/hpu/EHT/SANE/288x128x128_IHARM/a-0.5/m_1_1_80/image_SANE_a-0.5_1078_163_0_230.e9_6.2e9_1.97e+29_1_80.dat
        27       0.380392        2.92745        317.146        1.80781        3.23302        2.80728       -15054.3     /gpfs/hpu/EHT/SANE/288x128x128_IHARM/a-0.5/m_1_1_80/image_SANE_a-0.5_1078_17_0_230.e9_6.2e9_1.97e+29_1_80.dat
        28       0.419634        3.21437        244.986        1.54637        3.80144         3.1287       -17622.8     /gpfs/hpu/EHT/SANE/288x128x128_IHARM/a-0.5/m_1_1_80/image_SANE_a-0.5_1084_163_0_230.e9_6.2e9_1.97e+29_1_80.dat
        29       0.499377        3.14488        13.0054        1.34166        3.27322        2.69697       -16309.7     /gpfs/hpu/EHT/SANE/288x128x128_IHARM/a-0.5/m_1_1_80/image_SANE_a-0.5_1084_17_0_230.e9_6.2e9_1.97e+29_1_80.dat
        30       0.387491        3.32251       -23.5872        1.86415        3.69383        3.14758       -17607.1     /gpfs/hpu/EHT/SANE/288x128x128_IHARM/a-0.5/m_1_1_80/image_SANE_a-0.5_1090_163_0_230.e9_6.2e9_1.97e+29_1_80.dat
        31       0.452435        3.37042       -3.83607        1.44809         4.5433        3.62037       -17812.8     /gpfs/hpu/EHT/SANE/288x128x128_IHARM/a-0.5/m_1_1_80/image_SANE_a-0.5_1090_17_0_230.e9_6.2e9_1.97e+29_1_80.dat
        32       0.574913        3.61613       -7.77213        1.50778        6.30171        4.87276       -22223.7     /gpfs/hpu/EHT/SANE/288x128x128_IHARM/a-0.5/m_1_1_80/image_SANE_a-0.5_1096_163_0_230.e9_6.2e9_1.97e+29_1_80.dat
        33       0.447723        3.19883        3.76158        1.66279        3.04737        2.63383       -14683.7     /gpfs/hpu/EHT/SANE/288x128x128_IHARM/a-0.5/m_1_1_80/image_SANE_a-0.5_1096_17_0_230.e9_6.2e9_1.97e+29_1_80.dat
        34       0.554319        3.39853       -25.2745        1.63087        4.39328        3.56936       -18363.9     /gpfs/hpu/EHT/SANE/288x128x128_IHARM/a-0.5/m_1_1_80/image_SANE_a-0.5_1102_163_0_230.e9_6.2e9_1.97e+29_1_80.dat
        35       0.653981        3.48221        62.4777        1.07688        7.40576         5.5199       -22150.3     /gpfs/hpu/EHT/SANE/288x128x128_IHARM/a-0.5/m_1_1_80/image_SANE_a-0.5_1102_17_0_230.e9_6.2e9_1.97e+29_1_80.dat
        36        0.44771        3.38508       -28.6003        1.68212        3.41888        2.90043       -15618.8     /gpfs/hpu/EHT/SANE/288x128x128_IHARM/a-0.5/m_1_1_80/image_SANE_a-0.5_1108_163_0_230.e9_6.2e9_1.97e+29_1_80.dat
        37       0.581338        3.32969        -78.479        1.08374        10.1075        7.41889       -27231.9     /gpfs/hpu/EHT/SANE/288x128x128_IHARM/a-0.5/m_1_1_80/image_SANE_a-0.5_1108_17_0_230.e9_6.2e9_1.97e+29_1_80.dat
        38       0.463138         3.3411       -57.0334        1.57411        3.71657        3.07735       -16748.1     /gpfs/hpu/EHT/SANE/288x128x128_IHARM/a-0.5/m_1_1_80/image_SANE_a-0.5_1114_163_0_230.e9_6.2e9_1.97e+29_1_80.dat
        39       0.448219        3.25331        51.3382        1.31262        3.25644        2.67656       -15286.3     /gpfs/hpu/EHT/SANE/288x128x128_IHARM/a-0.5/m_1_1_80/image_SANE_a-0.5_1114_17_0_230.e9_6.2e9_1.97e+29_1_80.dat
        40       0.515712        3.40734      -0.985532        1.33445        3.06967        2.55192       -15071.7     /gpfs/hpu/EHT/SANE/288x128x128_IHARM/a-0.5/m_1_1_80/image_SANE_a-0.5_1120_163_0_230.e9_6.2e9_1.97e+29_1_80.dat
        41       0.549196        3.66383         27.307        1.25175        4.71427        3.68207       -18455.8     /gpfs/hpu/EHT/SANE/288x128x128_IHARM/a-0.5/m_1_1_80/image_SANE_a-0.5_1120_17_0_230.e9_6.2e9_1.97e+29_1_80.dat
        42       0.453431        3.26555       -9.50612        1.46957        2.72968        2.35335       -14359.4     /gpfs/hpu/EHT/SANE/288x128x128_IHARM/a-0.5/m_1_1_80/image_SANE_a-0.5_1126_163_0_230.e9_6.2e9_1.97e+29_1_80.dat
        43       0.510654        3.19695        50.5589        1.62954        2.49167        2.23377       -15369.1     /gpfs/hpu/EHT/SANE/288x128x128_IHARM/a-0.5/m_1_1_80/image_SANE_a-0.5_1126_17_0_230.e9_6.2e9_1.97e+29_1_80.dat
        44       0.382921        3.23138       -19.2104         1.4778        2.60019        2.26487       -13184.8     /gpfs/hpu/EHT/SANE/288x128x128_IHARM/a-0.5/m_1_1_80/image_SANE_a-0.5_1132_163_0_230.e9_6.2e9_1.97e+29_1_80.dat
        45       0.375077        3.20282        22.7686        1.53692        1.98308        1.84915       -11898.1     /gpfs/hpu/EHT/SANE/288x128x128_IHARM/a-0.5/m_1_1_80/image_SANE_a-0.5_1132_17_0_230.e9_6.2e9_1.97e+29_1_80.dat
        46        0.49088         3.3849        210.557        1.07368        3.48847        2.76847       -15765.3     /gpfs/hpu/EHT/SANE/288x128x128_IHARM/a-0.5/m_1_1_80/image_SANE_a-0.5_1138_163_0_230.e9_6.2e9_1.97e+29_1_80.dat
        47        0.45561        3.23341        61.6615        1.32506        2.06386        1.84291       -12204.1     /gpfs/hpu/EHT/SANE/288x128x128_IHARM/a-0.5/m_1_1_80/image_SANE_a-0.5_1138_17_0_230.e9_6.2e9_1.97e+29_1_80.dat
        48       0.398736        3.35586       -44.2714        1.82674        4.13024        3.44288       -16880.5     /gpfs/hpu/EHT/SANE/288x128x128_IHARM/a-0.5/m_1_1_80/image_SANE_a-0.5_1144_163_0_230.e9_6.2e9_1.97e+29_1_80.dat
        49       0.695476         3.2356        75.4625        1.55209        3.71342        3.06859         -17592     /gpfs/hpu/EHT/SANE/288x128x128_IHARM/a-0.5/m_1_1_80/image_SANE_a-0.5_1144_17_0_230.e9_6.2e9_1.97e+29_1_80.dat
        50       0.514125        3.33039       -19.4369        1.30129         2.8051        2.35629       -14445.5     /gpfs/hpu/EHT/SANE/288x128x128_IHARM/a-0.5/m_1_1_80/image_SANE_a-0.5_1150_163_0_230.e9_6.2e9_1.97e+29_1_80.dat
        51         0.5105        2.91685       -13.3956         1.2543        4.52438         3.5495       -17717.9     /gpfs/hpu/EHT/SANE/288x128x128_IHARM/a-0.5/m_1_1_80/image_SANE_a-0.5_1150_17_0_230.e9_6.2e9_1.97e+29_1_80.dat
        52       0.501466        3.17465       -31.4425        1.45985        3.09813        2.60916       -15413.5     /gpfs/hpu/EHT/SANE/288x128x128_IHARM/a-0.5/m_1_1_80/image_SANE_a-0.5_1156_163_0_230.e9_6.2e9_1.97e+29_1_80.dat
        53       0.936104        4.28964        35.2265        1.13278        5.81326        4.41836       -21989.2     /gpfs/hpu/EHT/SANE/288x128x128_IHARM/a-0.5/m_1_1_80/image_SANE_a-0.5_1156_17_0_230.e9_6.2e9_1.97e+29_1_80.dat
        54       0.617715        3.65014       -86.4334        1.60806        5.29241        4.19389       -21222.1     /gpfs/hpu/EHT/SANE/288x128x128_IHARM/a-0.5/m_1_1_80/image_SANE_a-0.5_1162_163_0_230.e9_6.2e9_1.97e+29_1_80.dat
        55       0.586549        3.30947        1.60352       0.827512        10.4536        7.58576       -27389.5     /gpfs/hpu/EHT/SANE/288x128x128_IHARM/a-0.5/m_1_1_80/image_SANE_a-0.5_1162_17_0_230.e9_6.2e9_1.97e+29_1_80.dat
        56       0.514858        3.52019        108.423         1.3253        3.84904        3.09642       -16717.8     /gpfs/hpu/EHT/SANE/288x128x128_IHARM/a-0.5/m_1_1_80/image_SANE_a-0.5_1168_163_0_230.e9_6.2e9_1.97e+29_1_80.dat
        57       0.418321        3.27008        131.385        1.52895        3.42349        2.85815       -14814.8     /gpfs/hpu/EHT/SANE/288x128x128_IHARM/a-0.5/m_1_1_80/image_SANE_a-0.5_1168_17_0_230.e9_6.2e9_1.97e+29_1_80.dat
        58       0.552144        3.30246        215.303        1.40798        4.43641        3.53341         -19480     /gpfs/hpu/EHT/SANE/288x128x128_IHARM/a-0.5/m_1_1_80/image_SANE_a-0.5_1174_163_0_230.e9_6.2e9_1.97e+29_1_80.dat
        59       0.514549        3.26255        148.848         1.4303        3.41844        2.82528       -15142.5     /gpfs/hpu/EHT/SANE/288x128x128_IHARM/a-0.5/m_1_1_80/image_SANE_a-0.5_1174_17_0_230.e9_6.2e9_1.97e+29_1_80.dat
        60       0.404144        3.13464       -49.4684        1.96941        3.58432        3.10197       -16751.2     /gpfs/hpu/EHT/SANE/288x128x128_IHARM/a-0.5/m_1_1_80/image_SANE_a-0.5_1180_163_0_230.e9_6.2e9_1.97e+29_1_80.dat
        61       0.625081        3.00856        53.1731        1.28083        4.21564         3.3406       -17849.7     /gpfs/hpu/EHT/SANE/288x128x128_IHARM/a-0.5/m_1_1_80/image_SANE_a-0.5_1180_17_0_230.e9_6.2e9_1.97e+29_1_80.dat
        62       0.445702        3.12439        262.811        1.32401        2.19562         1.9351       -12291.8     /gpfs/hpu/EHT/SANE/288x128x128_IHARM/a-0.5/m_1_1_80/image_SANE_a-0.5_1186_163_0_230.e9_6.2e9_1.97e+29_1_80.dat
        63       0.617446        3.35048        409.942        1.34396        5.40491        4.19439       -19385.5     /gpfs/hpu/EHT/SANE/288x128x128_IHARM/a-0.5/m_1_1_80/image_SANE_a-0.5_1186_17_0_230.e9_6.2e9_1.97e+29_1_80.dat
        64       0.498605        3.61733        202.047        1.08391         2.7069        2.22274         -13264     /gpfs/hpu/EHT/SANE/288x128x128_IHARM/a-0.5/m_1_1_80/image_SANE_a-0.5_1192_163_0_230.e9_6.2e9_1.97e+29_1_80.dat
        65       0.556465        3.52672       -14.3179        1.29612        3.86252        3.09721       -16627.7     /gpfs/hpu/EHT/SANE/288x128x128_IHARM/a-0.5/m_1_1_80/image_SANE_a-0.5_1192_17_0_230.e9_6.2e9_1.97e+29_1_80.dat
        66       0.480407        3.48003        199.958        1.67396        2.70823        2.39903       -14755.8     /gpfs/hpu/EHT/SANE/288x128x128_IHARM/a-0.5/m_1_1_80/image_SANE_a-0.5_1198_163_0_230.e9_6.2e9_1.97e+29_1_80.dat
        67       0.494861        3.26788         345.97        1.29886        2.70489        2.28521       -14751.8     /gpfs/hpu/EHT/SANE/288x128x128_IHARM/a-0.5/m_1_1_80/image_SANE_a-0.5_1198_17_0_230.e9_6.2e9_1.97e+29_1_80.dat
        68       0.447043        3.49799        190.873        2.04585        4.46594        3.74371       -18540.3     /gpfs/hpu/EHT/SANE/288x128x128_IHARM/a-0.5/m_1_1_80/image_SANE_a-0.5_1204_163_0_230.e9_6.2e9_1.97e+29_1_80.dat
        69        0.45533        2.85346        325.348        1.56836        3.50543        2.92739         -15586     /gpfs/hpu/EHT/SANE/288x128x128_IHARM/a-0.5/m_1_1_80/image_SANE_a-0.5_1204_17_0_230.e9_6.2e9_1.97e+29_1_80.dat
        70       0.387179        3.29001        185.853        1.93685        5.09611        4.15378       -19424.6     /gpfs/hpu/EHT/SANE/288x128x128_IHARM/a-0.5/m_1_1_80/image_SANE_a-0.5_1210_163_0_230.e9_6.2e9_1.97e+29_1_80.dat
        71       0.846597         5.6493         124.83        1.52631        7.67504        5.84254         -25711     /gpfs/hpu/EHT/SANE/288x128x128_IHARM/a-0.5/m_1_1_80/image_SANE_a-0.5_1210_17_0_230.e9_6.2e9_1.97e+29_1_80.dat
        72       0.483235        3.21664        -54.735        1.51404        4.26701        3.44598       -17846.5     /gpfs/hpu/EHT/SANE/288x128x128_IHARM/a-0.5/m_1_1_80/image_SANE_a-0.5_1216_163_0_230.e9_6.2e9_1.97e+29_1_80.dat
        73       0.480968        2.98261       -7.49864        1.57809        2.24317          2.044         -13038     /gpfs/hpu/EHT/SANE/288x128x128_IHARM/a-0.5/m_1_1_80/image_SANE_a-0.5_1216_17_0_230.e9_6.2e9_1.97e+29_1_80.dat
        74       0.430401        3.39014       -81.3365        1.63617        2.08606        1.95095       -12434.9     /gpfs/hpu/EHT/SANE/288x128x128_IHARM/a-0.5/m_1_1_80/image_SANE_a-0.5_1222_163_0_230.e9_6.2e9_1.97e+29_1_80.dat
        75       0.476118        3.35257       -7.21587         1.2889        2.05912        1.82883       -12261.9     /gpfs/hpu/EHT/SANE/288x128x128_IHARM/a-0.5/m_1_1_80/image_SANE_a-0.5_1222_17_0_230.e9_6.2e9_1.97e+29_1_80.dat
        76       0.413555         3.4088        263.101        1.75508        2.23395        2.09012       -12857.9     /gpfs/hpu/EHT/SANE/288x128x128_IHARM/a-0.5/m_1_1_80/image_SANE_a-0.5_1228_163_0_230.e9_6.2e9_1.97e+29_1_80.dat
        77       0.549297        3.51196        346.786        1.31141        2.45502        2.11349       -12772.1     /gpfs/hpu/EHT/SANE/288x128x128_IHARM/a-0.5/m_1_1_80/image_SANE_a-0.5_1228_17_0_230.e9_6.2e9_1.97e+29_1_80.dat
        78       0.539348        3.53393        240.583        1.53215        2.53803        2.23738       -14244.1     /gpfs/hpu/EHT/SANE/288x128x128_IHARM/a-0.5/m_1_1_80/image_SANE_a-0.5_1234_163_0_230.e9_6.2e9_1.97e+29_1_80.dat
        79       0.681756        3.40105       -13.6696        1.23101         3.0815        2.52948       -15578.8     /gpfs/hpu/EHT/SANE/288x128x128_IHARM/a-0.5/m_1_1_80/image_SANE_a-0.5_1234_17_0_230.e9_6.2e9_1.97e+29_1_80.dat
        80       0.604503        3.51997        219.088        1.25877        2.75122        2.30583       -14980.5     /gpfs/hpu/EHT/SANE/288x128x128_IHARM/a-0.5/m_1_1_80/image_SANE_a-0.5_1240_163_0_230.e9_6.2e9_1.97e+29_1_80.dat
        81       0.535006        3.18003       -18.6189         1.2647        3.18357        2.61115       -15250.6     /gpfs/hpu/EHT/SANE/288x128x128_IHARM/a-0.5/m_1_1_80/image_SANE_a-0.5_1240_17_0_230.e9_6.2e9_1.97e+29_1_80.dat
        82       0.417831        3.41829         239.93        2.03789         2.5078        2.36645       -13484.3     /gpfs/hpu/EHT/SANE/288x128x128_IHARM/a-0.5/m_1_1_80/image_SANE_a-0.5_1246_163_0_230.e9_6.2e9_1.97e+29_1_80.dat
        83       0.398504        3.19752        360.719        1.32084        2.51858        2.16093       -12789.9     /gpfs/hpu/EHT/SANE/288x128x128_IHARM/a-0.5/m_1_1_80/image_SANE_a-0.5_1246_17_0_230.e9_6.2e9_1.97e+29_1_80.dat
        84       0.551558        3.31207        178.292        1.17611        2.84138        2.34456       -14116.3     /gpfs/hpu/EHT/SANE/288x128x128_IHARM/a-0.5/m_1_1_80/image_SANE_a-0.5_1252_163_0_230.e9_6.2e9_1.97e+29_1_80.dat
        85       0.646451        3.31846        30.8217         1.2775        2.99183        2.48033       -14552.1     /gpfs/hpu/EHT/SANE/288x128x128_IHARM/a-0.5/m_1_1_80/image_SANE_a-0.5_1252_17_0_230.e9_6.2e9_1.97e+29_1_80.dat
        86        1.15154         5.7283        1.23447        3.54612        3.50021        3.51149       -18563.6     /gpfs/hpu/EHT/SANE/288x128x128_IHARM/a-0.5/m_1_1_80/image_SANE_a-0.5_1258_163_0_230.e9_6.2e9_1.97e+29_1_80.dat
        87       0.621966        3.18046         28.763        1.37751        3.44933        2.83128         -16458     /gpfs/hpu/EHT/SANE/288x128x128_IHARM/a-0.5/m_1_1_80/image_SANE_a-0.5_1258_17_0_230.e9_6.2e9_1.97e+29_1_80.dat
        88       0.405593        3.02541       -50.3097        1.25266        2.54345        2.15813       -13762.1     /gpfs/hpu/EHT/SANE/288x128x128_IHARM/a-0.5/m_1_1_80/image_SANE_a-0.5_1264_163_0_230.e9_6.2e9_1.97e+29_1_80.dat
        89       0.411728        3.06841       -35.2338        1.47268        2.84308        2.43389       -14336.3     /gpfs/hpu/EHT/SANE/288x128x128_IHARM/a-0.5/m_1_1_80/image_SANE_a-0.5_1264_17_0_230.e9_6.2e9_1.97e+29_1_80.dat
        90       0.386789        3.23634       -89.9262        1.56552         2.6261        2.30914       -13256.1     /gpfs/hpu/EHT/SANE/288x128x128_IHARM/a-0.5/m_1_1_80/image_SANE_a-0.5_1270_163_0_230.e9_6.2e9_1.97e+29_1_80.dat
        91       0.479881        3.14182       -32.5535        1.22587        2.62661        2.20856       -13961.7     /gpfs/hpu/EHT/SANE/288x128x128_IHARM/a-0.5/m_1_1_80/image_SANE_a-0.5_1270_17_0_230.e9_6.2e9_1.97e+29_1_80.dat
        92       0.403677          3.236       -89.9786        1.56167        2.91163        2.50847       -13875.2     /gpfs/hpu/EHT/SANE/288x128x128_IHARM/a-0.5/m_1_1_80/image_SANE_a-0.5_1276_163_0_230.e9_6.2e9_1.97e+29_1_80.dat
        93       0.445592        3.36174       -14.7072        1.58415        3.08489         2.6368       -14669.8     /gpfs/hpu/EHT/SANE/288x128x128_IHARM/a-0.5/m_1_1_80/image_SANE_a-0.5_1276_17_0_230.e9_6.2e9_1.97e+29_1_80.dat
        94       0.403467        3.13699       -89.9951        1.39175        3.07716         2.5742       -13813.2     /gpfs/hpu/EHT/SANE/288x128x128_IHARM/a-0.5/m_1_1_80/image_SANE_a-0.5_1282_163_0_230.e9_6.2e9_1.97e+29_1_80.dat
        95        1.47835        5.38421        5.64915        3.23513        3.73105        3.58115       -19798.9     /gpfs/hpu/EHT/SANE/288x128x128_IHARM/a-0.5/m_1_1_80/image_SANE_a-0.5_1282_17_0_230.e9_6.2e9_1.97e+29_1_80.dat
        96       0.412687        3.05764        335.222        1.38446        2.53107         2.1886       -13375.3     /gpfs/hpu/EHT/SANE/288x128x128_IHARM/a-0.5/m_1_1_80/image_SANE_a-0.5_1288_163_0_230.e9_6.2e9_1.97e+29_1_80.dat
        97       0.692088        3.54057        397.241        1.23694        2.86898        2.38202       -15627.6     /gpfs/hpu/EHT/SANE/288x128x128_IHARM/a-0.5/m_1_1_80/image_SANE_a-0.5_1288_17_0_230.e9_6.2e9_1.97e+29_1_80.dat
        98        0.47776        3.14299        310.047        1.34303        1.99264        1.79824       -11799.5     /gpfs/hpu/EHT/SANE/288x128x128_IHARM/a-0.5/m_1_1_80/image_SANE_a-0.5_1294_163_0_230.e9_6.2e9_1.97e+29_1_80.dat
        99       0.468905        3.26745        315.467        1.21389        3.28151        2.66482         -15894     /gpfs/hpu/EHT/SANE/288x128x128_IHARM/a-0.5/m_1_1_80/image_SANE_a-0.5_1294_17_0_230.e9_6.2e9_1.97e+29_1_80.dat
       100       0.425396        3.21052        287.011        1.29197        1.76281        1.62169       -11152.2     /gpfs/hpu/EHT/SANE/288x128x128_IHARM/a-0.5/m_1_1_80/image_SANE_a-0.5_1300_163_0_230.e9_6.2e9_1.97e+29_1_80.dat
       101       0.471782        3.39842            322         1.0583         2.1452        1.82074       -11996.2     /gpfs/hpu/EHT/SANE/288x128x128_IHARM/a-0.5/m_1_1_80/image_SANE_a-0.5_1300_17_0_230.e9_6.2e9_1.97e+29_1_80.dat
       102       0.530935        3.50272         231.34        1.07787        2.36209        1.97884       -13306.3     /gpfs/hpu/EHT/SANE/288x128x128_IHARM/a-0.5/m_1_1_80/image_SANE_a-0.5_1306_163_0_230.e9_6.2e9_1.97e+29_1_80.dat
       103       0.428187        3.14752       -71.3546        1.22482        1.88794        1.68959       -11894.1     /gpfs/hpu/EHT/SANE/288x128x128_IHARM/a-0.5/m_1_1_80/image_SANE_a-0.5_1306_17_0_230.e9_6.2e9_1.97e+29_1_80.dat
       104       0.496825        3.57529       -89.9964        1.37393        4.03428        3.24093       -17368.1     /gpfs/hpu/EHT/SANE/288x128x128_IHARM/a-0.5/m_1_1_80/image_SANE_a-0.5_1312_163_0_230.e9_6.2e9_1.97e+29_1_80.dat
       105       0.491655         3.4989       -18.2283        1.46818        1.98472        1.82987         -13150     /gpfs/hpu/EHT/SANE/288x128x128_IHARM/a-0.5/m_1_1_80/image_SANE_a-0.5_1312_17_0_230.e9_6.2e9_1.97e+29_1_80.dat
       106       0.804606        3.07734        167.638         1.4056        3.06142        2.56727       -19727.7     /gpfs/hpu/EHT/SANE/288x128x128_IHARM/a-0.5/m_1_1_80/image_SANE_a-0.5_1318_163_0_230.e9_6.2e9_1.97e+29_1_80.dat
       107       0.555904        3.93442        2.26859        1.45542        3.99441        3.23715       -15817.7     /gpfs/hpu/EHT/SANE/288x128x128_IHARM/a-0.5/m_1_1_80/image_SANE_a-0.5_1318_17_0_230.e9_6.2e9_1.97e+29_1_80.dat
       108       0.348782        3.13664       -81.2742        1.98939        4.42679        3.69944       -17686.3     /gpfs/hpu/EHT/SANE/288x128x128_IHARM/a-0.5/m_1_1_80/image_SANE_a-0.5_1324_163_0_230.e9_6.2e9_1.97e+29_1_80.dat
       109       0.383826        3.12807        112.352        1.41408        3.09946        2.59649       -15654.6     /gpfs/hpu/EHT/SANE/288x128x128_IHARM/a-0.5/m_1_1_80/image_SANE_a-0.5_1324_17_0_230.e9_6.2e9_1.97e+29_1_80.dat
       110       0.725733        3.97811       -89.9679        1.31325        6.71983        5.10853       -20797.1     /gpfs/hpu/EHT/SANE/288x128x128_IHARM/a-0.5/m_1_1_80/image_SANE_a-0.5_1330_163_0_230.e9_6.2e9_1.97e+29_1_80.dat
       111        2.00137        8.19468        13.3754        3.64256        7.54999        6.38366       -25136.5     /gpfs/hpu/EHT/SANE/288x128x128_IHARM/a-0.5/m_1_1_80/image_SANE_a-0.5_1330_17_0_230.e9_6.2e9_1.97e+29_1_80.dat
       112        1.27029        5.27099        255.606        1.86529         5.5596        4.45794       -23353.1     /gpfs/hpu/EHT/SANE/288x128x128_IHARM/a-0.5/m_1_1_80/image_SANE_a-0.5_1336_163_0_230.e9_6.2e9_1.97e+29_1_80.dat
       113       0.526995        3.30142          206.4        1.90366        3.97275        3.35516       -17032.4     /gpfs/hpu/EHT/SANE/288x128x128_IHARM/a-0.5/m_1_1_80/image_SANE_a-0.5_1336_17_0_230.e9_6.2e9_1.97e+29_1_80.dat
       114       0.454415        3.48881          220.2        1.26047        4.32856        3.41384       -17584.7     /gpfs/hpu/EHT/SANE/288x128x128_IHARM/a-0.5/m_1_1_80/image_SANE_a-0.5_1342_163_0_230.e9_6.2e9_1.97e+29_1_80.dat
       115       0.442848        3.13113        242.309        2.61807        3.77694        3.42999         -18553     /gpfs/hpu/EHT/SANE/288x128x128_IHARM/a-0.5/m_1_1_80/image_SANE_a-0.5_1342_17_0_230.e9_6.2e9_1.97e+29_1_80.dat
       116       0.394453         3.1875        149.243        1.34022          2.908        2.44011       -14533.3     /gpfs/hpu/EHT/SANE/288x128x128_IHARM/a-0.5/m_1_1_80/image_SANE_a-0.5_1348_163_0_230.e9_6.2e9_1.97e+29_1_80.dat
       117       0.699833        3.14812        9.57874        1.14028        3.07783        2.49994       -16468.8     /gpfs/hpu/EHT/SANE/288x128x128_IHARM/a-0.5/m_1_1_80/image_SANE_a-0.5_1348_17_0_230.e9_6.2e9_1.97e+29_1_80.dat
       118        1.45281         5.3838        138.739         2.9885         6.8505        5.69814       -23161.4     /gpfs/hpu/EHT/SANE/288x128x128_IHARM/a-0.5/m_1_1_80/image_SANE_a-0.5_1354_163_0_230.e9_6.2e9_1.97e+29_1_80.dat
       119       0.494249        3.49916        379.268        1.29212        2.74741        2.31306       -14440.7     /gpfs/hpu/EHT/SANE/288x128x128_IHARM/a-0.5/m_1_1_80/image_SANE_a-0.5_1354_17_0_230.e9_6.2e9_1.97e+29_1_80.dat
       120       0.382107        3.19124        184.893        1.29646        2.04097        1.81834       -12747.5     /gpfs/hpu/EHT/SANE/288x128x128_IHARM/a-0.5/m_1_1_80/image_SANE_a-0.5_1360_163_0_230.e9_6.2e9_1.97e+29_1_80.dat
       121       0.452135        3.46131        25.6785        1.77386        3.79529        3.19198       -16303.2     /gpfs/hpu/EHT/SANE/288x128x128_IHARM/a-0.5/m_1_1_80/image_SANE_a-0.5_1360_17_0_230.e9_6.2e9_1.97e+29_1_80.dat
       122        0.61305        3.47504       -84.9349        1.06317        9.20579        6.77969       -25415.3     /gpfs/hpu/EHT/SANE/288x128x128_IHARM/a-0.5/m_1_1_80/image_SANE_a-0.5_1366_163_0_230.e9_6.2e9_1.97e+29_1_80.dat
       123       0.396982        3.01616       -73.4402        1.67984        5.92613        4.66018       -20482.4     /gpfs/hpu/EHT/SANE/288x128x128_IHARM/a-0.5/m_1_1_80/image_SANE_a-0.5_1366_17_0_230.e9_6.2e9_1.97e+29_1_80.dat
       124       0.401496        3.16648       -84.7575        1.32086        2.79867        2.35759       -14636.6     /gpfs/hpu/EHT/SANE/288x128x128_IHARM/a-0.5/m_1_1_80/image_SANE_a-0.5_1372_163_0_230.e9_6.2e9_1.97e+29_1_80.dat
       125       0.415507        3.29065       0.389083        1.33463        2.37486        2.06411       -14138.1     /gpfs/hpu/EHT/SANE/288x128x128_IHARM/a-0.5/m_1_1_80/image_SANE_a-0.5_1372_17_0_230.e9_6.2e9_1.97e+29_1_80.dat
       126       0.378317        3.21646        279.982        1.57784        2.36633         2.1304       -12729.8     /gpfs/hpu/EHT/SANE/288x128x128_IHARM/a-0.5/m_1_1_80/image_SANE_a-0.5_1378_163_0_230.e9_6.2e9_1.97e+29_1_80.dat
       127       0.429963        3.60109        381.603        1.29293        2.80967        2.35701       -14053.5     /gpfs/hpu/EHT/SANE/288x128x128_IHARM/a-0.5/m_1_1_80/image_SANE_a-0.5_1378_17_0_230.e9_6.2e9_1.97e+29_1_80.dat
       128       0.386698        2.97666        277.481        1.20041        2.02904        1.78141       -11661.3     /gpfs/hpu/EHT/SANE/288x128x128_IHARM/a-0.5/m_1_1_80/image_SANE_a-0.5_1384_163_0_230.e9_6.2e9_1.97e+29_1_80.dat
       129       0.454607        3.32526         303.63        1.28224         2.2228        1.94177       -12480.3     /gpfs/hpu/EHT/SANE/288x128x128_IHARM/a-0.5/m_1_1_80/image_SANE_a-0.5_1384_17_0_230.e9_6.2e9_1.97e+29_1_80.dat
       130       0.390515        3.00438        274.432        1.24848         1.8355         1.6598       -11673.3     /gpfs/hpu/EHT/SANE/288x128x128_IHARM/a-0.5/m_1_1_80/image_SANE_a-0.5_1390_163_0_230.e9_6.2e9_1.97e+29_1_80.dat
       131       0.486461        3.69734        30.6768        1.44111        2.37232        2.09398       -13522.4     /gpfs/hpu/EHT/SANE/288x128x128_IHARM/a-0.5/m_1_1_80/image_SANE_a-0.5_1390_17_0_230.e9_6.2e9_1.97e+29_1_80.dat
       132       0.422715        3.07901       -57.0868        1.15165        1.84037        1.63445       -12297.1     /gpfs/hpu/EHT/SANE/288x128x128_IHARM/a-0.5/m_1_1_80/image_SANE_a-0.5_1396_163_0_230.e9_6.2e9_1.97e+29_1_80.dat
       133       0.456646        3.22536       -37.4787        1.18409        2.19733        1.89472       -12409.6     /gpfs/hpu/EHT/SANE/288x128x128_IHARM/a-0.5/m_1_1_80/image_SANE_a-0.5_1396_17_0_230.e9_6.2e9_1.97e+29_1_80.dat
       134       0.392269        3.13784       -74.8061        1.35371        4.37721        3.47571         -17313     /gpfs/hpu/EHT/SANE/288x128x128_IHARM/a-0.5/m_1_1_80/image_SANE_a-0.5_1402_163_0_230.e9_6.2e9_1.97e+29_1_80.dat
       135       0.516214        3.12219       -54.3588        1.21499        2.65717        2.22677       -13917.7     /gpfs/hpu/EHT/SANE/288x128x128_IHARM/a-0.5/m_1_1_80/image_SANE_a-0.5_1402_17_0_230.e9_6.2e9_1.97e+29_1_80.dat
       136       0.453123        3.00374        28.3601        1.44868        2.97325        2.51816         -14912     /gpfs/hpu/EHT/SANE/288x128x128_IHARM/a-0.5/m_1_1_80/image_SANE_a-0.5_1408_163_0_230.e9_6.2e9_1.97e+29_1_80.dat
       137       0.439394        3.33626       -27.2386        1.58963        3.33355        2.81303       -15517.1     /gpfs/hpu/EHT/SANE/288x128x128_IHARM/a-0.5/m_1_1_80/image_SANE_a-0.5_1408_17_0_230.e9_6.2e9_1.97e+29_1_80.dat
       138        1.46263        5.14856        155.408        3.07467        3.54489        3.40275       -19299.4     /gpfs/hpu/EHT/SANE/288x128x128_IHARM/a-0.5/m_1_1_80/image_SANE_a-0.5_1414_163_0_230.e9_6.2e9_1.97e+29_1_80.dat
       139       0.458411        3.46913        281.808        1.76408        5.90577        4.67092       -20507.9     /gpfs/hpu/EHT/SANE/288x128x128_IHARM/a-0.5/m_1_1_80/image_SANE_a-0.5_1414_17_0_230.e9_6.2e9_1.97e+29_1_80.dat
       140       0.544052        3.33419        157.778         1.3168        4.75104        3.72722       -18429.8     /gpfs/hpu/EHT/SANE/288x128x128_IHARM/a-0.5/m_1_1_80/image_SANE_a-0.5_1420_163_0_230.e9_6.2e9_1.97e+29_1_80.dat
       141       0.552301        3.58206         155.89        1.45635         3.9052         3.1748       -17731.3     /gpfs/hpu/EHT/SANE/288x128x128_IHARM/a-0.5/m_1_1_80/image_SANE_a-0.5_1420_17_0_230.e9_6.2e9_1.97e+29_1_80.dat
       142       0.392746        3.17885        279.694        1.71403        2.98029        2.60196       -14382.5     /gpfs/hpu/EHT/SANE/288x128x128_IHARM/a-0.5/m_1_1_80/image_SANE_a-0.5_1426_163_0_230.e9_6.2e9_1.97e+29_1_80.dat
       143       0.509332        3.31876        225.574        1.42251        5.91442        4.57549       -21223.9     /gpfs/hpu/EHT/SANE/288x128x128_IHARM/a-0.5/m_1_1_80/image_SANE_a-0.5_1426_17_0_230.e9_6.2e9_1.97e+29_1_80.dat
       144       0.388665         3.1533        273.869        1.52505        2.50317        2.21079       -12945.3     /gpfs/hpu/EHT/SANE/288x128x128_IHARM/a-0.5/m_1_1_80/image_SANE_a-0.5_1432_163_0_230.e9_6.2e9_1.97e+29_1_80.dat
       145       0.501313        3.45093        345.241        1.07315        2.72571        2.23275       -13704.5     /gpfs/hpu/EHT/SANE/288x128x128_IHARM/a-0.5/m_1_1_80/image_SANE_a-0.5_1432_17_0_230.e9_6.2e9_1.97e+29_1_80.dat
       146       0.380625        3.21121        246.802        1.70099        2.75492        2.43985       -13830.8     /gpfs/hpu/EHT/SANE/288x128x128_IHARM/a-0.5/m_1_1_80/image_SANE_a-0.5_1438_163_0_230.e9_6.2e9_1.97e+29_1_80.dat
       147       0.622828        3.45934        375.831        1.14277        2.37343        2.00609       -15037.7     /gpfs/hpu/EHT/SANE/288x128x128_IHARM/a-0.5/m_1_1_80/image_SANE_a-0.5_1438_17_0_230.e9_6.2e9_1.97e+29_1_80.dat
       148       0.459778        3.15087        252.151        1.21892        3.54405        2.85066         -15994     /gpfs/hpu/EHT/SANE/288x128x128_IHARM/a-0.5/m_1_1_80/image_SANE_a-0.5_1444_163_0_230.e9_6.2e9_1.97e+29_1_80.dat
       149       0.449458        3.55969        368.404        1.34893        2.34269        2.04577       -13322.9     /gpfs/hpu/EHT/SANE/288x128x128_IHARM/a-0.5/m_1_1_80/image_SANE_a-0.5_1444_17_0_230.e9_6.2e9_1.97e+29_1_80.dat
       150       0.515713        3.25865        247.372        1.26315        4.03618        3.20934       -17236.8     /gpfs/hpu/EHT/SANE/288x128x128_IHARM/a-0.5/m_1_1_80/image_SANE_a-0.5_1450_163_0_230.e9_6.2e9_1.97e+29_1_80.dat
       151       0.508697        3.19361        385.003        1.08979        3.51007        2.78842       -16606.6     /gpfs/hpu/EHT/SANE/288x128x128_IHARM/a-0.5/m_1_1_80/image_SANE_a-0.5_1450_17_0_230.e9_6.2e9_1.97e+29_1_80.dat
       152       0.394886         3.0413        317.126        1.39576        2.96949        2.49979       -14868.8     /gpfs/hpu/EHT/SANE/288x128x128_IHARM/a-0.5/m_1_1_80/image_SANE_a-0.5_1456_163_0_230.e9_6.2e9_1.97e+29_1_80.dat
       153       0.400218        3.18596        368.283        1.29299        2.10648         1.8633       -12442.7     /gpfs/hpu/EHT/SANE/288x128x128_IHARM/a-0.5/m_1_1_80/image_SANE_a-0.5_1456_17_0_230.e9_6.2e9_1.97e+29_1_80.dat
       154        0.48141        3.19234        300.975        1.64924        4.67216        3.77063       -18441.8     /gpfs/hpu/EHT/SANE/288x128x128_IHARM/a-0.5/m_1_1_80/image_SANE_a-0.5_1462_163_0_230.e9_6.2e9_1.97e+29_1_80.dat
       155       0.388757        3.14471        301.628        1.70986        3.13447        2.70898       -14673.4     /gpfs/hpu/EHT/SANE/288x128x128_IHARM/a-0.5/m_1_1_80/image_SANE_a-0.5_1462_17_0_230.e9_6.2e9_1.97e+29_1_80.dat
       156       0.443183         3.0421        318.681        1.32184        6.34482        4.84777       -21769.5     /gpfs/hpu/EHT/SANE/288x128x128_IHARM/a-0.5/m_1_1_80/image_SANE_a-0.5_1468_163_0_230.e9_6.2e9_1.97e+29_1_80.dat
       157       0.506652        3.63458        405.582        1.67065        4.16248        3.41913       -17264.5     /gpfs/hpu/EHT/SANE/288x128x128_IHARM/a-0.5/m_1_1_80/image_SANE_a-0.5_1468_17_0_230.e9_6.2e9_1.97e+29_1_80.dat
       158        0.66101        3.53438        429.437        1.66793        7.48964        5.75444       -25918.4     /gpfs/hpu/EHT/SANE/288x128x128_IHARM/a-0.5/m_1_1_80/image_SANE_a-0.5_1474_163_0_230.e9_6.2e9_1.97e+29_1_80.dat
       159       0.469564        3.18923        337.113        1.86561        3.70947        3.15899       -17881.6     /gpfs/hpu/EHT/SANE/288x128x128_IHARM/a-0.5/m_1_1_80/image_SANE_a-0.5_1474_17_0_230.e9_6.2e9_1.97e+29_1_80.dat
       160       0.532637        3.11608        348.538        1.28658        3.43434        2.79373       -16449.7     /gpfs/hpu/EHT/SANE/288x128x128_IHARM/a-0.5/m_1_1_80/image_SANE_a-0.5_1480_163_0_230.e9_6.2e9_1.97e+29_1_80.dat
       161       0.935314        4.20535        448.787        1.44376         6.8481        5.23737       -22715.1     /gpfs/hpu/EHT/SANE/288x128x128_IHARM/a-0.5/m_1_1_80/image_SANE_a-0.5_1480_17_0_230.e9_6.2e9_1.97e+29_1_80.dat
       162       0.390438        3.06248        336.067        1.60403         2.7943        2.43868       -13869.4     /gpfs/hpu/EHT/SANE/288x128x128_IHARM/a-0.5/m_1_1_80/image_SANE_a-0.5_1486_163_0_230.e9_6.2e9_1.97e+29_1_80.dat
       163       0.555813        3.78132        217.589        1.77046        6.38933        5.01235       -21884.3     /gpfs/hpu/EHT/SANE/288x128x128_IHARM/a-0.5/m_1_1_80/image_SANE_a-0.5_1486_17_0_230.e9_6.2e9_1.97e+29_1_80.dat
       164       0.413665        3.17138        327.092        1.25495        2.54124        2.15725       -12918.6     /gpfs/hpu/EHT/SANE/288x128x128_IHARM/a-0.5/m_1_1_80/image_SANE_a-0.5_1492_163_0_230.e9_6.2e9_1.97e+29_1_80.dat
       165        0.36468        3.47694        304.805        1.90453        3.69802        3.16252       -15642.6     /gpfs/hpu/EHT/SANE/288x128x128_IHARM/a-0.5/m_1_1_80/image_SANE_a-0.5_1492_17_0_230.e9_6.2e9_1.97e+29_1_80.dat
       166       0.467588        3.05907        304.365         1.0816        2.07528        1.77857       -12407.3     /gpfs/hpu/EHT/SANE/288x128x128_IHARM/a-0.5/m_1_1_80/image_SANE_a-0.5_1498_163_0_230.e9_6.2e9_1.97e+29_1_80.dat
       167       0.383086        3.14173        333.601         2.3549        3.75955        3.33957       -16684.6     /gpfs/hpu/EHT/SANE/288x128x128_IHARM/a-0.5/m_1_1_80/image_SANE_a-0.5_1498_17_0_230.e9_6.2e9_1.97e+29_1_80.dat
       168       0.380103        3.18044        311.846        1.22834        1.93862        1.72623       -11518.9     /gpfs/hpu/EHT/SANE/288x128x128_IHARM/a-0.5/m_1_1_80/image_SANE_a-0.5_1504_163_0_230.e9_6.2e9_1.97e+29_1_80.dat
       169       0.435773        3.05829        352.608        1.80726        3.11443        2.72385       -14613.5     /gpfs/hpu/EHT/SANE/288x128x128_IHARM/a-0.5/m_1_1_80/image_SANE_a-0.5_1504_17_0_230.e9_6.2e9_1.97e+29_1_80.dat
       170       0.517113        3.06478        306.844        1.14465        2.71378        2.24562       -14225.3     /gpfs/hpu/EHT/SANE/288x128x128_IHARM/a-0.5/m_1_1_80/image_SANE_a-0.5_1510_163_0_230.e9_6.2e9_1.97e+29_1_80.dat
       171       0.505187        3.56741        421.942        1.57341        3.68134         3.0524       -16406.3     /gpfs/hpu/EHT/SANE/288x128x128_IHARM/a-0.5/m_1_1_80/image_SANE_a-0.5_1510_17_0_230.e9_6.2e9_1.97e+29_1_80.dat
       172        0.53879        3.04599        376.725        1.38143        2.58378        2.22471       -14900.2     /gpfs/hpu/EHT/SANE/288x128x128_IHARM/a-0.5/m_1_1_80/image_SANE_a-0.5_1516_163_0_230.e9_6.2e9_1.97e+29_1_80.dat
       173        0.53917        3.30572        329.614        1.08868        6.89647        5.16581       -22782.4     /gpfs/hpu/EHT/SANE/288x128x128_IHARM/a-0.5/m_1_1_80/image_SANE_a-0.5_1516_17_0_230.e9_6.2e9_1.97e+29_1_80.dat
       174       0.487635        3.33563         223.83        1.41122        4.34642        3.47118       -17786.9     /gpfs/hpu/EHT/SANE/288x128x128_IHARM/a-0.5/m_1_1_80/image_SANE_a-0.5_1522_163_0_230.e9_6.2e9_1.97e+29_1_80.dat
       175       0.510646        3.22486        116.011        1.09303        3.04207        2.46079       -14141.9     /gpfs/hpu/EHT/SANE/288x128x128_IHARM/a-0.5/m_1_1_80/image_SANE_a-0.5_1522_17_0_230.e9_6.2e9_1.97e+29_1_80.dat
       176        1.24024        4.84978        225.094        2.78792          5.079        4.39469       -21427.5     /gpfs/hpu/EHT/SANE/288x128x128_IHARM/a-0.5/m_1_1_80/image_SANE_a-0.5_1528_163_0_230.e9_6.2e9_1.97e+29_1_80.dat
       177       0.528322        3.17805        132.307        1.34106        4.01239         3.2158       -17688.9     /gpfs/hpu/EHT/SANE/288x128x128_IHARM/a-0.5/m_1_1_80/image_SANE_a-0.5_1528_17_0_230.e9_6.2e9_1.97e+29_1_80.dat
       178       0.370112        3.03593       -89.9254        1.53586        3.57136        2.96402       -16147.3     /gpfs/hpu/EHT/SANE/288x128x128_IHARM/a-0.5/m_1_1_80/image_SANE_a-0.5_1534_163_0_230.e9_6.2e9_1.97e+29_1_80.dat
       179       0.450193        3.42049        31.7479        1.56766        2.77718        2.41585       -13850.3     /gpfs/hpu/EHT/SANE/288x128x128_IHARM/a-0.5/m_1_1_80/image_SANE_a-0.5_1534_17_0_230.e9_6.2e9_1.97e+29_1_80.dat
       180       0.377197        3.00106       -64.4236        1.41182        2.59127          2.239         -13588     /gpfs/hpu/EHT/SANE/288x128x128_IHARM/a-0.5/m_1_1_80/image_SANE_a-0.5_1540_163_0_230.e9_6.2e9_1.97e+29_1_80.dat
       181       0.679875        3.63424       -11.0553        1.37683        11.5399        8.51179       -29960.8     /gpfs/hpu/EHT/SANE/288x128x128_IHARM/a-0.5/m_1_1_80/image_SANE_a-0.5_1540_17_0_230.e9_6.2e9_1.97e+29_1_80.dat
       182       0.416326        3.22927       -89.9853        1.76641        2.74357        2.45131       -14836.9     /gpfs/hpu/EHT/SANE/288x128x128_IHARM/a-0.5/m_1_1_80/image_SANE_a-0.5_1546_163_0_230.e9_6.2e9_1.97e+29_1_80.dat
       183         1.0831        5.77124       -89.9992        2.14466        4.85993        4.04971       -22509.3     /gpfs/hpu/EHT/SANE/288x128x128_IHARM/a-0.5/m_1_1_80/image_SANE_a-0.5_1546_17_0_230.e9_6.2e9_1.97e+29_1_80.dat
       184       0.564805         3.2417       -89.9669        1.18576        5.71228         4.3632       -19942.5     /gpfs/hpu/EHT/SANE/288x128x128_IHARM/a-0.5/m_1_1_80/image_SANE_a-0.5_1552_163_0_230.e9_6.2e9_1.97e+29_1_80.dat
       185        1.53892        4.97078       -9.18424        2.99774        4.09348        3.76508       -22184.4     /gpfs/hpu/EHT/SANE/288x128x128_IHARM/a-0.5/m_1_1_80/image_SANE_a-0.5_1552_17_0_230.e9_6.2e9_1.97e+29_1_80.dat
       186       0.619899        3.36074       -88.9192        1.28374        5.79198        4.44828       -20605.8     /gpfs/hpu/EHT/SANE/288x128x128_IHARM/a-0.5/m_1_1_80/image_SANE_a-0.5_1558_163_0_230.e9_6.2e9_1.97e+29_1_80.dat
       187         0.5814        3.42785       -3.63576        1.01208           4.81        3.67806       -16670.8     /gpfs/hpu/EHT/SANE/288x128x128_IHARM/a-0.5/m_1_1_80/image_SANE_a-0.5_1558_17_0_230.e9_6.2e9_1.97e+29_1_80.dat
       188       0.414748        3.24752        193.163        1.81336         4.5869        3.75954       -17327.5     /gpfs/hpu/EHT/SANE/288x128x128_IHARM/a-0.5/m_1_1_80/image_SANE_a-0.5_1564_163_0_230.e9_6.2e9_1.97e+29_1_80.dat
       189       0.465711        3.25289        353.597        1.23463        3.55165        2.86066         -15754     /gpfs/hpu/EHT/SANE/288x128x128_IHARM/a-0.5/m_1_1_80/image_SANE_a-0.5_1564_17_0_230.e9_6.2e9_1.97e+29_1_80.dat
       190       0.508603        2.81063        165.347        1.75305         6.6556        5.19413       -25332.6     /gpfs/hpu/EHT/SANE/288x128x128_IHARM/a-0.5/m_1_1_80/image_SANE_a-0.5_1570_163_0_230.e9_6.2e9_1.97e+29_1_80.dat
       191       0.562975         3.3652       -4.15183        1.32286        4.78484        3.75276       -18162.3     /gpfs/hpu/EHT/SANE/288x128x128_IHARM/a-0.5/m_1_1_80/image_SANE_a-0.5_1570_17_0_230.e9_6.2e9_1.97e+29_1_80.dat
       192       0.503684        3.21002       -89.9988        1.42453        5.06243        3.97788       -18884.4     /gpfs/hpu/EHT/SANE/288x128x128_IHARM/a-0.5/m_1_1_80/image_SANE_a-0.5_1576_163_0_230.e9_6.2e9_1.97e+29_1_80.dat
       193       0.543764        3.08636       -5.11004        1.19447        3.95683        3.13322       -16920.3     /gpfs/hpu/EHT/SANE/288x128x128_IHARM/a-0.5/m_1_1_80/image_SANE_a-0.5_1576_17_0_230.e9_6.2e9_1.97e+29_1_80.dat
       194       0.453578        3.21322       -88.3015        1.44478        4.07106        3.28781         -16762     /gpfs/hpu/EHT/SANE/288x128x128_IHARM/a-0.5/m_1_1_80/image_SANE_a-0.5_1582_163_0_230.e9_6.2e9_1.97e+29_1_80.dat
       195       0.375652        3.09795       -36.4456        1.43096        2.13281        1.92279         -12558     /gpfs/hpu/EHT/SANE/288x128x128_IHARM/a-0.5/m_1_1_80/image_SANE_a-0.5_1582_17_0_230.e9_6.2e9_1.97e+29_1_80.dat
       196       0.434003        2.99966       -71.3924        2.13789         3.2708        2.93191       -15547.4     /gpfs/hpu/EHT/SANE/288x128x128_IHARM/a-0.5/m_1_1_80/image_SANE_a-0.5_1588_163_0_230.e9_6.2e9_1.97e+29_1_80.dat
       197       0.392443        3.19193       -28.3963        1.38836        2.79461         2.3748       -12899.6     /gpfs/hpu/EHT/SANE/288x128x128_IHARM/a-0.5/m_1_1_80/image_SANE_a-0.5_1588_17_0_230.e9_6.2e9_1.97e+29_1_80.dat
       198       0.473286        2.96927       -89.9938        1.43503         3.5148        2.89434       -17399.8     /gpfs/hpu/EHT/SANE/288x128x128_IHARM/a-0.5/m_1_1_80/image_SANE_a-0.5_1594_163_0_230.e9_6.2e9_1.97e+29_1_80.dat
       199       0.467824        3.07582       -24.8271         1.4864        3.29674        2.75651       -14311.3     /gpfs/hpu/EHT/SANE/288x128x128_IHARM/a-0.5/m_1_1_80/image_SANE_a-0.5_1594_17_0_230.e9_6.2e9_1.97e+29_1_80.dat
