   # Index         I (Jy)      M/D (uas)       PA (deg)  VA red. chisq  CP red. chisq     red. chisq     log-liklhd     FileName
         0       0.381353        4.46846        126.167        5.13684        12.6414        8.92441       -553.491     /gpfs/hpu/EHT2/IHARM/SANE/SANE_a+0.94_288x128x128_IHARM/m_1_1_20/image_a+0.94_0600_163_0_230.e9_6.2e9_1.82523e+27_20.dat
         1       0.481201         4.9056        89.1777        7.05448        15.8865        11.4802       -661.394     /gpfs/hpu/EHT2/IHARM/SANE/SANE_a+0.94_288x128x128_IHARM/m_1_1_20/image_a+0.94_0606_163_0_230.e9_6.2e9_1.82523e+27_20.dat
         2       0.451766        4.77065        76.0615        8.03015        22.5939        15.4417       -849.661     /gpfs/hpu/EHT2/IHARM/SANE/SANE_a+0.94_288x128x128_IHARM/m_1_1_20/image_a+0.94_0612_163_0_230.e9_6.2e9_1.82523e+27_20.dat
         3       0.482225        4.39184        182.761        12.4841          12.47        12.0825       -703.327     /gpfs/hpu/EHT2/IHARM/SANE/SANE_a+0.94_288x128x128_IHARM/m_1_1_20/image_a+0.94_0618_163_0_230.e9_6.2e9_1.82523e+27_20.dat
         4       0.437348        4.63716         194.07        19.4737        12.2563        15.0601       -835.197     /gpfs/hpu/EHT2/IHARM/SANE/SANE_a+0.94_288x128x128_IHARM/m_1_1_20/image_a+0.94_0624_163_0_230.e9_6.2e9_1.82523e+27_20.dat
         5       0.419433        3.97806        187.323        21.4101        12.5397        16.0654       -898.836     /gpfs/hpu/EHT2/IHARM/SANE/SANE_a+0.94_288x128x128_IHARM/m_1_1_20/image_a+0.94_0630_163_0_230.e9_6.2e9_1.82523e+27_20.dat
         6       0.533404        4.70462        173.887        23.8277        11.6057        16.6426       -919.998     /gpfs/hpu/EHT2/IHARM/SANE/SANE_a+0.94_288x128x128_IHARM/m_1_1_20/image_a+0.94_0636_163_0_230.e9_6.2e9_1.82523e+27_20.dat
         7       0.458821        4.55825        113.057        15.5241        20.4068        17.6037        -970.41     /gpfs/hpu/EHT2/IHARM/SANE/SANE_a+0.94_288x128x128_IHARM/m_1_1_20/image_a+0.94_0642_163_0_230.e9_6.2e9_1.82523e+27_20.dat
         8       0.521104        4.81651        178.045         12.598        19.6043        15.8877       -884.564     /gpfs/hpu/EHT2/IHARM/SANE/SANE_a+0.94_288x128x128_IHARM/m_1_1_20/image_a+0.94_0648_163_0_230.e9_6.2e9_1.82523e+27_20.dat
         9       0.432752        4.50947        170.017        28.4587        16.6929        21.3674       -1145.37     /gpfs/hpu/EHT2/IHARM/SANE/SANE_a+0.94_288x128x128_IHARM/m_1_1_20/image_a+0.94_0654_163_0_230.e9_6.2e9_1.82523e+27_20.dat
        10       0.515749         5.0362        178.582        18.0749        13.5392        15.1169       -845.358     /gpfs/hpu/EHT2/IHARM/SANE/SANE_a+0.94_288x128x128_IHARM/m_1_1_20/image_a+0.94_0660_163_0_230.e9_6.2e9_1.82523e+27_20.dat
        11        0.56313        4.34833        45.7178        9.63799        35.2623        22.8201       -1220.92     /gpfs/hpu/EHT2/IHARM/SANE/SANE_a+0.94_288x128x128_IHARM/m_1_1_20/image_a+0.94_0666_163_0_230.e9_6.2e9_1.82523e+27_20.dat
        12       0.456449         4.6693        140.289        12.7574        11.4179        11.6495       -672.151     /gpfs/hpu/EHT2/IHARM/SANE/SANE_a+0.94_288x128x128_IHARM/m_1_1_20/image_a+0.94_0672_163_0_230.e9_6.2e9_1.82523e+27_20.dat
        13       0.536527        4.80906        69.3249        9.57534        13.3578        11.2637       -661.351     /gpfs/hpu/EHT2/IHARM/SANE/SANE_a+0.94_288x128x128_IHARM/m_1_1_20/image_a+0.94_0678_163_0_230.e9_6.2e9_1.82523e+27_20.dat
        14       0.553949        5.16287        101.476        13.7798        7.83873        10.2178       -607.459     /gpfs/hpu/EHT2/IHARM/SANE/SANE_a+0.94_288x128x128_IHARM/m_1_1_20/image_a+0.94_0684_163_0_230.e9_6.2e9_1.82523e+27_20.dat
        15       0.560344        4.92138         133.43        16.7856        15.6147        15.6392       -871.189     /gpfs/hpu/EHT2/IHARM/SANE/SANE_a+0.94_288x128x128_IHARM/m_1_1_20/image_a+0.94_0690_163_0_230.e9_6.2e9_1.82523e+27_20.dat
        16       0.482148        4.83703        107.508        19.6111          17.06        17.6491       -972.955     /gpfs/hpu/EHT2/IHARM/SANE/SANE_a+0.94_288x128x128_IHARM/m_1_1_20/image_a+0.94_0696_163_0_230.e9_6.2e9_1.82523e+27_20.dat
        17       0.574564        4.44601        154.833        8.29547        18.5303        13.4202       -778.854     /gpfs/hpu/EHT2/IHARM/SANE/SANE_a+0.94_288x128x128_IHARM/m_1_1_20/image_a+0.94_0702_163_0_230.e9_6.2e9_1.82523e+27_20.dat
        18       0.609513        4.63749        190.365        19.4809        11.6879        14.7641       -844.054     /gpfs/hpu/EHT2/IHARM/SANE/SANE_a+0.94_288x128x128_IHARM/m_1_1_20/image_a+0.94_0708_163_0_230.e9_6.2e9_1.82523e+27_20.dat
        19       0.499644        4.93928        54.3699        7.34626        20.5871        14.0831        -789.35     /gpfs/hpu/EHT2/IHARM/SANE/SANE_a+0.94_288x128x128_IHARM/m_1_1_20/image_a+0.94_0714_163_0_230.e9_6.2e9_1.82523e+27_20.dat
        20       0.658916        4.60815        84.2174         7.0487        24.7866        16.1619       -918.721     /gpfs/hpu/EHT2/IHARM/SANE/SANE_a+0.94_288x128x128_IHARM/m_1_1_20/image_a+0.94_0720_163_0_230.e9_6.2e9_1.82523e+27_20.dat
        21       0.566339        4.86563        63.9216        6.66136        13.7658        10.1902       -610.762     /gpfs/hpu/EHT2/IHARM/SANE/SANE_a+0.94_288x128x128_IHARM/m_1_1_20/image_a+0.94_0726_163_0_230.e9_6.2e9_1.82523e+27_20.dat
        22       0.871199         4.7582        69.4081        12.3274        22.4786        17.2808       -958.163     /gpfs/hpu/EHT2/IHARM/SANE/SANE_a+0.94_288x128x128_IHARM/m_1_1_20/image_a+0.94_0732_163_0_230.e9_6.2e9_1.82523e+27_20.dat
        23       0.583436        4.83881        93.6133        8.70013        12.8767        10.6236       -620.265     /gpfs/hpu/EHT2/IHARM/SANE/SANE_a+0.94_288x128x128_IHARM/m_1_1_20/image_a+0.94_0738_163_0_230.e9_6.2e9_1.82523e+27_20.dat
        24       0.474613        4.85489        131.822        8.43279        10.8404        9.43368       -565.119     /gpfs/hpu/EHT2/IHARM/SANE/SANE_a+0.94_288x128x128_IHARM/m_1_1_20/image_a+0.94_0744_163_0_230.e9_6.2e9_1.82523e+27_20.dat
        25       0.516115        4.58852        153.908        12.9894        16.1208        14.2273       -796.372     /gpfs/hpu/EHT2/IHARM/SANE/SANE_a+0.94_288x128x128_IHARM/m_1_1_20/image_a+0.94_0750_163_0_230.e9_6.2e9_1.82523e+27_20.dat
        26       0.554401        4.91952        85.4692        7.13366        11.7194        9.32196       -571.118     /gpfs/hpu/EHT2/IHARM/SANE/SANE_a+0.94_288x128x128_IHARM/m_1_1_20/image_a+0.94_0756_163_0_230.e9_6.2e9_1.82523e+27_20.dat
        27       0.410861        4.83876        198.557        10.0706        14.1077        11.8774       -698.293     /gpfs/hpu/EHT2/IHARM/SANE/SANE_a+0.94_288x128x128_IHARM/m_1_1_20/image_a+0.94_0762_163_0_230.e9_6.2e9_1.82523e+27_20.dat
        28        0.58427         5.0668        138.826        15.1002        15.4113        14.7871       -846.206     /gpfs/hpu/EHT2/IHARM/SANE/SANE_a+0.94_288x128x128_IHARM/m_1_1_20/image_a+0.94_0768_163_0_230.e9_6.2e9_1.82523e+27_20.dat
        29       0.552048        4.95694        100.404        7.48978        22.7981        15.3103       -845.058     /gpfs/hpu/EHT2/IHARM/SANE/SANE_a+0.94_288x128x128_IHARM/m_1_1_20/image_a+0.94_0774_163_0_230.e9_6.2e9_1.82523e+27_20.dat
        30       0.398526        4.66197        168.648        13.2075        16.8988        14.7332       -833.734     /gpfs/hpu/EHT2/IHARM/SANE/SANE_a+0.94_288x128x128_IHARM/m_1_1_20/image_a+0.94_0780_163_0_230.e9_6.2e9_1.82523e+27_20.dat
        31       0.674504        4.83587        180.409        33.5698        14.7579        22.6087       -1225.76     /gpfs/hpu/EHT2/IHARM/SANE/SANE_a+0.94_288x128x128_IHARM/m_1_1_20/image_a+0.94_0786_163_0_230.e9_6.2e9_1.82523e+27_20.dat
        32       0.485858        4.56824        114.668        7.09556        16.1143        11.6182       -689.823     /gpfs/hpu/EHT2/IHARM/SANE/SANE_a+0.94_288x128x128_IHARM/m_1_1_20/image_a+0.94_0792_163_0_230.e9_6.2e9_1.82523e+27_20.dat
        33       0.587051        4.43161        163.317        16.9809        14.0296        14.8913       -840.464     /gpfs/hpu/EHT2/IHARM/SANE/SANE_a+0.94_288x128x128_IHARM/m_1_1_20/image_a+0.94_0798_163_0_230.e9_6.2e9_1.82523e+27_20.dat
        34       0.567157        5.06914        184.246        10.1338        16.0389        12.9217        -749.46     /gpfs/hpu/EHT2/IHARM/SANE/SANE_a+0.94_288x128x128_IHARM/m_1_1_20/image_a+0.94_0804_163_0_230.e9_6.2e9_1.82523e+27_20.dat
        35       0.427767        4.57354        200.079        16.8144        22.1813        19.1081       -1035.04     /gpfs/hpu/EHT2/IHARM/SANE/SANE_a+0.94_288x128x128_IHARM/m_1_1_20/image_a+0.94_0810_163_0_230.e9_6.2e9_1.82523e+27_20.dat
        36       0.430502        4.58988        62.5677        10.4472        27.8808        19.2929       -1036.52     /gpfs/hpu/EHT2/IHARM/SANE/SANE_a+0.94_288x128x128_IHARM/m_1_1_20/image_a+0.94_0816_163_0_230.e9_6.2e9_1.82523e+27_20.dat
        37       0.475479        4.79245        61.8969        12.2772        34.6204        23.6491        -1256.6     /gpfs/hpu/EHT2/IHARM/SANE/SANE_a+0.94_288x128x128_IHARM/m_1_1_20/image_a+0.94_0822_163_0_230.e9_6.2e9_1.82523e+27_20.dat
        38       0.518717        4.97327        197.664        31.8476        14.7592         21.848       -1170.72     /gpfs/hpu/EHT2/IHARM/SANE/SANE_a+0.94_288x128x128_IHARM/m_1_1_20/image_a+0.94_0828_163_0_230.e9_6.2e9_1.82523e+27_20.dat
        39       0.651733        4.17446        211.823        14.7362        21.3034        17.7272       -1009.24     /gpfs/hpu/EHT2/IHARM/SANE/SANE_a+0.94_288x128x128_IHARM/m_1_1_20/image_a+0.94_0834_163_0_230.e9_6.2e9_1.82523e+27_20.dat
        40       0.537994        4.71126        34.3127        4.36356        21.8426        13.4253        -780.61     /gpfs/hpu/EHT2/IHARM/SANE/SANE_a+0.94_288x128x128_IHARM/m_1_1_20/image_a+0.94_0840_163_0_230.e9_6.2e9_1.82523e+27_20.dat
        41       0.396138        4.27303       -148.299        8.50082        15.5053         11.919       -767.709     /gpfs/hpu/EHT2/IHARM/SANE/SANE_a+0.94_288x128x128_IHARM/m_1_1_20/image_a+0.94_0846_163_0_230.e9_6.2e9_1.82523e+27_20.dat
        42       0.847542        3.46408       -178.281        61.2905         25.146        40.3316       -2103.75     /gpfs/hpu/EHT2/IHARM/SANE/SANE_a+0.94_288x128x128_IHARM/m_1_1_20/image_a+0.94_0852_163_0_230.e9_6.2e9_1.82523e+27_20.dat
        43       0.590304         3.5137       -184.506        14.6998        31.5419        23.0998       -1239.39     /gpfs/hpu/EHT2/IHARM/SANE/SANE_a+0.94_288x128x128_IHARM/m_1_1_20/image_a+0.94_0858_163_0_230.e9_6.2e9_1.82523e+27_20.dat
        44       0.366192        4.05782       -293.341        5.33846        26.2682        16.1855       -890.611     /gpfs/hpu/EHT2/IHARM/SANE/SANE_a+0.94_288x128x128_IHARM/m_1_1_20/image_a+0.94_0864_163_0_230.e9_6.2e9_1.82523e+27_20.dat
        45        0.54736        4.81938       -173.822        26.9204        19.2212        22.0181       -1181.32     /gpfs/hpu/EHT2/IHARM/SANE/SANE_a+0.94_288x128x128_IHARM/m_1_1_20/image_a+0.94_0870_163_0_230.e9_6.2e9_1.82523e+27_20.dat
        46       0.412307         4.7574       -302.295        14.5758        31.3786        22.9591       -1210.12     /gpfs/hpu/EHT2/IHARM/SANE/SANE_a+0.94_288x128x128_IHARM/m_1_1_20/image_a+0.94_0876_163_0_230.e9_6.2e9_1.82523e+27_20.dat
        47       0.682281        5.18858       -266.206        14.3265        20.3683         17.054       -970.403     /gpfs/hpu/EHT2/IHARM/SANE/SANE_a+0.94_288x128x128_IHARM/m_1_1_20/image_a+0.94_0882_163_0_230.e9_6.2e9_1.82523e+27_20.dat
        48        0.36319        4.41236       -291.795        8.82397        30.0285        19.7056       -1056.29     /gpfs/hpu/EHT2/IHARM/SANE/SANE_a+0.94_288x128x128_IHARM/m_1_1_20/image_a+0.94_0888_163_0_230.e9_6.2e9_1.82523e+27_20.dat
        49       0.470682        4.76957       -298.464        19.2173        31.7405        25.2016       -1320.68     /gpfs/hpu/EHT2/IHARM/SANE/SANE_a+0.94_288x128x128_IHARM/m_1_1_20/image_a+0.94_0894_163_0_230.e9_6.2e9_1.82523e+27_20.dat
        50       0.458325        5.24745       -172.867        20.7246        17.4195        18.3306          -1009     /gpfs/hpu/EHT2/IHARM/SANE/SANE_a+0.94_288x128x128_IHARM/m_1_1_20/image_a+0.94_0900_163_0_230.e9_6.2e9_1.82523e+27_20.dat
        51       0.677591        4.90472       -177.785        36.2774        17.3572        25.1738        -1361.5     /gpfs/hpu/EHT2/IHARM/SANE/SANE_a+0.94_288x128x128_IHARM/m_1_1_20/image_a+0.94_0906_163_0_230.e9_6.2e9_1.82523e+27_20.dat
        52       0.652744        4.86655       -180.311        39.0298        22.0809        28.8768       -1518.69     /gpfs/hpu/EHT2/IHARM/SANE/SANE_a+0.94_288x128x128_IHARM/m_1_1_20/image_a+0.94_0912_163_0_230.e9_6.2e9_1.82523e+27_20.dat
        53        0.57235        4.59153       -315.818         20.454        28.3163        23.9461       -1313.92     /gpfs/hpu/EHT2/IHARM/SANE/SANE_a+0.94_288x128x128_IHARM/m_1_1_20/image_a+0.94_0918_163_0_230.e9_6.2e9_1.82523e+27_20.dat
        54       0.503993        4.34343       -186.196        11.3008        10.1588        10.3429       -633.664     /gpfs/hpu/EHT2/IHARM/SANE/SANE_a+0.94_288x128x128_IHARM/m_1_1_20/image_a+0.94_0924_163_0_230.e9_6.2e9_1.82523e+27_20.dat
        55       0.666191        4.01081       -173.362        47.0793         20.562        31.6361       -1676.36     /gpfs/hpu/EHT2/IHARM/SANE/SANE_a+0.94_288x128x128_IHARM/m_1_1_20/image_a+0.94_0930_163_0_230.e9_6.2e9_1.82523e+27_20.dat
        56       0.499079        4.58868       -174.331        35.4414         15.845        24.0083       -1297.41     /gpfs/hpu/EHT2/IHARM/SANE/SANE_a+0.94_288x128x128_IHARM/m_1_1_20/image_a+0.94_0936_163_0_230.e9_6.2e9_1.82523e+27_20.dat
        57        0.52725        4.79582       -180.197        23.0787        27.2431        24.5417       -1316.04     /gpfs/hpu/EHT2/IHARM/SANE/SANE_a+0.94_288x128x128_IHARM/m_1_1_20/image_a+0.94_0942_163_0_230.e9_6.2e9_1.82523e+27_20.dat
        58       0.583654        5.13608       -191.248        25.0914        17.1765        20.1333       -1103.19     /gpfs/hpu/EHT2/IHARM/SANE/SANE_a+0.94_288x128x128_IHARM/m_1_1_20/image_a+0.94_0948_163_0_230.e9_6.2e9_1.82523e+27_20.dat
        59       0.641073        5.00488       -324.969        23.2158          30.92        26.5375       -1441.46     /gpfs/hpu/EHT2/IHARM/SANE/SANE_a+0.94_288x128x128_IHARM/m_1_1_20/image_a+0.94_0954_163_0_230.e9_6.2e9_1.82523e+27_20.dat
        60       0.582392         5.0096       -318.478        17.8416        28.6501        22.9669       -1253.81     /gpfs/hpu/EHT2/IHARM/SANE/SANE_a+0.94_288x128x128_IHARM/m_1_1_20/image_a+0.94_0960_163_0_230.e9_6.2e9_1.82523e+27_20.dat
        61        0.85201         5.0592       -274.577        36.1613        33.1047        33.4106       -1807.98     /gpfs/hpu/EHT2/IHARM/SANE/SANE_a+0.94_288x128x128_IHARM/m_1_1_20/image_a+0.94_0966_163_0_230.e9_6.2e9_1.82523e+27_20.dat
        62       0.976585        5.31339       -252.941        47.3643        44.9095        44.5766       -2390.02     /gpfs/hpu/EHT2/IHARM/SANE/SANE_a+0.94_288x128x128_IHARM/m_1_1_20/image_a+0.94_0972_163_0_230.e9_6.2e9_1.82523e+27_20.dat
        63       0.592742        5.02332       -165.754        10.6597        42.9425         27.314       -1519.72     /gpfs/hpu/EHT2/IHARM/SANE/SANE_a+0.94_288x128x128_IHARM/m_1_1_20/image_a+0.94_0978_163_0_230.e9_6.2e9_1.82523e+27_20.dat
        64       0.745158        4.88415       -252.125        32.2758        27.1762        28.5726       -1560.11     /gpfs/hpu/EHT2/IHARM/SANE/SANE_a+0.94_288x128x128_IHARM/m_1_1_20/image_a+0.94_0984_163_0_230.e9_6.2e9_1.82523e+27_20.dat
        65       0.635659        5.62441       -168.062        12.5709         14.839        13.3676       -816.376     /gpfs/hpu/EHT2/IHARM/SANE/SANE_a+0.94_288x128x128_IHARM/m_1_1_20/image_a+0.94_0990_163_0_230.e9_6.2e9_1.82523e+27_20.dat
        66       0.466099        4.97915       -167.888        12.1817        13.9941        12.7509        -744.99     /gpfs/hpu/EHT2/IHARM/SANE/SANE_a+0.94_288x128x128_IHARM/m_1_1_20/image_a+0.94_0996_163_0_230.e9_6.2e9_1.82523e+27_20.dat
        67       0.453339        4.52706       -149.901        9.65857        13.3203        11.2808       -773.922     /gpfs/hpu/EHT2/IHARM/SANE/SANE_a+0.94_288x128x128_IHARM/m_1_1_20/image_a+0.94_1002_163_0_230.e9_6.2e9_1.82523e+27_20.dat
        68       0.625797        4.99569       -173.878        43.3179        16.7092        27.9454       -1500.65     /gpfs/hpu/EHT2/IHARM/SANE/SANE_a+0.94_288x128x128_IHARM/m_1_1_20/image_a+0.94_1008_163_0_230.e9_6.2e9_1.82523e+27_20.dat
        69       0.474278        4.67493       -153.338         11.572        12.7005        11.8005       -713.493     /gpfs/hpu/EHT2/IHARM/SANE/SANE_a+0.94_288x128x128_IHARM/m_1_1_20/image_a+0.94_1014_163_0_230.e9_6.2e9_1.82523e+27_20.dat
        70       0.609484        4.89328       -175.923        34.5694        14.0527        22.6795       -1232.58     /gpfs/hpu/EHT2/IHARM/SANE/SANE_a+0.94_288x128x128_IHARM/m_1_1_20/image_a+0.94_1020_163_0_230.e9_6.2e9_1.82523e+27_20.dat
        71       0.601626        5.19726       -158.226        15.5253        27.1121        21.1333       -1190.32     /gpfs/hpu/EHT2/IHARM/SANE/SANE_a+0.94_288x128x128_IHARM/m_1_1_20/image_a+0.94_1026_163_0_230.e9_6.2e9_1.82523e+27_20.dat
        72       0.438261        4.89967        202.293         10.459        12.4226        11.1622       -678.243     /gpfs/hpu/EHT2/IHARM/SANE/SANE_a+0.94_288x128x128_IHARM/m_1_1_20/image_a+0.94_1032_163_0_230.e9_6.2e9_1.82523e+27_20.dat
        73       0.529394        5.60351        209.691        14.2799        34.3619        24.3984       -1386.27     /gpfs/hpu/EHT2/IHARM/SANE/SANE_a+0.94_288x128x128_IHARM/m_1_1_20/image_a+0.94_1038_163_0_230.e9_6.2e9_1.82523e+27_20.dat
        74       0.645328         5.3509        198.328        30.4546        17.7604        22.8117       -1277.89     /gpfs/hpu/EHT2/IHARM/SANE/SANE_a+0.94_288x128x128_IHARM/m_1_1_20/image_a+0.94_1044_163_0_230.e9_6.2e9_1.82523e+27_20.dat
        75       0.460706          5.008        188.105        37.6389        20.7858        27.5803        -1459.8     /gpfs/hpu/EHT2/IHARM/SANE/SANE_a+0.94_288x128x128_IHARM/m_1_1_20/image_a+0.94_1050_163_0_230.e9_6.2e9_1.82523e+27_20.dat
        76       0.640189        5.06695         51.748         23.384        30.7394        26.5168       -1453.14     /gpfs/hpu/EHT2/IHARM/SANE/SANE_a+0.94_288x128x128_IHARM/m_1_1_20/image_a+0.94_1056_163_0_230.e9_6.2e9_1.82523e+27_20.dat
        77       0.575171        5.32209        202.156         35.059        19.8835        25.9648       -1438.63     /gpfs/hpu/EHT2/IHARM/SANE/SANE_a+0.94_288x128x128_IHARM/m_1_1_20/image_a+0.94_1062_163_0_230.e9_6.2e9_1.82523e+27_20.dat
        78       0.540107        5.20156        211.121         19.748        21.7917           20.2       -1145.51     /gpfs/hpu/EHT2/IHARM/SANE/SANE_a+0.94_288x128x128_IHARM/m_1_1_20/image_a+0.94_1068_163_0_230.e9_6.2e9_1.82523e+27_20.dat
        79       0.605461        4.72219        203.324        20.6467        29.5955        24.7046       -1352.08     /gpfs/hpu/EHT2/IHARM/SANE/SANE_a+0.94_288x128x128_IHARM/m_1_1_20/image_a+0.94_1074_163_0_230.e9_6.2e9_1.82523e+27_20.dat
        80       0.491187         4.6742        187.011        33.0041        19.1293        24.6593       -1325.43     /gpfs/hpu/EHT2/IHARM/SANE/SANE_a+0.94_288x128x128_IHARM/m_1_1_20/image_a+0.94_1080_163_0_230.e9_6.2e9_1.82523e+27_20.dat
        81       0.549873         4.7128        200.157        32.8021        24.7363        27.5211       -1476.24     /gpfs/hpu/EHT2/IHARM/SANE/SANE_a+0.94_288x128x128_IHARM/m_1_1_20/image_a+0.94_1086_163_0_230.e9_6.2e9_1.82523e+27_20.dat
        82       0.449148        4.33528        203.408        17.9903        13.8345        15.2349       -899.132     /gpfs/hpu/EHT2/IHARM/SANE/SANE_a+0.94_288x128x128_IHARM/m_1_1_20/image_a+0.94_1092_163_0_230.e9_6.2e9_1.82523e+27_20.dat
        83       0.601892        4.62428        193.772         42.833        18.1859        28.5082       -1592.51     /gpfs/hpu/EHT2/IHARM/SANE/SANE_a+0.94_288x128x128_IHARM/m_1_1_20/image_a+0.94_1098_163_0_230.e9_6.2e9_1.82523e+27_20.dat
        84        0.63903        4.80154         195.69        36.9405        16.8793        25.2154       -1552.23     /gpfs/hpu/EHT2/IHARM/SANE/SANE_a+0.94_288x128x128_IHARM/m_1_1_20/image_a+0.94_1104_163_0_230.e9_6.2e9_1.82523e+27_20.dat
        85       0.625409         4.6236        188.801        37.8006        21.1588        27.8481       -1666.55     /gpfs/hpu/EHT2/IHARM/SANE/SANE_a+0.94_288x128x128_IHARM/m_1_1_20/image_a+0.94_1110_163_0_230.e9_6.2e9_1.82523e+27_20.dat
        86       0.695891        4.40327        199.434        17.4195        14.1613        15.1546       -899.437     /gpfs/hpu/EHT2/IHARM/SANE/SANE_a+0.94_288x128x128_IHARM/m_1_1_20/image_a+0.94_1116_163_0_230.e9_6.2e9_1.82523e+27_20.dat
        87       0.526688        4.51347        193.189        47.0825        42.2141        43.0333       -2225.95     /gpfs/hpu/EHT2/IHARM/SANE/SANE_a+0.94_288x128x128_IHARM/m_1_1_20/image_a+0.94_1122_163_0_230.e9_6.2e9_1.82523e+27_20.dat
        88        0.69374        4.84882        191.626        61.7483        21.2564        38.4868       -2172.13     /gpfs/hpu/EHT2/IHARM/SANE/SANE_a+0.94_288x128x128_IHARM/m_1_1_20/image_a+0.94_1128_163_0_230.e9_6.2e9_1.82523e+27_20.dat
        89       0.514593        5.09116        191.781         39.661        23.7562        30.0376       -1716.95     /gpfs/hpu/EHT2/IHARM/SANE/SANE_a+0.94_288x128x128_IHARM/m_1_1_20/image_a+0.94_1134_163_0_230.e9_6.2e9_1.82523e+27_20.dat
        90       0.790716        5.89763        81.6668        19.9519        35.1488        27.3202       -1560.19     /gpfs/hpu/EHT2/IHARM/SANE/SANE_a+0.94_288x128x128_IHARM/m_1_1_20/image_a+0.94_1140_163_0_230.e9_6.2e9_1.82523e+27_20.dat
        91       0.458755         5.3063        182.805        22.4173        18.5534        19.6758       -1090.38     /gpfs/hpu/EHT2/IHARM/SANE/SANE_a+0.94_288x128x128_IHARM/m_1_1_20/image_a+0.94_1146_163_0_230.e9_6.2e9_1.82523e+27_20.dat
        92       0.580261        5.82381        182.251         31.946        15.8576        22.4696       -1261.16     /gpfs/hpu/EHT2/IHARM/SANE/SANE_a+0.94_288x128x128_IHARM/m_1_1_20/image_a+0.94_1152_163_0_230.e9_6.2e9_1.82523e+27_20.dat
        93       0.518992        5.39314        178.683        37.3273        25.5611        29.9558       -1580.61     /gpfs/hpu/EHT2/IHARM/SANE/SANE_a+0.94_288x128x128_IHARM/m_1_1_20/image_a+0.94_1158_163_0_230.e9_6.2e9_1.82523e+27_20.dat
        94       0.587375        4.82697        168.712        35.4777        20.0504        26.2377       -1401.78     /gpfs/hpu/EHT2/IHARM/SANE/SANE_a+0.94_288x128x128_IHARM/m_1_1_20/image_a+0.94_1164_163_0_230.e9_6.2e9_1.82523e+27_20.dat
        95       0.398435        5.27859        38.0255         14.354        34.4366        24.4705       -1300.92     /gpfs/hpu/EHT2/IHARM/SANE/SANE_a+0.94_288x128x128_IHARM/m_1_1_20/image_a+0.94_1170_163_0_230.e9_6.2e9_1.82523e+27_20.dat
        96       0.557505         5.4162        46.3654        10.8147        29.2033        20.1514       -1097.93     /gpfs/hpu/EHT2/IHARM/SANE/SANE_a+0.94_288x128x128_IHARM/m_1_1_20/image_a+0.94_1176_163_0_230.e9_6.2e9_1.82523e+27_20.dat
        97       0.760685        5.22705         38.147         37.634        31.6486        33.2954       -1814.07     /gpfs/hpu/EHT2/IHARM/SANE/SANE_a+0.94_288x128x128_IHARM/m_1_1_20/image_a+0.94_1182_163_0_230.e9_6.2e9_1.82523e+27_20.dat
        98       0.395625        5.02561        80.2181        19.1824        13.5051        15.5886       -867.821     /gpfs/hpu/EHT2/IHARM/SANE/SANE_a+0.94_288x128x128_IHARM/m_1_1_20/image_a+0.94_1188_163_0_230.e9_6.2e9_1.82523e+27_20.dat
        99        0.36989        5.21887        63.7131        10.9291        14.7487        12.5943       -716.504     /gpfs/hpu/EHT2/IHARM/SANE/SANE_a+0.94_288x128x128_IHARM/m_1_1_20/image_a+0.94_1194_163_0_230.e9_6.2e9_1.82523e+27_20.dat
