   # Index         I (Jy)      M/D (uas)       PA (deg)  VA red. chisq  CP red. chisq     red. chisq     log-liklhd     FileName
         0       0.435523        4.79526       -181.561        25.9216        14.8922         19.055       -930.267     /gpfs/hpu/EHT2/KORAL/SANE/SANE_a+0.88_300x192x192_KORAL/m_1_1_40/image_a+0.88_900_163_0_230.e9_6.2e9_3.06045e+28_40.dat
         1       0.383545        4.75725       -314.879        13.1763        26.8199        20.0152       -955.628     /gpfs/hpu/EHT2/KORAL/SANE/SANE_a+0.88_300x192x192_KORAL/m_1_1_40/image_a+0.88_901_163_0_230.e9_6.2e9_3.06045e+28_40.dat
         2         0.4614        4.33215       -213.814        25.3329        17.1628        20.0221       -973.824     /gpfs/hpu/EHT2/KORAL/SANE/SANE_a+0.88_300x192x192_KORAL/m_1_1_40/image_a+0.88_902_163_0_230.e9_6.2e9_3.06045e+28_40.dat
         3       0.413968        4.76912       -300.167        9.81303         31.795        21.2492       -1004.99     /gpfs/hpu/EHT2/KORAL/SANE/SANE_a+0.88_300x192x192_KORAL/m_1_1_40/image_a+0.88_903_163_0_230.e9_6.2e9_3.06045e+28_40.dat
         4       0.398118        4.44338       -195.443        18.9977        10.2216        13.5935       -708.617     /gpfs/hpu/EHT2/KORAL/SANE/SANE_a+0.88_300x192x192_KORAL/m_1_1_40/image_a+0.88_904_163_0_230.e9_6.2e9_3.06045e+28_40.dat
         5       0.480736        4.71127        -168.38        21.0193        18.9033        19.1149       -919.692     /gpfs/hpu/EHT2/KORAL/SANE/SANE_a+0.88_300x192x192_KORAL/m_1_1_40/image_a+0.88_905_163_0_230.e9_6.2e9_3.06045e+28_40.dat
         6        0.54049        4.17814       -192.326        34.3613        24.2987        27.7048       -1308.84     /gpfs/hpu/EHT2/KORAL/SANE/SANE_a+0.88_300x192x192_KORAL/m_1_1_40/image_a+0.88_906_163_0_230.e9_6.2e9_3.06045e+28_40.dat
         7       0.967789        4.31052       -142.221        49.8121        26.6644         35.569        -1786.3     /gpfs/hpu/EHT2/KORAL/SANE/SANE_a+0.88_300x192x192_KORAL/m_1_1_40/image_a+0.88_907_163_0_230.e9_6.2e9_3.06045e+28_40.dat
         8       0.948925        4.38407       -160.946        50.2773        22.1012         33.319       -1717.27     /gpfs/hpu/EHT2/KORAL/SANE/SANE_a+0.88_300x192x192_KORAL/m_1_1_40/image_a+0.88_908_163_0_230.e9_6.2e9_3.06045e+28_40.dat
         9       0.547932        4.63933       -175.294        18.0269        14.2805        15.3571       -814.974     /gpfs/hpu/EHT2/KORAL/SANE/SANE_a+0.88_300x192x192_KORAL/m_1_1_40/image_a+0.88_909_163_0_230.e9_6.2e9_3.06045e+28_40.dat
        10       0.527179        4.49969       -182.982        21.5409        14.8483        17.1617       -876.032     /gpfs/hpu/EHT2/KORAL/SANE/SANE_a+0.88_300x192x192_KORAL/m_1_1_40/image_a+0.88_910_163_0_230.e9_6.2e9_3.06045e+28_40.dat
        11        0.55258        4.30203       -272.908        12.2325        6.06489        8.47552       -471.915     /gpfs/hpu/EHT2/KORAL/SANE/SANE_a+0.88_300x192x192_KORAL/m_1_1_40/image_a+0.88_911_163_0_230.e9_6.2e9_3.06045e+28_40.dat
        12       0.504614        3.98223       -199.022        8.58563        12.0732        10.1429       -574.128     /gpfs/hpu/EHT2/KORAL/SANE/SANE_a+0.88_300x192x192_KORAL/m_1_1_40/image_a+0.88_912_163_0_230.e9_6.2e9_3.06045e+28_40.dat
        13       0.502306        3.58418       -218.131        15.1196        20.3037        17.3482       -878.609     /gpfs/hpu/EHT2/KORAL/SANE/SANE_a+0.88_300x192x192_KORAL/m_1_1_40/image_a+0.88_913_163_0_230.e9_6.2e9_3.06045e+28_40.dat
        14       0.461941        4.10481       -289.041        8.92564        40.3816        25.4779       -1171.63     /gpfs/hpu/EHT2/KORAL/SANE/SANE_a+0.88_300x192x192_KORAL/m_1_1_40/image_a+0.88_914_163_0_230.e9_6.2e9_3.06045e+28_40.dat
        15       0.487046         4.4209       -307.617        16.2079        29.1925        22.5823       -1056.48     /gpfs/hpu/EHT2/KORAL/SANE/SANE_a+0.88_300x192x192_KORAL/m_1_1_40/image_a+0.88_915_163_0_230.e9_6.2e9_3.06045e+28_40.dat
        16       0.586986        4.44899       -172.401        11.7616        12.4448        11.6979       -633.976     /gpfs/hpu/EHT2/KORAL/SANE/SANE_a+0.88_300x192x192_KORAL/m_1_1_40/image_a+0.88_916_163_0_230.e9_6.2e9_3.06045e+28_40.dat
        17       0.375663        4.07953       -186.092        15.8309        21.5482        18.3195       -957.301     /gpfs/hpu/EHT2/KORAL/SANE/SANE_a+0.88_300x192x192_KORAL/m_1_1_40/image_a+0.88_917_163_0_230.e9_6.2e9_3.06045e+28_40.dat
        18       0.567016         4.1918       -305.968        18.9597        24.8842         21.445       -1010.99     /gpfs/hpu/EHT2/KORAL/SANE/SANE_a+0.88_300x192x192_KORAL/m_1_1_40/image_a+0.88_918_163_0_230.e9_6.2e9_3.06045e+28_40.dat
        19       0.557374        4.45105       -319.761        4.96221        28.8346        17.5903        -886.22     /gpfs/hpu/EHT2/KORAL/SANE/SANE_a+0.88_300x192x192_KORAL/m_1_1_40/image_a+0.88_919_163_0_230.e9_6.2e9_3.06045e+28_40.dat
        20       0.828635        4.23724       -279.678        25.6908        21.3199        22.4055       -1092.27     /gpfs/hpu/EHT2/KORAL/SANE/SANE_a+0.88_300x192x192_KORAL/m_1_1_40/image_a+0.88_920_163_0_230.e9_6.2e9_3.06045e+28_40.dat
        21        0.62105        4.30441       -187.568        28.4319        11.9035        18.5228       -895.893     /gpfs/hpu/EHT2/KORAL/SANE/SANE_a+0.88_300x192x192_KORAL/m_1_1_40/image_a+0.88_921_163_0_230.e9_6.2e9_3.06045e+28_40.dat
        22       0.632015         4.1415       -185.215        21.4601        19.0935        19.4051       -954.658     /gpfs/hpu/EHT2/KORAL/SANE/SANE_a+0.88_300x192x192_KORAL/m_1_1_40/image_a+0.88_922_163_0_230.e9_6.2e9_3.06045e+28_40.dat
        23       0.507192        3.75804       -233.687        29.1055        21.5471         23.985       -1147.87     /gpfs/hpu/EHT2/KORAL/SANE/SANE_a+0.88_300x192x192_KORAL/m_1_1_40/image_a+0.88_923_163_0_230.e9_6.2e9_3.06045e+28_40.dat
        24       0.390743        4.11796       -265.364        3.70788        14.6618        9.44994       -524.111     /gpfs/hpu/EHT2/KORAL/SANE/SANE_a+0.88_300x192x192_KORAL/m_1_1_40/image_a+0.88_924_163_0_230.e9_6.2e9_3.06045e+28_40.dat
        25       0.607947        4.30135       -291.866         11.224        19.6166        15.3167        -786.74     /gpfs/hpu/EHT2/KORAL/SANE/SANE_a+0.88_300x192x192_KORAL/m_1_1_40/image_a+0.88_925_163_0_230.e9_6.2e9_3.06045e+28_40.dat
        26       0.511805        3.99414       -268.741        16.6102        21.1628        18.4454       -916.882     /gpfs/hpu/EHT2/KORAL/SANE/SANE_a+0.88_300x192x192_KORAL/m_1_1_40/image_a+0.88_926_163_0_230.e9_6.2e9_3.06045e+28_40.dat
        27       0.420555        3.84564       -156.847        9.36629        12.0943        10.4874       -595.229     /gpfs/hpu/EHT2/KORAL/SANE/SANE_a+0.88_300x192x192_KORAL/m_1_1_40/image_a+0.88_927_163_0_230.e9_6.2e9_3.06045e+28_40.dat
        28       0.526299        4.19328       -167.974        19.4269        16.7066        17.2565       -869.872     /gpfs/hpu/EHT2/KORAL/SANE/SANE_a+0.88_300x192x192_KORAL/m_1_1_40/image_a+0.88_928_163_0_230.e9_6.2e9_3.06045e+28_40.dat
        29       0.512573        4.35036       -278.527        26.9595        22.9913        23.8439       -1121.34     /gpfs/hpu/EHT2/KORAL/SANE/SANE_a+0.88_300x192x192_KORAL/m_1_1_40/image_a+0.88_929_163_0_230.e9_6.2e9_3.06045e+28_40.dat
        30       0.496436        4.20253       -302.323        12.2937        23.8429        18.0411       -878.133     /gpfs/hpu/EHT2/KORAL/SANE/SANE_a+0.88_300x192x192_KORAL/m_1_1_40/image_a+0.88_930_163_0_230.e9_6.2e9_3.06045e+28_40.dat
        31       0.444113        4.13205       -160.499        16.8726        16.3117        15.9543       -811.677     /gpfs/hpu/EHT2/KORAL/SANE/SANE_a+0.88_300x192x192_KORAL/m_1_1_40/image_a+0.88_931_163_0_230.e9_6.2e9_3.06045e+28_40.dat
        32       0.383797        4.14084       -148.376        20.9529        13.2073        16.0301       -805.605     /gpfs/hpu/EHT2/KORAL/SANE/SANE_a+0.88_300x192x192_KORAL/m_1_1_40/image_a+0.88_932_163_0_230.e9_6.2e9_3.06045e+28_40.dat
        33       0.453759        4.09557       -173.115        31.6852        16.8415        22.5611       -1072.42     /gpfs/hpu/EHT2/KORAL/SANE/SANE_a+0.88_300x192x192_KORAL/m_1_1_40/image_a+0.88_933_163_0_230.e9_6.2e9_3.06045e+28_40.dat
        34       0.368425        4.01641       -295.762        10.8611        32.0755        21.8471        -1033.5     /gpfs/hpu/EHT2/KORAL/SANE/SANE_a+0.88_300x192x192_KORAL/m_1_1_40/image_a+0.88_934_163_0_230.e9_6.2e9_3.06045e+28_40.dat
        35       0.480294        4.23608       -172.847         23.821        19.6422        20.7072       -989.833     /gpfs/hpu/EHT2/KORAL/SANE/SANE_a+0.88_300x192x192_KORAL/m_1_1_40/image_a+0.88_935_163_0_230.e9_6.2e9_3.06045e+28_40.dat
        36       0.456369         4.1073       -272.468        20.1699        20.5624        19.6426       -933.614     /gpfs/hpu/EHT2/KORAL/SANE/SANE_a+0.88_300x192x192_KORAL/m_1_1_40/image_a+0.88_936_163_0_230.e9_6.2e9_3.06045e+28_40.dat
        37       0.429236        3.97319        -317.35        20.2775         32.585        26.1397       -1213.49     /gpfs/hpu/EHT2/KORAL/SANE/SANE_a+0.88_300x192x192_KORAL/m_1_1_40/image_a+0.88_937_163_0_230.e9_6.2e9_3.06045e+28_40.dat
        38       0.442424        4.09473       -322.233        11.8766        42.6449        27.9519       -1308.29     /gpfs/hpu/EHT2/KORAL/SANE/SANE_a+0.88_300x192x192_KORAL/m_1_1_40/image_a+0.88_938_163_0_230.e9_6.2e9_3.06045e+28_40.dat
        39       0.444482        4.34558       -295.555        12.3024        21.9116        17.0085       -823.414     /gpfs/hpu/EHT2/KORAL/SANE/SANE_a+0.88_300x192x192_KORAL/m_1_1_40/image_a+0.88_939_163_0_230.e9_6.2e9_3.06045e+28_40.dat
        40       0.552169        4.34866       -300.228        16.0275        32.2644        24.1536       -1126.31     /gpfs/hpu/EHT2/KORAL/SANE/SANE_a+0.88_300x192x192_KORAL/m_1_1_40/image_a+0.88_940_163_0_230.e9_6.2e9_3.06045e+28_40.dat
        41       0.503765        4.32545       -163.218         22.808        15.4715        18.0369       -885.968     /gpfs/hpu/EHT2/KORAL/SANE/SANE_a+0.88_300x192x192_KORAL/m_1_1_40/image_a+0.88_941_163_0_230.e9_6.2e9_3.06045e+28_40.dat
        42       0.565183        4.06037        -245.37        24.0045        13.0595        17.2534       -843.513     /gpfs/hpu/EHT2/KORAL/SANE/SANE_a+0.88_300x192x192_KORAL/m_1_1_40/image_a+0.88_942_163_0_230.e9_6.2e9_3.06045e+28_40.dat
        43       0.548617        4.04492       -260.864        16.5055        12.1969        13.5897       -692.759     /gpfs/hpu/EHT2/KORAL/SANE/SANE_a+0.88_300x192x192_KORAL/m_1_1_40/image_a+0.88_943_163_0_230.e9_6.2e9_3.06045e+28_40.dat
        44       0.516581        4.07637       -278.238         17.661        27.4986        22.2936       -1051.31     /gpfs/hpu/EHT2/KORAL/SANE/SANE_a+0.88_300x192x192_KORAL/m_1_1_40/image_a+0.88_944_163_0_230.e9_6.2e9_3.06045e+28_40.dat
        45        0.54715        4.43354       -298.118        7.16555        16.5719        11.9507       -624.672     /gpfs/hpu/EHT2/KORAL/SANE/SANE_a+0.88_300x192x192_KORAL/m_1_1_40/image_a+0.88_945_163_0_230.e9_6.2e9_3.06045e+28_40.dat
        46       0.523364        4.29999       -318.281        15.7366        24.3051        19.7586       -958.737     /gpfs/hpu/EHT2/KORAL/SANE/SANE_a+0.88_300x192x192_KORAL/m_1_1_40/image_a+0.88_946_163_0_230.e9_6.2e9_3.06045e+28_40.dat
        47       0.535644        4.13909       -277.595        25.2089        10.7284        16.5166       -804.173     /gpfs/hpu/EHT2/KORAL/SANE/SANE_a+0.88_300x192x192_KORAL/m_1_1_40/image_a+0.88_947_163_0_230.e9_6.2e9_3.06045e+28_40.dat
        48       0.432722        4.06058       -172.364        14.2651         17.889        15.6877       -799.232     /gpfs/hpu/EHT2/KORAL/SANE/SANE_a+0.88_300x192x192_KORAL/m_1_1_40/image_a+0.88_948_163_0_230.e9_6.2e9_3.06045e+28_40.dat
        49       0.520771        4.66348       -161.597        20.6047        14.7239        16.6953       -840.405     /gpfs/hpu/EHT2/KORAL/SANE/SANE_a+0.88_300x192x192_KORAL/m_1_1_40/image_a+0.88_949_163_0_230.e9_6.2e9_3.06045e+28_40.dat
        50       0.521154        4.70584       -170.228         23.114        16.4907        18.7144       -930.778     /gpfs/hpu/EHT2/KORAL/SANE/SANE_a+0.88_300x192x192_KORAL/m_1_1_40/image_a+0.88_950_163_0_230.e9_6.2e9_3.06045e+28_40.dat
        51        0.46279         4.4462       -164.431        20.6469        13.9139        16.2787       -818.818     /gpfs/hpu/EHT2/KORAL/SANE/SANE_a+0.88_300x192x192_KORAL/m_1_1_40/image_a+0.88_951_163_0_230.e9_6.2e9_3.06045e+28_40.dat
        52       0.602617        4.75818       -165.361        23.5546        15.0332        18.1204       -907.079     /gpfs/hpu/EHT2/KORAL/SANE/SANE_a+0.88_300x192x192_KORAL/m_1_1_40/image_a+0.88_952_163_0_230.e9_6.2e9_3.06045e+28_40.dat
        53       0.616313        4.54906       -171.934        32.1689        16.4855        22.5765       -1130.91     /gpfs/hpu/EHT2/KORAL/SANE/SANE_a+0.88_300x192x192_KORAL/m_1_1_40/image_a+0.88_953_163_0_230.e9_6.2e9_3.06045e+28_40.dat
        54       0.717714        3.84497       -165.206        30.7374        18.1125        22.8385       -1112.88     /gpfs/hpu/EHT2/KORAL/SANE/SANE_a+0.88_300x192x192_KORAL/m_1_1_40/image_a+0.88_954_163_0_230.e9_6.2e9_3.06045e+28_40.dat
        55       0.581874        3.86723       -172.393        45.8775        16.5913        28.4845       -1365.71     /gpfs/hpu/EHT2/KORAL/SANE/SANE_a+0.88_300x192x192_KORAL/m_1_1_40/image_a+0.88_955_163_0_230.e9_6.2e9_3.06045e+28_40.dat
        56       0.360167        3.95969       -289.338        9.76441        40.7558        26.0367       -1199.81     /gpfs/hpu/EHT2/KORAL/SANE/SANE_a+0.88_300x192x192_KORAL/m_1_1_40/image_a+0.88_956_163_0_230.e9_6.2e9_3.06045e+28_40.dat
        57       0.439131        4.24774       -274.658        22.8234        20.4665        20.7237       -983.972     /gpfs/hpu/EHT2/KORAL/SANE/SANE_a+0.88_300x192x192_KORAL/m_1_1_40/image_a+0.88_957_163_0_230.e9_6.2e9_3.06045e+28_40.dat
        58       0.464999        4.56138        -172.05        28.5637         16.518        21.0551       -1014.35     /gpfs/hpu/EHT2/KORAL/SANE/SANE_a+0.88_300x192x192_KORAL/m_1_1_40/image_a+0.88_958_163_0_230.e9_6.2e9_3.06045e+28_40.dat
        59       0.552957        4.40356       -167.909        15.5796        28.9813        22.2008       -1085.52     /gpfs/hpu/EHT2/KORAL/SANE/SANE_a+0.88_300x192x192_KORAL/m_1_1_40/image_a+0.88_959_163_0_230.e9_6.2e9_3.06045e+28_40.dat
        60       0.899173        4.57183         99.229        25.8726        21.4932        22.5761        -1100.8     /gpfs/hpu/EHT2/KORAL/SANE/SANE_a+0.88_300x192x192_KORAL/m_1_1_40/image_a+0.88_960_163_0_230.e9_6.2e9_3.06045e+28_40.dat
        61       0.594759        4.41575        67.7884        23.6605        18.6495         20.106       -954.152     /gpfs/hpu/EHT2/KORAL/SANE/SANE_a+0.88_300x192x192_KORAL/m_1_1_40/image_a+0.88_961_163_0_230.e9_6.2e9_3.06045e+28_40.dat
        62       0.615511        4.47659        35.3662        12.1572        22.1177        17.0571       -864.547     /gpfs/hpu/EHT2/KORAL/SANE/SANE_a+0.88_300x192x192_KORAL/m_1_1_40/image_a+0.88_962_163_0_230.e9_6.2e9_3.06045e+28_40.dat
        63       0.475504        4.31902        144.877        40.2014        16.9844        26.2727        -1231.6     /gpfs/hpu/EHT2/KORAL/SANE/SANE_a+0.88_300x192x192_KORAL/m_1_1_40/image_a+0.88_963_163_0_230.e9_6.2e9_3.06045e+28_40.dat
        64        0.46848        4.30278        56.2269        7.60998        19.6805        13.8084       -707.312     /gpfs/hpu/EHT2/KORAL/SANE/SANE_a+0.88_300x192x192_KORAL/m_1_1_40/image_a+0.88_964_163_0_230.e9_6.2e9_3.06045e+28_40.dat
        65       0.426391        4.14679        175.299        30.8322        16.2137        21.8601       -1031.21     /gpfs/hpu/EHT2/KORAL/SANE/SANE_a+0.88_300x192x192_KORAL/m_1_1_40/image_a+0.88_965_163_0_230.e9_6.2e9_3.06045e+28_40.dat
        66       0.473191         3.9489         118.26        20.5735        12.4512        15.4625       -779.925     /gpfs/hpu/EHT2/KORAL/SANE/SANE_a+0.88_300x192x192_KORAL/m_1_1_40/image_a+0.88_966_163_0_230.e9_6.2e9_3.06045e+28_40.dat
        67       0.494689         4.4996        88.6281        8.78016        9.91325        9.06693       -507.497     /gpfs/hpu/EHT2/KORAL/SANE/SANE_a+0.88_300x192x192_KORAL/m_1_1_40/image_a+0.88_967_163_0_230.e9_6.2e9_3.06045e+28_40.dat
        68        0.50802        4.01623        178.992        13.9751        10.6124        11.6594       -636.345     /gpfs/hpu/EHT2/KORAL/SANE/SANE_a+0.88_300x192x192_KORAL/m_1_1_40/image_a+0.88_968_163_0_230.e9_6.2e9_3.06045e+28_40.dat
        69       0.493577        4.20001        138.716        38.5104        14.8624        24.4123       -1138.58     /gpfs/hpu/EHT2/KORAL/SANE/SANE_a+0.88_300x192x192_KORAL/m_1_1_40/image_a+0.88_969_163_0_230.e9_6.2e9_3.06045e+28_40.dat
        70       0.448579        4.12388        184.567        27.0664        14.3779        19.2677       -929.253     /gpfs/hpu/EHT2/KORAL/SANE/SANE_a+0.88_300x192x192_KORAL/m_1_1_40/image_a+0.88_970_163_0_230.e9_6.2e9_3.06045e+28_40.dat
        71       0.522034        4.40147        32.8134        16.6287        35.1297        25.9477       -1207.76     /gpfs/hpu/EHT2/KORAL/SANE/SANE_a+0.88_300x192x192_KORAL/m_1_1_40/image_a+0.88_971_163_0_230.e9_6.2e9_3.06045e+28_40.dat
        72       0.511466        4.34839         25.288        22.9204         30.885        26.3555       -1231.34     /gpfs/hpu/EHT2/KORAL/SANE/SANE_a+0.88_300x192x192_KORAL/m_1_1_40/image_a+0.88_972_163_0_230.e9_6.2e9_3.06045e+28_40.dat
        73       0.456801        4.29375         122.58         28.868        11.7776        18.6414       -902.321     /gpfs/hpu/EHT2/KORAL/SANE/SANE_a+0.88_300x192x192_KORAL/m_1_1_40/image_a+0.88_973_163_0_230.e9_6.2e9_3.06045e+28_40.dat
        74       0.553952        4.51005        68.9336        8.56547        20.0266         14.402        -720.35     /gpfs/hpu/EHT2/KORAL/SANE/SANE_a+0.88_300x192x192_KORAL/m_1_1_40/image_a+0.88_974_163_0_230.e9_6.2e9_3.06045e+28_40.dat
        75       0.425782        3.84312        182.074        28.4825        17.8893        21.7563        -1045.9     /gpfs/hpu/EHT2/KORAL/SANE/SANE_a+0.88_300x192x192_KORAL/m_1_1_40/image_a+0.88_975_163_0_230.e9_6.2e9_3.06045e+28_40.dat
        76       0.497762        4.34266        185.471        23.0824        16.8973        18.9191       -923.722     /gpfs/hpu/EHT2/KORAL/SANE/SANE_a+0.88_300x192x192_KORAL/m_1_1_40/image_a+0.88_976_163_0_230.e9_6.2e9_3.06045e+28_40.dat
        77       0.505414        4.18888        165.489        31.1685        18.1304        23.0321       -1094.38     /gpfs/hpu/EHT2/KORAL/SANE/SANE_a+0.88_300x192x192_KORAL/m_1_1_40/image_a+0.88_977_163_0_230.e9_6.2e9_3.06045e+28_40.dat
        78       0.400798        4.24207        196.282        18.6368        20.6124        19.0151       -926.222     /gpfs/hpu/EHT2/KORAL/SANE/SANE_a+0.88_300x192x192_KORAL/m_1_1_40/image_a+0.88_978_163_0_230.e9_6.2e9_3.06045e+28_40.dat
        79       0.566547        4.60767        64.4681        15.4552        29.2031        22.2667       -1054.09     /gpfs/hpu/EHT2/KORAL/SANE/SANE_a+0.88_300x192x192_KORAL/m_1_1_40/image_a+0.88_979_163_0_230.e9_6.2e9_3.06045e+28_40.dat
        80       0.524824        4.41046        85.7384        44.8342        23.8816        31.9511       -1441.92     /gpfs/hpu/EHT2/KORAL/SANE/SANE_a+0.88_300x192x192_KORAL/m_1_1_40/image_a+0.88_980_163_0_230.e9_6.2e9_3.06045e+28_40.dat
        81       0.574721        4.61576       -158.311        22.3711        45.8574        34.1551       -1598.32     /gpfs/hpu/EHT2/KORAL/SANE/SANE_a+0.88_300x192x192_KORAL/m_1_1_40/image_a+0.88_981_163_0_230.e9_6.2e9_3.06045e+28_40.dat
        82       0.376855         4.1184       -153.954         29.888        15.1288        20.8749       -990.527     /gpfs/hpu/EHT2/KORAL/SANE/SANE_a+0.88_300x192x192_KORAL/m_1_1_40/image_a+0.88_982_163_0_230.e9_6.2e9_3.06045e+28_40.dat
        83       0.349509        4.03737       -152.321        21.4048        29.7143        25.0804       -1218.87     /gpfs/hpu/EHT2/KORAL/SANE/SANE_a+0.88_300x192x192_KORAL/m_1_1_40/image_a+0.88_983_163_0_230.e9_6.2e9_3.06045e+28_40.dat
        84       0.566346        4.74247       -163.066        37.8514        20.7971        27.3155       -1306.86     /gpfs/hpu/EHT2/KORAL/SANE/SANE_a+0.88_300x192x192_KORAL/m_1_1_40/image_a+0.88_984_163_0_230.e9_6.2e9_3.06045e+28_40.dat
        85        0.77612        4.79728       -284.779        33.3556        27.6592        29.0787       -1358.54     /gpfs/hpu/EHT2/KORAL/SANE/SANE_a+0.88_300x192x192_KORAL/m_1_1_40/image_a+0.88_985_163_0_230.e9_6.2e9_3.06045e+28_40.dat
        86       0.519811        4.77947       -241.987        18.4541        20.8322         19.055       -930.195     /gpfs/hpu/EHT2/KORAL/SANE/SANE_a+0.88_300x192x192_KORAL/m_1_1_40/image_a+0.88_986_163_0_230.e9_6.2e9_3.06045e+28_40.dat
        87       0.515371        4.60996       -166.484        27.1807        24.2612        24.6197       -1166.58     /gpfs/hpu/EHT2/KORAL/SANE/SANE_a+0.88_300x192x192_KORAL/m_1_1_40/image_a+0.88_987_163_0_230.e9_6.2e9_3.06045e+28_40.dat
        88       0.500882        4.38884       -165.852        31.5176        25.2051        26.9773       -1300.26     /gpfs/hpu/EHT2/KORAL/SANE/SANE_a+0.88_300x192x192_KORAL/m_1_1_40/image_a+0.88_988_163_0_230.e9_6.2e9_3.06045e+28_40.dat
        89       0.553388        4.45827       -167.478        32.2995        18.5577        23.7442       -1128.88     /gpfs/hpu/EHT2/KORAL/SANE/SANE_a+0.88_300x192x192_KORAL/m_1_1_40/image_a+0.88_989_163_0_230.e9_6.2e9_3.06045e+28_40.dat
        90       0.523675        4.60199       -286.964        23.4017         26.949         24.449       -1137.72     /gpfs/hpu/EHT2/KORAL/SANE/SANE_a+0.88_300x192x192_KORAL/m_1_1_40/image_a+0.88_990_163_0_230.e9_6.2e9_3.06045e+28_40.dat
        91       0.664333        4.54836       -272.909        33.3686        23.4267        26.8131       -1259.18     /gpfs/hpu/EHT2/KORAL/SANE/SANE_a+0.88_300x192x192_KORAL/m_1_1_40/image_a+0.88_991_163_0_230.e9_6.2e9_3.06045e+28_40.dat
        92       0.993076         4.6171        -311.65        41.2658        28.5751        32.9464       -1548.17     /gpfs/hpu/EHT2/KORAL/SANE/SANE_a+0.88_300x192x192_KORAL/m_1_1_40/image_a+0.88_992_163_0_230.e9_6.2e9_3.06045e+28_40.dat
        93       0.471377        4.36282       -211.993        47.2364        18.6185        30.1523       -1379.64     /gpfs/hpu/EHT2/KORAL/SANE/SANE_a+0.88_300x192x192_KORAL/m_1_1_40/image_a+0.88_993_163_0_230.e9_6.2e9_3.06045e+28_40.dat
        94       0.453716        4.41489       -250.521        14.8397        8.64215        10.9713       -577.525     /gpfs/hpu/EHT2/KORAL/SANE/SANE_a+0.88_300x192x192_KORAL/m_1_1_40/image_a+0.88_994_163_0_230.e9_6.2e9_3.06045e+28_40.dat
        95       0.517197         4.5945        -270.72        44.0685        17.5293        28.2157        -1291.8     /gpfs/hpu/EHT2/KORAL/SANE/SANE_a+0.88_300x192x192_KORAL/m_1_1_40/image_a+0.88_995_163_0_230.e9_6.2e9_3.06045e+28_40.dat
        96       0.657265        4.51233       -283.673        47.3777        21.6089        31.8172       -1447.41     /gpfs/hpu/EHT2/KORAL/SANE/SANE_a+0.88_300x192x192_KORAL/m_1_1_40/image_a+0.88_996_163_0_230.e9_6.2e9_3.06045e+28_40.dat
        97       0.938532          4.399       -322.233        42.6603        31.6565        35.1951       -1668.35     /gpfs/hpu/EHT2/KORAL/SANE/SANE_a+0.88_300x192x192_KORAL/m_1_1_40/image_a+0.88_997_163_0_230.e9_6.2e9_3.06045e+28_40.dat
        98       0.613712        4.46341       -232.614        45.3791        28.6316        34.7324       -1574.88     /gpfs/hpu/EHT2/KORAL/SANE/SANE_a+0.88_300x192x192_KORAL/m_1_1_40/image_a+0.88_998_163_0_230.e9_6.2e9_3.06045e+28_40.dat
        99       0.550291        4.66434        -154.71        28.6885         23.829        25.0314       -1201.42     /gpfs/hpu/EHT2/KORAL/SANE/SANE_a+0.88_300x192x192_KORAL/m_1_1_40/image_a+0.88_999_163_0_230.e9_6.2e9_3.06045e+28_40.dat
