   # Index         I (Jy)      M/D (uas)       PA (deg)  VA red. chisq  CP red. chisq     red. chisq     log-liklhd     FileName
         0       0.691265        4.32638       -258.792        10.6309        94.1211        59.3553       -4239.38     /gpfs/hpu/EHT2/IHARM_inc-5/MAD_a+0.94_384x192x192_IHARM/m_1_1_10/image_a+0.94_0000_168_0_230.e9_6.2e9_6.16354e+24_10.dat
         1       0.598693        3.47691       -173.943        12.9041          25.18        19.8125        -1644.7     /gpfs/hpu/EHT2/IHARM_inc-5/MAD_a+0.94_384x192x192_IHARM/m_1_1_10/image_a+0.94_0001_168_0_230.e9_6.2e9_6.16354e+24_10.dat
         2       0.930313        3.32478       -205.256         6.9359        10.9528        9.13522       -1013.87     /gpfs/hpu/EHT2/IHARM_inc-5/MAD_a+0.94_384x192x192_IHARM/m_1_1_10/image_a+0.94_0002_168_0_230.e9_6.2e9_6.16354e+24_10.dat
         3       0.554107        3.44346       -258.132        9.08343        14.3575        11.9716       -1106.36     /gpfs/hpu/EHT2/IHARM_inc-5/MAD_a+0.94_384x192x192_IHARM/m_1_1_10/image_a+0.94_0003_168_0_230.e9_6.2e9_6.16354e+24_10.dat
         4       0.514732        3.72846       -216.977        18.7239         7.6763        11.8225       -1072.93     /gpfs/hpu/EHT2/IHARM_inc-5/MAD_a+0.94_384x192x192_IHARM/m_1_1_10/image_a+0.94_0004_168_0_230.e9_6.2e9_6.16354e+24_10.dat
         5        0.59883        3.75573       -253.179        15.5319        16.9185        15.9947       -1356.03     /gpfs/hpu/EHT2/IHARM_inc-5/MAD_a+0.94_384x192x192_IHARM/m_1_1_10/image_a+0.94_0005_168_0_230.e9_6.2e9_6.16354e+24_10.dat
         6       0.796759        4.10841        -167.39        10.4146        13.3607        11.9074       -1176.62     /gpfs/hpu/EHT2/IHARM_inc-5/MAD_a+0.94_384x192x192_IHARM/m_1_1_10/image_a+0.94_0006_168_0_230.e9_6.2e9_6.16354e+24_10.dat
         7        0.43881        3.69031       -194.196        19.7261        16.5168         17.399       -1438.15     /gpfs/hpu/EHT2/IHARM_inc-5/MAD_a+0.94_384x192x192_IHARM/m_1_1_10/image_a+0.94_0007_168_0_230.e9_6.2e9_6.16354e+24_10.dat
         8       0.436924        3.95978       -246.273        8.14275        9.56707        8.79439       -855.683     /gpfs/hpu/EHT2/IHARM_inc-5/MAD_a+0.94_384x192x192_IHARM/m_1_1_10/image_a+0.94_0008_168_0_230.e9_6.2e9_6.16354e+24_10.dat
         9       0.527836        4.10413       -270.991        10.3101        12.4573        11.3368       -1032.28     /gpfs/hpu/EHT2/IHARM_inc-5/MAD_a+0.94_384x192x192_IHARM/m_1_1_10/image_a+0.94_0009_168_0_230.e9_6.2e9_6.16354e+24_10.dat
        10       0.427095        4.01307       -233.272        14.3764        14.5044        14.1272       -1210.22     /gpfs/hpu/EHT2/IHARM_inc-5/MAD_a+0.94_384x192x192_IHARM/m_1_1_10/image_a+0.94_0010_168_0_230.e9_6.2e9_6.16354e+24_10.dat
        11       0.448584        4.18181       -270.382        8.80868        8.49522        8.42616        -832.83     /gpfs/hpu/EHT2/IHARM_inc-5/MAD_a+0.94_384x192x192_IHARM/m_1_1_10/image_a+0.94_0011_168_0_230.e9_6.2e9_6.16354e+24_10.dat
        12       0.712566        4.17998       -304.343        12.0025        66.4839        43.6832       -3317.44     /gpfs/hpu/EHT2/IHARM_inc-5/MAD_a+0.94_384x192x192_IHARM/m_1_1_10/image_a+0.94_0012_168_0_230.e9_6.2e9_6.16354e+24_10.dat
        13       0.529388        3.80125       -229.263        12.1651        10.3977        10.8542       -1035.15     /gpfs/hpu/EHT2/IHARM_inc-5/MAD_a+0.94_384x192x192_IHARM/m_1_1_10/image_a+0.94_0013_168_0_230.e9_6.2e9_6.16354e+24_10.dat
        14       0.457521        4.10562       -214.035        10.3573        7.31457        8.33921       -824.717     /gpfs/hpu/EHT2/IHARM_inc-5/MAD_a+0.94_384x192x192_IHARM/m_1_1_10/image_a+0.94_0014_168_0_230.e9_6.2e9_6.16354e+24_10.dat
        15       0.473494        3.88497       -239.079        12.8257        10.5536        11.2039       -1034.09     /gpfs/hpu/EHT2/IHARM_inc-5/MAD_a+0.94_384x192x192_IHARM/m_1_1_10/image_a+0.94_0015_168_0_230.e9_6.2e9_6.16354e+24_10.dat
        16       0.538301        4.08154       -212.497        17.0582        13.3407        14.4932       -1241.27     /gpfs/hpu/EHT2/IHARM_inc-5/MAD_a+0.94_384x192x192_IHARM/m_1_1_10/image_a+0.94_0016_168_0_230.e9_6.2e9_6.16354e+24_10.dat
        17       0.444556        3.78351       -214.301         8.7266        7.68108         7.9166        -803.68     /gpfs/hpu/EHT2/IHARM_inc-5/MAD_a+0.94_384x192x192_IHARM/m_1_1_10/image_a+0.94_0017_168_0_230.e9_6.2e9_6.16354e+24_10.dat
        18       0.767809        3.74636        -233.68        12.0277        46.2448        31.8236        -2548.3     /gpfs/hpu/EHT2/IHARM_inc-5/MAD_a+0.94_384x192x192_IHARM/m_1_1_10/image_a+0.94_0018_168_0_230.e9_6.2e9_6.16354e+24_10.dat
        19       0.418444        4.17601       -211.761          7.866        9.81922        8.83407       -867.747     /gpfs/hpu/EHT2/IHARM_inc-5/MAD_a+0.94_384x192x192_IHARM/m_1_1_10/image_a+0.94_0019_168_0_230.e9_6.2e9_6.16354e+24_10.dat
        20        0.52617        4.02348       -245.291        7.95156        4.43493        5.70982       -655.039     /gpfs/hpu/EHT2/IHARM_inc-5/MAD_a+0.94_384x192x192_IHARM/m_1_1_10/image_a+0.94_0020_168_0_230.e9_6.2e9_6.16354e+24_10.dat
        21       0.530158        4.11842       -211.091        15.4854        9.55599        11.6587       -1070.12     /gpfs/hpu/EHT2/IHARM_inc-5/MAD_a+0.94_384x192x192_IHARM/m_1_1_10/image_a+0.94_0021_168_0_230.e9_6.2e9_6.16354e+24_10.dat
        22       0.536721        3.83038       -230.622        17.1906        12.4839        14.0425       -1223.56     /gpfs/hpu/EHT2/IHARM_inc-5/MAD_a+0.94_384x192x192_IHARM/m_1_1_10/image_a+0.94_0022_168_0_230.e9_6.2e9_6.16354e+24_10.dat
        23       0.417364        3.69422       -288.358        10.7738        13.5418        12.1541       -1101.67     /gpfs/hpu/EHT2/IHARM_inc-5/MAD_a+0.94_384x192x192_IHARM/m_1_1_10/image_a+0.94_0023_168_0_230.e9_6.2e9_6.16354e+24_10.dat
        24        0.51458        4.16342       -296.877        5.38355        10.2304        8.10465        -818.94     /gpfs/hpu/EHT2/IHARM_inc-5/MAD_a+0.94_384x192x192_IHARM/m_1_1_10/image_a+0.94_0024_168_0_230.e9_6.2e9_6.16354e+24_10.dat
        25       0.669779         4.2381       -348.356        7.70887        26.7989        18.7306       -1578.02     /gpfs/hpu/EHT2/IHARM_inc-5/MAD_a+0.94_384x192x192_IHARM/m_1_1_10/image_a+0.94_0025_168_0_230.e9_6.2e9_6.16354e+24_10.dat
        26       0.707315        3.86793       -215.603        11.7795        9.89632        10.4094       -970.654     /gpfs/hpu/EHT2/IHARM_inc-5/MAD_a+0.94_384x192x192_IHARM/m_1_1_10/image_a+0.94_0026_168_0_230.e9_6.2e9_6.16354e+24_10.dat
        27       0.580856        4.02161       -323.183        7.97016         14.234        11.4639       -1039.78     /gpfs/hpu/EHT2/IHARM_inc-5/MAD_a+0.94_384x192x192_IHARM/m_1_1_10/image_a+0.94_0027_168_0_230.e9_6.2e9_6.16354e+24_10.dat
        28        0.57204        4.11579        -286.45        12.1259         9.8659         10.527       -971.514     /gpfs/hpu/EHT2/IHARM_inc-5/MAD_a+0.94_384x192x192_IHARM/m_1_1_10/image_a+0.94_0028_168_0_230.e9_6.2e9_6.16354e+24_10.dat
        29        0.46091        3.97281       -271.657          5.449        8.99963        7.40842       -768.615     /gpfs/hpu/EHT2/IHARM_inc-5/MAD_a+0.94_384x192x192_IHARM/m_1_1_10/image_a+0.94_0029_168_0_230.e9_6.2e9_6.16354e+24_10.dat
        30       0.570037        3.66618       -191.524        8.55154        11.7974        10.2622       -996.137     /gpfs/hpu/EHT2/IHARM_inc-5/MAD_a+0.94_384x192x192_IHARM/m_1_1_10/image_a+0.94_0030_168_0_230.e9_6.2e9_6.16354e+24_10.dat
        31       0.523017        3.86618       -216.299        4.99613        9.62704        7.59931       -814.218     /gpfs/hpu/EHT2/IHARM_inc-5/MAD_a+0.94_384x192x192_IHARM/m_1_1_10/image_a+0.94_0031_168_0_230.e9_6.2e9_6.16354e+24_10.dat
        32       0.833625        4.15353       -275.327        22.6243        36.1895        30.0695       -2329.27     /gpfs/hpu/EHT2/IHARM_inc-5/MAD_a+0.94_384x192x192_IHARM/m_1_1_10/image_a+0.94_0032_168_0_230.e9_6.2e9_6.16354e+24_10.dat
        33        1.13868        3.73115       -212.778        20.8855        12.9753        15.7753       -1489.11     /gpfs/hpu/EHT2/IHARM_inc-5/MAD_a+0.94_384x192x192_IHARM/m_1_1_10/image_a+0.94_0033_168_0_230.e9_6.2e9_6.16354e+24_10.dat
        34       0.718363        3.54903       -225.213        6.53475        9.34975        8.03825        -829.63     /gpfs/hpu/EHT2/IHARM_inc-5/MAD_a+0.94_384x192x192_IHARM/m_1_1_10/image_a+0.94_0034_168_0_230.e9_6.2e9_6.16354e+24_10.dat
        35       0.473544        4.18238       -229.624        3.87601        4.28448        4.02813       -540.584     /gpfs/hpu/EHT2/IHARM_inc-5/MAD_a+0.94_384x192x192_IHARM/m_1_1_10/image_a+0.94_0035_168_0_230.e9_6.2e9_6.16354e+24_10.dat
        36       0.533908        3.80139       -240.555        6.47728        6.10853        6.11492       -690.733     /gpfs/hpu/EHT2/IHARM_inc-5/MAD_a+0.94_384x192x192_IHARM/m_1_1_10/image_a+0.94_0036_168_0_230.e9_6.2e9_6.16354e+24_10.dat
        37        0.44014        3.88758       -227.151        6.22597        4.38384        5.00519       -602.286     /gpfs/hpu/EHT2/IHARM_inc-5/MAD_a+0.94_384x192x192_IHARM/m_1_1_10/image_a+0.94_0037_168_0_230.e9_6.2e9_6.16354e+24_10.dat
        38       0.464164        4.11696       -194.447        12.0273        12.0383        11.7625       -1071.87     /gpfs/hpu/EHT2/IHARM_inc-5/MAD_a+0.94_384x192x192_IHARM/m_1_1_10/image_a+0.94_0038_168_0_230.e9_6.2e9_6.16354e+24_10.dat
        39       0.920576         4.1415       -241.323        11.7951        18.9566         15.729       -1434.58     /gpfs/hpu/EHT2/IHARM_inc-5/MAD_a+0.94_384x192x192_IHARM/m_1_1_10/image_a+0.94_0039_168_0_230.e9_6.2e9_6.16354e+24_10.dat
        40       0.927689        4.20694       -208.373        11.8674        35.5645        25.4972       -2078.24     /gpfs/hpu/EHT2/IHARM_inc-5/MAD_a+0.94_384x192x192_IHARM/m_1_1_10/image_a+0.94_0040_168_0_230.e9_6.2e9_6.16354e+24_10.dat
        41       0.500696        3.39374       -236.496        21.3446         20.464        20.3467       -1686.45     /gpfs/hpu/EHT2/IHARM_inc-5/MAD_a+0.94_384x192x192_IHARM/m_1_1_10/image_a+0.94_0041_168_0_230.e9_6.2e9_6.16354e+24_10.dat
        42       0.593863        4.25511       -359.285        10.1789        7.13401        8.16357       -819.576     /gpfs/hpu/EHT2/IHARM_inc-5/MAD_a+0.94_384x192x192_IHARM/m_1_1_10/image_a+0.94_0042_168_0_230.e9_6.2e9_6.16354e+24_10.dat
        43       0.571074        3.74562       -229.491        8.88257        31.0001        21.6534       -1748.08     /gpfs/hpu/EHT2/IHARM_inc-5/MAD_a+0.94_384x192x192_IHARM/m_1_1_10/image_a+0.94_0043_168_0_230.e9_6.2e9_6.16354e+24_10.dat
        44        0.50244        4.17702       -264.464        9.35299        12.6275        11.0624       -1019.85     /gpfs/hpu/EHT2/IHARM_inc-5/MAD_a+0.94_384x192x192_IHARM/m_1_1_10/image_a+0.94_0044_168_0_230.e9_6.2e9_6.16354e+24_10.dat
        45       0.662171         4.1915       -246.516        17.0209        38.4528        29.2061       -2267.44     /gpfs/hpu/EHT2/IHARM_inc-5/MAD_a+0.94_384x192x192_IHARM/m_1_1_10/image_a+0.94_0045_168_0_230.e9_6.2e9_6.16354e+24_10.dat
        46        0.54855        3.76237       -224.349        47.1427        63.5558        55.7051       -4114.96     /gpfs/hpu/EHT2/IHARM_inc-5/MAD_a+0.94_384x192x192_IHARM/m_1_1_10/image_a+0.94_0046_168_0_230.e9_6.2e9_6.16354e+24_10.dat
        47       0.569813           4.19       -153.556        25.2775        16.5147        19.5682       -1597.53     /gpfs/hpu/EHT2/IHARM_inc-5/MAD_a+0.94_384x192x192_IHARM/m_1_1_10/image_a+0.94_0047_168_0_230.e9_6.2e9_6.16354e+24_10.dat
        48       0.897387        4.30589       -178.887        26.9572        19.6626        22.0711       -1862.86     /gpfs/hpu/EHT2/IHARM_inc-5/MAD_a+0.94_384x192x192_IHARM/m_1_1_10/image_a+0.94_0048_168_0_230.e9_6.2e9_6.16354e+24_10.dat
        49        0.81646        4.24817       -180.364        30.9812        13.5057        20.0336       -1704.88     /gpfs/hpu/EHT2/IHARM_inc-5/MAD_a+0.94_384x192x192_IHARM/m_1_1_10/image_a+0.94_0049_168_0_230.e9_6.2e9_6.16354e+24_10.dat
        50       0.635482        4.17587        79.9342        12.4971        16.2646        14.4247       -1306.84     /gpfs/hpu/EHT2/IHARM_inc-5/MAD_a+0.94_384x192x192_IHARM/m_1_1_10/image_a+0.94_0050_168_0_230.e9_6.2e9_6.16354e+24_10.dat
        51       0.737981        4.15053        70.0502        22.2575        27.2804        24.7012       -2110.59     /gpfs/hpu/EHT2/IHARM_inc-5/MAD_a+0.94_384x192x192_IHARM/m_1_1_10/image_a+0.94_0051_168_0_230.e9_6.2e9_6.16354e+24_10.dat
        52       0.516854        3.91066        114.549        45.3581        33.1385        37.1686       -2787.71     /gpfs/hpu/EHT2/IHARM_inc-5/MAD_a+0.94_384x192x192_IHARM/m_1_1_10/image_a+0.94_0052_168_0_230.e9_6.2e9_6.16354e+24_10.dat
        53       0.734186        4.39445        98.2222        14.2569        7.81522        10.1575       -1113.52     /gpfs/hpu/EHT2/IHARM_inc-5/MAD_a+0.94_384x192x192_IHARM/m_1_1_10/image_a+0.94_0053_168_0_230.e9_6.2e9_6.16354e+24_10.dat
        54       0.983114        4.80984        124.785         11.095        20.6678        16.4589       -1456.62     /gpfs/hpu/EHT2/IHARM_inc-5/MAD_a+0.94_384x192x192_IHARM/m_1_1_10/image_a+0.94_0054_168_0_230.e9_6.2e9_6.16354e+24_10.dat
        55       0.499592         4.0875        55.4272         7.3531        4.46323        5.49243       -653.634     /gpfs/hpu/EHT2/IHARM_inc-5/MAD_a+0.94_384x192x192_IHARM/m_1_1_10/image_a+0.94_0055_168_0_230.e9_6.2e9_6.16354e+24_10.dat
        56       0.637109        4.48662        53.8111         5.2881        14.1122        10.3438       -1023.09     /gpfs/hpu/EHT2/IHARM_inc-5/MAD_a+0.94_384x192x192_IHARM/m_1_1_10/image_a+0.94_0056_168_0_230.e9_6.2e9_6.16354e+24_10.dat
        57        0.49757         4.2045         141.43        18.0532         23.672        20.9412       -1711.61     /gpfs/hpu/EHT2/IHARM_inc-5/MAD_a+0.94_384x192x192_IHARM/m_1_1_10/image_a+0.94_0057_168_0_230.e9_6.2e9_6.16354e+24_10.dat
        58        0.50369        4.07506        161.543        23.8828        12.9223        16.9162       -1434.82     /gpfs/hpu/EHT2/IHARM_inc-5/MAD_a+0.94_384x192x192_IHARM/m_1_1_10/image_a+0.94_0058_168_0_230.e9_6.2e9_6.16354e+24_10.dat
        59       0.369498        4.10762        145.846        9.77848        10.6484        10.0681       -945.544     /gpfs/hpu/EHT2/IHARM_inc-5/MAD_a+0.94_384x192x192_IHARM/m_1_1_10/image_a+0.94_0059_168_0_230.e9_6.2e9_6.16354e+24_10.dat
        60       0.377143        4.28429         136.03         9.7572        7.45555        8.18727        -813.49     /gpfs/hpu/EHT2/IHARM_inc-5/MAD_a+0.94_384x192x192_IHARM/m_1_1_10/image_a+0.94_0060_168_0_230.e9_6.2e9_6.16354e+24_10.dat
        61       0.431748        4.10069        161.572        18.1533        7.02853        11.2195       -1034.19     /gpfs/hpu/EHT2/IHARM_inc-5/MAD_a+0.94_384x192x192_IHARM/m_1_1_10/image_a+0.94_0061_168_0_230.e9_6.2e9_6.16354e+24_10.dat
        62        0.40201        4.00964        82.0466        19.3614        15.7161        16.7869       -1401.22     /gpfs/hpu/EHT2/IHARM_inc-5/MAD_a+0.94_384x192x192_IHARM/m_1_1_10/image_a+0.94_0062_168_0_230.e9_6.2e9_6.16354e+24_10.dat
        63        0.81079        4.01329        126.411        12.4149        73.8695        48.1759       -3663.46     /gpfs/hpu/EHT2/IHARM_inc-5/MAD_a+0.94_384x192x192_IHARM/m_1_1_10/image_a+0.94_0063_168_0_230.e9_6.2e9_6.16354e+24_10.dat
        64       0.406777         4.0421        113.843        6.74101        10.0152        8.50915       -838.988     /gpfs/hpu/EHT2/IHARM_inc-5/MAD_a+0.94_384x192x192_IHARM/m_1_1_10/image_a+0.94_0064_168_0_230.e9_6.2e9_6.16354e+24_10.dat
        65       0.401935        4.04739         180.98        7.54076        8.48966        7.92717       -799.741     /gpfs/hpu/EHT2/IHARM_inc-5/MAD_a+0.94_384x192x192_IHARM/m_1_1_10/image_a+0.94_0065_168_0_230.e9_6.2e9_6.16354e+24_10.dat
        66       0.578806        3.96849        151.819        15.7238        13.4445        14.0324       -1222.22     /gpfs/hpu/EHT2/IHARM_inc-5/MAD_a+0.94_384x192x192_IHARM/m_1_1_10/image_a+0.94_0066_168_0_230.e9_6.2e9_6.16354e+24_10.dat
        67       0.506065        4.11057        117.839         11.259        20.9868        16.7101       -1413.39     /gpfs/hpu/EHT2/IHARM_inc-5/MAD_a+0.94_384x192x192_IHARM/m_1_1_10/image_a+0.94_0067_168_0_230.e9_6.2e9_6.16354e+24_10.dat
        68       0.796388        3.73365       -183.153        24.7668         17.684        20.0543        -1700.7     /gpfs/hpu/EHT2/IHARM_inc-5/MAD_a+0.94_384x192x192_IHARM/m_1_1_10/image_a+0.94_0068_168_0_230.e9_6.2e9_6.16354e+24_10.dat
        69       0.486624        3.72707       -220.684        8.89281        7.61396        7.94221       -802.553     /gpfs/hpu/EHT2/IHARM_inc-5/MAD_a+0.94_384x192x192_IHARM/m_1_1_10/image_a+0.94_0069_168_0_230.e9_6.2e9_6.16354e+24_10.dat
        70       0.480747         3.8312       -237.213        15.1573        10.4887        12.0774       -1082.94     /gpfs/hpu/EHT2/IHARM_inc-5/MAD_a+0.94_384x192x192_IHARM/m_1_1_10/image_a+0.94_0070_168_0_230.e9_6.2e9_6.16354e+24_10.dat
        71       0.603924        4.20635       -232.134        21.4417        13.5305        16.3184       -1368.79     /gpfs/hpu/EHT2/IHARM_inc-5/MAD_a+0.94_384x192x192_IHARM/m_1_1_10/image_a+0.94_0071_168_0_230.e9_6.2e9_6.16354e+24_10.dat
        72       0.572533        4.09118       -307.777        13.4468        14.4339        13.7224       -1201.65     /gpfs/hpu/EHT2/IHARM_inc-5/MAD_a+0.94_384x192x192_IHARM/m_1_1_10/image_a+0.94_0072_168_0_230.e9_6.2e9_6.16354e+24_10.dat
        73       0.506025        4.07511       -267.863        14.8787        10.7407        12.1163       -1087.92     /gpfs/hpu/EHT2/IHARM_inc-5/MAD_a+0.94_384x192x192_IHARM/m_1_1_10/image_a+0.94_0073_168_0_230.e9_6.2e9_6.16354e+24_10.dat
        74       0.453385        3.98792       -254.747        14.4774        11.3332        12.3069       -1092.49     /gpfs/hpu/EHT2/IHARM_inc-5/MAD_a+0.94_384x192x192_IHARM/m_1_1_10/image_a+0.94_0074_168_0_230.e9_6.2e9_6.16354e+24_10.dat
        75       0.522417        3.94652       -260.345        26.7009        9.18203        15.8244       -1344.02     /gpfs/hpu/EHT2/IHARM_inc-5/MAD_a+0.94_384x192x192_IHARM/m_1_1_10/image_a+0.94_0075_168_0_230.e9_6.2e9_6.16354e+24_10.dat
        76       0.589287        3.54407       -173.157         18.797        26.8466        23.0939       -1850.77     /gpfs/hpu/EHT2/IHARM_inc-5/MAD_a+0.94_384x192x192_IHARM/m_1_1_10/image_a+0.94_0076_168_0_230.e9_6.2e9_6.16354e+24_10.dat
        77       0.571842        3.93839       -193.032        20.4851        22.9989        21.4973       -1721.32     /gpfs/hpu/EHT2/IHARM_inc-5/MAD_a+0.94_384x192x192_IHARM/m_1_1_10/image_a+0.94_0077_168_0_230.e9_6.2e9_6.16354e+24_10.dat
        78       0.650696        4.31309        -243.09        6.80884        11.4421        9.37251       -914.393     /gpfs/hpu/EHT2/IHARM_inc-5/MAD_a+0.94_384x192x192_IHARM/m_1_1_10/image_a+0.94_0078_168_0_230.e9_6.2e9_6.16354e+24_10.dat
        79       0.646868         3.6713        22.1355        12.5383        19.1012        16.1044       -1392.37     /gpfs/hpu/EHT2/IHARM_inc-5/MAD_a+0.94_384x192x192_IHARM/m_1_1_10/image_a+0.94_0079_168_0_230.e9_6.2e9_6.16354e+24_10.dat
        80        1.41265         4.0928        80.1367        15.9233         23.582        20.0557       -1902.91     /gpfs/hpu/EHT2/IHARM_inc-5/MAD_a+0.94_384x192x192_IHARM/m_1_1_10/image_a+0.94_0080_168_0_230.e9_6.2e9_6.16354e+24_10.dat
        81       0.537494        4.37763        88.6698        9.27413        18.9084        14.7151       -1249.18     /gpfs/hpu/EHT2/IHARM_inc-5/MAD_a+0.94_384x192x192_IHARM/m_1_1_10/image_a+0.94_0081_168_0_230.e9_6.2e9_6.16354e+24_10.dat
        82       0.589938        3.87415        182.605        16.1395        21.3475        18.8298       -1588.88     /gpfs/hpu/EHT2/IHARM_inc-5/MAD_a+0.94_384x192x192_IHARM/m_1_1_10/image_a+0.94_0082_168_0_230.e9_6.2e9_6.16354e+24_10.dat
        83       0.636128        3.66248        130.612        16.0917        21.4666        18.8809       -1591.87     /gpfs/hpu/EHT2/IHARM_inc-5/MAD_a+0.94_384x192x192_IHARM/m_1_1_10/image_a+0.94_0083_168_0_230.e9_6.2e9_6.16354e+24_10.dat
        84       0.492989        4.14145        114.597        7.35401         17.463        13.1167       -1155.28     /gpfs/hpu/EHT2/IHARM_inc-5/MAD_a+0.94_384x192x192_IHARM/m_1_1_10/image_a+0.94_0084_168_0_230.e9_6.2e9_6.16354e+24_10.dat
        85       0.519885        3.89985        51.1706        19.2034        29.9342        25.0635       -1971.86     /gpfs/hpu/EHT2/IHARM_inc-5/MAD_a+0.94_384x192x192_IHARM/m_1_1_10/image_a+0.94_0085_168_0_230.e9_6.2e9_6.16354e+24_10.dat
        86       0.769667        3.82752        55.5103        9.00943        144.529        88.2838       -7211.76     /gpfs/hpu/EHT2/IHARM_inc-5/MAD_a+0.94_384x192x192_IHARM/m_1_1_10/image_a+0.94_0086_168_0_230.e9_6.2e9_6.16354e+24_10.dat
        87       0.785399        4.28879        117.732        12.7422        59.0614        39.6195       -3049.91     /gpfs/hpu/EHT2/IHARM_inc-5/MAD_a+0.94_384x192x192_IHARM/m_1_1_10/image_a+0.94_0087_168_0_230.e9_6.2e9_6.16354e+24_10.dat
        88       0.791338        3.99152        67.6207        12.0821        101.465        64.2293       -4822.14     /gpfs/hpu/EHT2/IHARM_inc-5/MAD_a+0.94_384x192x192_IHARM/m_1_1_10/image_a+0.94_0088_168_0_230.e9_6.2e9_6.16354e+24_10.dat
        89        0.55204        4.09611        56.6658         15.975        36.2311        27.4942          -2178     /gpfs/hpu/EHT2/IHARM_inc-5/MAD_a+0.94_384x192x192_IHARM/m_1_1_10/image_a+0.94_0089_168_0_230.e9_6.2e9_6.16354e+24_10.dat
        90       0.599115        3.70327        150.865        11.8528        12.9026        12.2011       -1085.96     /gpfs/hpu/EHT2/IHARM_inc-5/MAD_a+0.94_384x192x192_IHARM/m_1_1_10/image_a+0.94_0090_168_0_230.e9_6.2e9_6.16354e+24_10.dat
        91       0.509363        3.55182        141.299        10.9408        28.5441        21.0177       -1684.12     /gpfs/hpu/EHT2/IHARM_inc-5/MAD_a+0.94_384x192x192_IHARM/m_1_1_10/image_a+0.94_0091_168_0_230.e9_6.2e9_6.16354e+24_10.dat
        92       0.551584        3.82525        196.352        5.95819        8.73495        7.45227       -787.729     /gpfs/hpu/EHT2/IHARM_inc-5/MAD_a+0.94_384x192x192_IHARM/m_1_1_10/image_a+0.94_0092_168_0_230.e9_6.2e9_6.16354e+24_10.dat
        93       0.503304        4.04302        158.583        20.3795        10.5625        14.1625       -1223.57     /gpfs/hpu/EHT2/IHARM_inc-5/MAD_a+0.94_384x192x192_IHARM/m_1_1_10/image_a+0.94_0093_168_0_230.e9_6.2e9_6.16354e+24_10.dat
        94       0.543116        3.75345        127.956        4.65853        6.72244        5.76387       -669.353     /gpfs/hpu/EHT2/IHARM_inc-5/MAD_a+0.94_384x192x192_IHARM/m_1_1_10/image_a+0.94_0094_168_0_230.e9_6.2e9_6.16354e+24_10.dat
        95        0.46847        4.13699        130.389        7.18201        9.95072        8.64376       -851.917     /gpfs/hpu/EHT2/IHARM_inc-5/MAD_a+0.94_384x192x192_IHARM/m_1_1_10/image_a+0.94_0095_168_0_230.e9_6.2e9_6.16354e+24_10.dat
        96       0.457639        4.32029        115.821        5.97218         5.4025        5.50337       -635.062     /gpfs/hpu/EHT2/IHARM_inc-5/MAD_a+0.94_384x192x192_IHARM/m_1_1_10/image_a+0.94_0096_168_0_230.e9_6.2e9_6.16354e+24_10.dat
        97       0.411473        3.97372        169.888        4.73051        4.95503        4.75548       -589.986     /gpfs/hpu/EHT2/IHARM_inc-5/MAD_a+0.94_384x192x192_IHARM/m_1_1_10/image_a+0.94_0097_168_0_230.e9_6.2e9_6.16354e+24_10.dat
        98       0.522246        4.01306        134.672        8.59376        8.55583        8.37767       -826.497     /gpfs/hpu/EHT2/IHARM_inc-5/MAD_a+0.94_384x192x192_IHARM/m_1_1_10/image_a+0.94_0098_168_0_230.e9_6.2e9_6.16354e+24_10.dat
        99       0.509153        3.88748        179.678        12.1635        6.71097        8.69141       -886.127     /gpfs/hpu/EHT2/IHARM_inc-5/MAD_a+0.94_384x192x192_IHARM/m_1_1_10/image_a+0.94_0099_168_0_230.e9_6.2e9_6.16354e+24_10.dat
