   # Index         I (Jy)      M/D (uas)       PA (deg)  VA red. chisq  CP red. chisq     red. chisq     log-liklhd     FileName
         0       0.599845        4.11804        182.867        19.5114        35.0576        27.8269       -3004.75     /gpfs/hpu/EHT2/IHARM_inc+5/MAD_a+0.75_384x192x192_IHARM/m_1_1_10/image_a+0.75_0000_158_0_230.e9_6.2e9_7.06451e+24_10.dat
         1       0.486763        4.24693        114.743        9.31708        12.8022        11.1044       -1371.43     /gpfs/hpu/EHT2/IHARM_inc+5/MAD_a+0.75_384x192x192_IHARM/m_1_1_10/image_a+0.75_0001_158_0_230.e9_6.2e9_7.06451e+24_10.dat
         2       0.524157         4.2703         70.673         5.5298        16.7686        11.6747       -1421.76     /gpfs/hpu/EHT2/IHARM_inc+5/MAD_a+0.75_384x192x192_IHARM/m_1_1_10/image_a+0.75_0002_158_0_230.e9_6.2e9_7.06451e+24_10.dat
         3       0.610533        4.12059        60.3909        3.86137        7.91623        6.04938       -904.361     /gpfs/hpu/EHT2/IHARM_inc+5/MAD_a+0.75_384x192x192_IHARM/m_1_1_10/image_a+0.75_0003_158_0_230.e9_6.2e9_7.06451e+24_10.dat
         4       0.641779        4.43952        188.717        15.1618        28.9868        22.5908       -2550.97     /gpfs/hpu/EHT2/IHARM_inc+5/MAD_a+0.75_384x192x192_IHARM/m_1_1_10/image_a+0.75_0004_158_0_230.e9_6.2e9_7.06451e+24_10.dat
         5       0.723244        3.98159        52.6854        9.30616        14.3543        11.9602          -1504     /gpfs/hpu/EHT2/IHARM_inc+5/MAD_a+0.75_384x192x192_IHARM/m_1_1_10/image_a+0.75_0005_158_0_230.e9_6.2e9_7.06451e+24_10.dat
         6        0.49205        3.75784        53.2448        9.81777        22.1965         16.528       -1919.06     /gpfs/hpu/EHT2/IHARM_inc+5/MAD_a+0.75_384x192x192_IHARM/m_1_1_10/image_a+0.75_0006_158_0_230.e9_6.2e9_7.06451e+24_10.dat
         7        0.64155        3.64539        39.1013        19.7026        19.2348         19.137       -2171.04     /gpfs/hpu/EHT2/IHARM_inc+5/MAD_a+0.75_384x192x192_IHARM/m_1_1_10/image_a+0.75_0007_158_0_230.e9_6.2e9_7.06451e+24_10.dat
         8       0.906103        4.91066        23.0571        42.9647         37.277        39.1436       -4129.82     /gpfs/hpu/EHT2/IHARM_inc+5/MAD_a+0.75_384x192x192_IHARM/m_1_1_10/image_a+0.75_0008_158_0_230.e9_6.2e9_7.06451e+24_10.dat
         9        0.73874        4.24968        126.874        12.5673        15.0403         13.743       -1690.63     /gpfs/hpu/EHT2/IHARM_inc+5/MAD_a+0.75_384x192x192_IHARM/m_1_1_10/image_a+0.75_0009_158_0_230.e9_6.2e9_7.06451e+24_10.dat
        10        0.75393        4.29546        119.999        5.17629        3.30726        4.05963       -695.074     /gpfs/hpu/EHT2/IHARM_inc+5/MAD_a+0.75_384x192x192_IHARM/m_1_1_10/image_a+0.75_0010_158_0_230.e9_6.2e9_7.06451e+24_10.dat
        11       0.504154         3.8081        174.179        7.14521        30.7515        20.1216       -2271.17     /gpfs/hpu/EHT2/IHARM_inc+5/MAD_a+0.75_384x192x192_IHARM/m_1_1_10/image_a+0.75_0011_158_0_230.e9_6.2e9_7.06451e+24_10.dat
        12       0.781214        4.43328        69.0277        10.2801        10.7453        10.3782       -1383.43     /gpfs/hpu/EHT2/IHARM_inc+5/MAD_a+0.75_384x192x192_IHARM/m_1_1_10/image_a+0.75_0012_158_0_230.e9_6.2e9_7.06451e+24_10.dat
        13       0.745117        4.63962        46.0712         54.155        45.8297        48.6976       -5044.99     /gpfs/hpu/EHT2/IHARM_inc+5/MAD_a+0.75_384x192x192_IHARM/m_1_1_10/image_a+0.75_0013_158_0_230.e9_6.2e9_7.06451e+24_10.dat
        14       0.503953        3.67314          163.3        22.6429        46.7995        35.6834       -3762.94     /gpfs/hpu/EHT2/IHARM_inc+5/MAD_a+0.75_384x192x192_IHARM/m_1_1_10/image_a+0.75_0014_158_0_230.e9_6.2e9_7.06451e+24_10.dat
        15       0.521107        4.24663        135.013        4.69794        26.3161        16.6101       -1920.83     /gpfs/hpu/EHT2/IHARM_inc+5/MAD_a+0.75_384x192x192_IHARM/m_1_1_10/image_a+0.75_0015_158_0_230.e9_6.2e9_7.06451e+24_10.dat
        16       0.931004        4.31168        108.222        68.0556        74.8429        70.7607       -7269.36     /gpfs/hpu/EHT2/IHARM_inc+5/MAD_a+0.75_384x192x192_IHARM/m_1_1_10/image_a+0.75_0016_158_0_230.e9_6.2e9_7.06451e+24_10.dat
        17        0.51346        3.93217        193.328        9.28718        19.9956        15.0796       -1797.47     /gpfs/hpu/EHT2/IHARM_inc+5/MAD_a+0.75_384x192x192_IHARM/m_1_1_10/image_a+0.75_0017_158_0_230.e9_6.2e9_7.06451e+24_10.dat
        18       0.469123        4.38113          184.9        8.76584        19.4605        14.5587       -1694.48     /gpfs/hpu/EHT2/IHARM_inc+5/MAD_a+0.75_384x192x192_IHARM/m_1_1_10/image_a+0.75_0018_158_0_230.e9_6.2e9_7.06451e+24_10.dat
        19        0.50162        4.26156         86.266        12.2514        30.8359        22.3643       -2485.57     /gpfs/hpu/EHT2/IHARM_inc+5/MAD_a+0.75_384x192x192_IHARM/m_1_1_10/image_a+0.75_0019_158_0_230.e9_6.2e9_7.06451e+24_10.dat
        20       0.475612         4.3438        55.6372        7.17927        12.8432        10.2078       -1297.79     /gpfs/hpu/EHT2/IHARM_inc+5/MAD_a+0.75_384x192x192_IHARM/m_1_1_10/image_a+0.75_0020_158_0_230.e9_6.2e9_7.06451e+24_10.dat
        21       0.570168        4.50973        48.9309        23.7869        15.7119        18.9403       -2136.85     /gpfs/hpu/EHT2/IHARM_inc+5/MAD_a+0.75_384x192x192_IHARM/m_1_1_10/image_a+0.75_0021_158_0_230.e9_6.2e9_7.06451e+24_10.dat
        22       0.502642         4.2925         167.36        27.8987        33.1484        30.3755       -3273.47     /gpfs/hpu/EHT2/IHARM_inc+5/MAD_a+0.75_384x192x192_IHARM/m_1_1_10/image_a+0.75_0022_158_0_230.e9_6.2e9_7.06451e+24_10.dat
        23       0.692145        4.33621        149.102        33.4892        22.4057        26.8239       -2964.14     /gpfs/hpu/EHT2/IHARM_inc+5/MAD_a+0.75_384x192x192_IHARM/m_1_1_10/image_a+0.75_0023_158_0_230.e9_6.2e9_7.06451e+24_10.dat
        24        0.85372        4.09656        30.1403        21.3913        17.8064        19.0713       -2347.82     /gpfs/hpu/EHT2/IHARM_inc+5/MAD_a+0.75_384x192x192_IHARM/m_1_1_10/image_a+0.75_0024_158_0_230.e9_6.2e9_7.06451e+24_10.dat
        25        1.39426        4.37099        5.74066        47.3521        38.5122        41.7152       -4467.68     /gpfs/hpu/EHT2/IHARM_inc+5/MAD_a+0.75_384x192x192_IHARM/m_1_1_10/image_a+0.75_0025_158_0_230.e9_6.2e9_7.06451e+24_10.dat
        26       0.781854        3.73847        129.525        21.4748        48.7794        36.2788       -3839.88     /gpfs/hpu/EHT2/IHARM_inc+5/MAD_a+0.75_384x192x192_IHARM/m_1_1_10/image_a+0.75_0026_158_0_230.e9_6.2e9_7.06451e+24_10.dat
        27        0.93347        4.57976        59.4252        54.9283        74.9608        65.1806       -6622.93     /gpfs/hpu/EHT2/IHARM_inc+5/MAD_a+0.75_384x192x192_IHARM/m_1_1_10/image_a+0.75_0027_158_0_230.e9_6.2e9_7.06451e+24_10.dat
        28       0.943774        3.62709        199.351        29.7705        50.7194        40.9219       -6084.58     /gpfs/hpu/EHT2/IHARM_inc+5/MAD_a+0.75_384x192x192_IHARM/m_1_1_10/image_a+0.75_0028_158_0_230.e9_6.2e9_7.06451e+24_10.dat
        29       0.684354        3.49011       -234.973          41.37        34.3528        36.8366       -4642.23     /gpfs/hpu/EHT2/IHARM_inc+5/MAD_a+0.75_384x192x192_IHARM/m_1_1_10/image_a+0.75_0029_158_0_230.e9_6.2e9_7.06451e+24_10.dat
        30       0.527355        3.73446       -252.534        16.9242        16.1463        16.2299       -1882.46     /gpfs/hpu/EHT2/IHARM_inc+5/MAD_a+0.75_384x192x192_IHARM/m_1_1_10/image_a+0.75_0030_158_0_230.e9_6.2e9_7.06451e+24_10.dat
        31       0.560749        4.38989       -261.755        5.03758        11.4027        8.48814       -1137.06     /gpfs/hpu/EHT2/IHARM_inc+5/MAD_a+0.75_384x192x192_IHARM/m_1_1_10/image_a+0.75_0031_158_0_230.e9_6.2e9_7.06451e+24_10.dat
        32       0.725339        4.52002       -273.066        29.5675        33.4626        31.2674       -3366.09     /gpfs/hpu/EHT2/IHARM_inc+5/MAD_a+0.75_384x192x192_IHARM/m_1_1_10/image_a+0.75_0032_158_0_230.e9_6.2e9_7.06451e+24_10.dat
        33       0.528078         4.2918       -274.075        14.2718        21.5379        18.0783       -2043.02     /gpfs/hpu/EHT2/IHARM_inc+5/MAD_a+0.75_384x192x192_IHARM/m_1_1_10/image_a+0.75_0033_158_0_230.e9_6.2e9_7.06451e+24_10.dat
        34        1.06099        4.64961       -265.357        46.8492         89.401        69.7119        -7330.2     /gpfs/hpu/EHT2/IHARM_inc+5/MAD_a+0.75_384x192x192_IHARM/m_1_1_10/image_a+0.75_0034_158_0_230.e9_6.2e9_7.06451e+24_10.dat
        35       0.591004        4.81591       -312.169        52.0718        28.1174         37.982       -3978.09     /gpfs/hpu/EHT2/IHARM_inc+5/MAD_a+0.75_384x192x192_IHARM/m_1_1_10/image_a+0.75_0035_158_0_230.e9_6.2e9_7.06451e+24_10.dat
        36       0.476535        4.19689       -308.564        13.0189        28.4551        21.3744       -2368.54     /gpfs/hpu/EHT2/IHARM_inc+5/MAD_a+0.75_384x192x192_IHARM/m_1_1_10/image_a+0.75_0036_158_0_230.e9_6.2e9_7.06451e+24_10.dat
        37       0.610794        4.40095       -193.635        11.6412        30.0826        21.6843       -2424.47     /gpfs/hpu/EHT2/IHARM_inc+5/MAD_a+0.75_384x192x192_IHARM/m_1_1_10/image_a+0.75_0037_158_0_230.e9_6.2e9_7.06451e+24_10.dat
        38       0.506883        4.07366       -298.823        17.9984        22.7309        20.3424        -2284.4     /gpfs/hpu/EHT2/IHARM_inc+5/MAD_a+0.75_384x192x192_IHARM/m_1_1_10/image_a+0.75_0038_158_0_230.e9_6.2e9_7.06451e+24_10.dat
        39       0.440269        4.08356       -275.422        17.0334        15.5932        15.9702       -1839.04     /gpfs/hpu/EHT2/IHARM_inc+5/MAD_a+0.75_384x192x192_IHARM/m_1_1_10/image_a+0.75_0039_158_0_230.e9_6.2e9_7.06451e+24_10.dat
        40       0.638367        4.50302       -289.834        4.68793        9.60981        7.34377       -1050.07     /gpfs/hpu/EHT2/IHARM_inc+5/MAD_a+0.75_384x192x192_IHARM/m_1_1_10/image_a+0.75_0040_158_0_230.e9_6.2e9_7.06451e+24_10.dat
        41       0.503245         4.4857       -180.145         8.0738        23.9658        16.7589       -1944.42     /gpfs/hpu/EHT2/IHARM_inc+5/MAD_a+0.75_384x192x192_IHARM/m_1_1_10/image_a+0.75_0041_158_0_230.e9_6.2e9_7.06451e+24_10.dat
        42       0.520368        4.53471       -176.346         17.988        49.2371         35.033       -3734.69     /gpfs/hpu/EHT2/IHARM_inc+5/MAD_a+0.75_384x192x192_IHARM/m_1_1_10/image_a+0.75_0042_158_0_230.e9_6.2e9_7.06451e+24_10.dat
        43       0.477912        4.32106       -310.827        25.8919        33.1127        29.4927       -3152.26     /gpfs/hpu/EHT2/IHARM_inc+5/MAD_a+0.75_384x192x192_IHARM/m_1_1_10/image_a+0.75_0043_158_0_230.e9_6.2e9_7.06451e+24_10.dat
        44       0.490995        4.20642       -311.447        9.41923        27.8604        19.4967       -2203.75     /gpfs/hpu/EHT2/IHARM_inc+5/MAD_a+0.75_384x192x192_IHARM/m_1_1_10/image_a+0.75_0044_158_0_230.e9_6.2e9_7.06451e+24_10.dat
        45       0.415884        4.22151       -266.441        9.62193        19.8418        15.1383       -1758.66     /gpfs/hpu/EHT2/IHARM_inc+5/MAD_a+0.75_384x192x192_IHARM/m_1_1_10/image_a+0.75_0045_158_0_230.e9_6.2e9_7.06451e+24_10.dat
        46       0.431939        4.43045       -176.642        15.8019         35.494        26.4737       -2885.63     /gpfs/hpu/EHT2/IHARM_inc+5/MAD_a+0.75_384x192x192_IHARM/m_1_1_10/image_a+0.75_0046_158_0_230.e9_6.2e9_7.06451e+24_10.dat
        47       0.504285        4.23576        -297.58        14.3199        14.0549        13.9504       -1646.29     /gpfs/hpu/EHT2/IHARM_inc+5/MAD_a+0.75_384x192x192_IHARM/m_1_1_10/image_a+0.75_0047_158_0_230.e9_6.2e9_7.06451e+24_10.dat
        48       0.482663        4.42737       -285.733        12.4209        11.9476        11.9654       -1452.13     /gpfs/hpu/EHT2/IHARM_inc+5/MAD_a+0.75_384x192x192_IHARM/m_1_1_10/image_a+0.75_0048_158_0_230.e9_6.2e9_7.06451e+24_10.dat
        49        0.43827        4.19482        -198.01        12.8369        31.7721        23.1351       -2612.78     /gpfs/hpu/EHT2/IHARM_inc+5/MAD_a+0.75_384x192x192_IHARM/m_1_1_10/image_a+0.75_0049_158_0_230.e9_6.2e9_7.06451e+24_10.dat
        50       0.455068        4.47249       -159.299        10.9854        19.2448        15.3937       -1788.33     /gpfs/hpu/EHT2/IHARM_inc+5/MAD_a+0.75_384x192x192_IHARM/m_1_1_10/image_a+0.75_0050_158_0_230.e9_6.2e9_7.06451e+24_10.dat
        51       0.465509         4.2357        -279.74        19.2012        14.9443        16.5427       -1914.96     /gpfs/hpu/EHT2/IHARM_inc+5/MAD_a+0.75_384x192x192_IHARM/m_1_1_10/image_a+0.75_0051_158_0_230.e9_6.2e9_7.06451e+24_10.dat
        52       0.540743        4.35624        -305.24        63.7803          20.58        38.8385       -4068.34     /gpfs/hpu/EHT2/IHARM_inc+5/MAD_a+0.75_384x192x192_IHARM/m_1_1_10/image_a+0.75_0052_158_0_230.e9_6.2e9_7.06451e+24_10.dat
        53       0.420901        4.12402        -301.96        24.2703        25.7562        24.7168       -2680.95     /gpfs/hpu/EHT2/IHARM_inc+5/MAD_a+0.75_384x192x192_IHARM/m_1_1_10/image_a+0.75_0053_158_0_230.e9_6.2e9_7.06451e+24_10.dat
        54        0.48075        4.08009       -292.487        9.88835        29.2844        20.4879       -2285.53     /gpfs/hpu/EHT2/IHARM_inc+5/MAD_a+0.75_384x192x192_IHARM/m_1_1_10/image_a+0.75_0054_158_0_230.e9_6.2e9_7.06451e+24_10.dat
        55       0.471271         4.1696       -286.175        9.89271        13.4109        11.6894       -1424.97     /gpfs/hpu/EHT2/IHARM_inc+5/MAD_a+0.75_384x192x192_IHARM/m_1_1_10/image_a+0.75_0055_158_0_230.e9_6.2e9_7.06451e+24_10.dat
        56       0.455746        4.27499       -308.706        10.2917        22.8943        17.1187       -1944.61     /gpfs/hpu/EHT2/IHARM_inc+5/MAD_a+0.75_384x192x192_IHARM/m_1_1_10/image_a+0.75_0056_158_0_230.e9_6.2e9_7.06451e+24_10.dat
        57       0.428089        3.99111       -307.002        9.78872        30.3236        21.0212       -2342.53     /gpfs/hpu/EHT2/IHARM_inc+5/MAD_a+0.75_384x192x192_IHARM/m_1_1_10/image_a+0.75_0057_158_0_230.e9_6.2e9_7.06451e+24_10.dat
        58        0.44366        3.99075       -277.619        8.89457        18.6999        14.1924       -1694.85     /gpfs/hpu/EHT2/IHARM_inc+5/MAD_a+0.75_384x192x192_IHARM/m_1_1_10/image_a+0.75_0058_158_0_230.e9_6.2e9_7.06451e+24_10.dat
        59       0.436253        3.92517       -185.777        8.13291        20.8329        15.0474        -1758.3     /gpfs/hpu/EHT2/IHARM_inc+5/MAD_a+0.75_384x192x192_IHARM/m_1_1_10/image_a+0.75_0059_158_0_230.e9_6.2e9_7.06451e+24_10.dat
        60       0.473398        4.20604       -207.328        14.3088        33.0582        24.4812       -2676.98     /gpfs/hpu/EHT2/IHARM_inc+5/MAD_a+0.75_384x192x192_IHARM/m_1_1_10/image_a+0.75_0060_158_0_230.e9_6.2e9_7.06451e+24_10.dat
        61       0.506793        3.76436        -263.94        6.95998        4.59123        5.53855       -845.917     /gpfs/hpu/EHT2/IHARM_inc+5/MAD_a+0.75_384x192x192_IHARM/m_1_1_10/image_a+0.75_0061_158_0_230.e9_6.2e9_7.06451e+24_10.dat
        62       0.490466        3.58947       -276.097        12.6559        13.5583        12.9595       -1561.13     /gpfs/hpu/EHT2/IHARM_inc+5/MAD_a+0.75_384x192x192_IHARM/m_1_1_10/image_a+0.75_0062_158_0_230.e9_6.2e9_7.06451e+24_10.dat
        63       0.679262        4.00436        -279.64        7.00079        10.4031        8.77822        -1175.8     /gpfs/hpu/EHT2/IHARM_inc+5/MAD_a+0.75_384x192x192_IHARM/m_1_1_10/image_a+0.75_0063_158_0_230.e9_6.2e9_7.06451e+24_10.dat
        64       0.766581        3.68228       -309.033         27.206        38.6845        33.1468       -3538.71     /gpfs/hpu/EHT2/IHARM_inc+5/MAD_a+0.75_384x192x192_IHARM/m_1_1_10/image_a+0.75_0064_158_0_230.e9_6.2e9_7.06451e+24_10.dat
        65       0.713861        3.72356        -359.81        25.4381        34.0314        29.8069       -3263.12     /gpfs/hpu/EHT2/IHARM_inc+5/MAD_a+0.75_384x192x192_IHARM/m_1_1_10/image_a+0.75_0065_158_0_230.e9_6.2e9_7.06451e+24_10.dat
        66       0.570586        4.22526       -349.382        9.66295        26.8901        19.0635       -2187.88     /gpfs/hpu/EHT2/IHARM_inc+5/MAD_a+0.75_384x192x192_IHARM/m_1_1_10/image_a+0.75_0066_158_0_230.e9_6.2e9_7.06451e+24_10.dat
        67       0.674389        4.36362       -305.382        46.4552        33.0282        38.2892       -4157.85     /gpfs/hpu/EHT2/IHARM_inc+5/MAD_a+0.75_384x192x192_IHARM/m_1_1_10/image_a+0.75_0067_158_0_230.e9_6.2e9_7.06451e+24_10.dat
        68       0.765961        4.70862       -307.941        25.1236        15.4597        19.3754       -2208.12     /gpfs/hpu/EHT2/IHARM_inc+5/MAD_a+0.75_384x192x192_IHARM/m_1_1_10/image_a+0.75_0068_158_0_230.e9_6.2e9_7.06451e+24_10.dat
        69       0.484653        3.88583       -202.083        18.8933        25.0981        22.0396       -2453.68     /gpfs/hpu/EHT2/IHARM_inc+5/MAD_a+0.75_384x192x192_IHARM/m_1_1_10/image_a+0.75_0069_158_0_230.e9_6.2e9_7.06451e+24_10.dat
        70       0.535483        4.29851       -150.111        14.9698        35.4425        26.0873        -2846.7     /gpfs/hpu/EHT2/IHARM_inc+5/MAD_a+0.75_384x192x192_IHARM/m_1_1_10/image_a+0.75_0070_158_0_230.e9_6.2e9_7.06451e+24_10.dat
        71       0.480347        4.02415       -295.714        11.2515        40.0499        27.0426        -2934.8     /gpfs/hpu/EHT2/IHARM_inc+5/MAD_a+0.75_384x192x192_IHARM/m_1_1_10/image_a+0.75_0071_158_0_230.e9_6.2e9_7.06451e+24_10.dat
        72       0.459407        4.20253       -301.034         27.887        40.2845        34.3268       -3626.02     /gpfs/hpu/EHT2/IHARM_inc+5/MAD_a+0.75_384x192x192_IHARM/m_1_1_10/image_a+0.75_0072_158_0_230.e9_6.2e9_7.06451e+24_10.dat
        73       0.407764        3.88975       -262.409        15.5321        11.0077        12.7823       -1546.49     /gpfs/hpu/EHT2/IHARM_inc+5/MAD_a+0.75_384x192x192_IHARM/m_1_1_10/image_a+0.75_0073_158_0_230.e9_6.2e9_7.06451e+24_10.dat
        74       0.361572        3.97523       -285.535        12.6844        28.1114          21.04        -2331.2     /gpfs/hpu/EHT2/IHARM_inc+5/MAD_a+0.75_384x192x192_IHARM/m_1_1_10/image_a+0.75_0074_158_0_230.e9_6.2e9_7.06451e+24_10.dat
        75       0.467191        4.01294       -286.486        15.4575        15.7827        15.3975        -1790.6     /gpfs/hpu/EHT2/IHARM_inc+5/MAD_a+0.75_384x192x192_IHARM/m_1_1_10/image_a+0.75_0075_158_0_230.e9_6.2e9_7.06451e+24_10.dat
        76       0.429846        4.11982       -296.553        10.5656        13.3639        11.9528       -1455.44     /gpfs/hpu/EHT2/IHARM_inc+5/MAD_a+0.75_384x192x192_IHARM/m_1_1_10/image_a+0.75_0076_158_0_230.e9_6.2e9_7.06451e+24_10.dat
        77       0.472642        4.25929       -312.319        14.1953         19.767        17.0636       -1960.59     /gpfs/hpu/EHT2/IHARM_inc+5/MAD_a+0.75_384x192x192_IHARM/m_1_1_10/image_a+0.75_0077_158_0_230.e9_6.2e9_7.06451e+24_10.dat
        78       0.515653        4.24092       -327.962        14.1724        18.6081        16.4112       -1911.95     /gpfs/hpu/EHT2/IHARM_inc+5/MAD_a+0.75_384x192x192_IHARM/m_1_1_10/image_a+0.75_0078_158_0_230.e9_6.2e9_7.06451e+24_10.dat
        79       0.465145        4.01409       -210.161        10.9336        20.6429        16.1465       -1878.26     /gpfs/hpu/EHT2/IHARM_inc+5/MAD_a+0.75_384x192x192_IHARM/m_1_1_10/image_a+0.75_0079_158_0_230.e9_6.2e9_7.06451e+24_10.dat
        80       0.554801        3.96817       -268.511        8.96041        12.4297        10.7445        -1345.5     /gpfs/hpu/EHT2/IHARM_inc+5/MAD_a+0.75_384x192x192_IHARM/m_1_1_10/image_a+0.75_0080_158_0_230.e9_6.2e9_7.06451e+24_10.dat
        81       0.427563         3.6811         -243.4        18.3755        24.9218        21.7192       -2398.53     /gpfs/hpu/EHT2/IHARM_inc+5/MAD_a+0.75_384x192x192_IHARM/m_1_1_10/image_a+0.75_0081_158_0_230.e9_6.2e9_7.06451e+24_10.dat
        82       0.656595        4.12715        -190.28        8.16775        20.6664        14.9701       -1803.06     /gpfs/hpu/EHT2/IHARM_inc+5/MAD_a+0.75_384x192x192_IHARM/m_1_1_10/image_a+0.75_0082_158_0_230.e9_6.2e9_7.06451e+24_10.dat
        83       0.534581         3.8637       -285.669        7.55232        12.4093        10.1276       -1287.58     /gpfs/hpu/EHT2/IHARM_inc+5/MAD_a+0.75_384x192x192_IHARM/m_1_1_10/image_a+0.75_0083_158_0_230.e9_6.2e9_7.06451e+24_10.dat
        84       0.518502        4.24169       -293.539        46.5084        52.1923        48.9366        -5050.4     /gpfs/hpu/EHT2/IHARM_inc+5/MAD_a+0.75_384x192x192_IHARM/m_1_1_10/image_a+0.75_0084_158_0_230.e9_6.2e9_7.06451e+24_10.dat
        85       0.823968        4.24981       -217.028        25.8691        48.8916        38.2308        -4051.9     /gpfs/hpu/EHT2/IHARM_inc+5/MAD_a+0.75_384x192x192_IHARM/m_1_1_10/image_a+0.75_0085_158_0_230.e9_6.2e9_7.06451e+24_10.dat
        86       0.815275        3.96303        -288.31        28.5512        13.1611        19.5751       -2251.37     /gpfs/hpu/EHT2/IHARM_inc+5/MAD_a+0.75_384x192x192_IHARM/m_1_1_10/image_a+0.75_0086_158_0_230.e9_6.2e9_7.06451e+24_10.dat
        87        0.59915        4.12742       -306.776        7.79092        29.8241        19.8851       -2259.84     /gpfs/hpu/EHT2/IHARM_inc+5/MAD_a+0.75_384x192x192_IHARM/m_1_1_10/image_a+0.75_0087_158_0_230.e9_6.2e9_7.06451e+24_10.dat
        88        0.48788        3.89472       -287.363        9.76007        27.7874        19.6028       -2219.81     /gpfs/hpu/EHT2/IHARM_inc+5/MAD_a+0.75_384x192x192_IHARM/m_1_1_10/image_a+0.75_0088_158_0_230.e9_6.2e9_7.06451e+24_10.dat
        89       0.480372         4.0614       -296.964        14.9337        24.0451         19.753       -2214.39     /gpfs/hpu/EHT2/IHARM_inc+5/MAD_a+0.75_384x192x192_IHARM/m_1_1_10/image_a+0.75_0089_158_0_230.e9_6.2e9_7.06451e+24_10.dat
        90        0.49122        4.41546       -299.941        32.5817        25.6565        28.2359       -3035.89     /gpfs/hpu/EHT2/IHARM_inc+5/MAD_a+0.75_384x192x192_IHARM/m_1_1_10/image_a+0.75_0090_158_0_230.e9_6.2e9_7.06451e+24_10.dat
        91       0.550126        4.51719       -327.023        30.4698        23.5425        26.1557       -2829.65     /gpfs/hpu/EHT2/IHARM_inc+5/MAD_a+0.75_384x192x192_IHARM/m_1_1_10/image_a+0.75_0091_158_0_230.e9_6.2e9_7.06451e+24_10.dat
        92         0.4637        4.26946       -313.031        12.4369        25.3034        19.3768       -2166.81     /gpfs/hpu/EHT2/IHARM_inc+5/MAD_a+0.75_384x192x192_IHARM/m_1_1_10/image_a+0.75_0092_158_0_230.e9_6.2e9_7.06451e+24_10.dat
        93       0.452176        3.99566       -274.149        14.8324        12.1284        13.1028       -1568.88     /gpfs/hpu/EHT2/IHARM_inc+5/MAD_a+0.75_384x192x192_IHARM/m_1_1_10/image_a+0.75_0093_158_0_230.e9_6.2e9_7.06451e+24_10.dat
        94       0.498264        4.27387       -303.711        18.2275        23.2324        20.7189       -2313.08     /gpfs/hpu/EHT2/IHARM_inc+5/MAD_a+0.75_384x192x192_IHARM/m_1_1_10/image_a+0.75_0094_158_0_230.e9_6.2e9_7.06451e+24_10.dat
        95        0.47684        4.16229       -304.579        9.02865        30.7659        20.9396       -2337.34     /gpfs/hpu/EHT2/IHARM_inc+5/MAD_a+0.75_384x192x192_IHARM/m_1_1_10/image_a+0.75_0095_158_0_230.e9_6.2e9_7.06451e+24_10.dat
        96       0.394503        3.69482       -266.324        25.7264        32.5163        29.0908       -3113.27     /gpfs/hpu/EHT2/IHARM_inc+5/MAD_a+0.75_384x192x192_IHARM/m_1_1_10/image_a+0.75_0096_158_0_230.e9_6.2e9_7.06451e+24_10.dat
        97       0.486935        4.07023       -301.831        9.43647        13.5138        11.5503       -1423.45     /gpfs/hpu/EHT2/IHARM_inc+5/MAD_a+0.75_384x192x192_IHARM/m_1_1_10/image_a+0.75_0097_158_0_230.e9_6.2e9_7.06451e+24_10.dat
        98       0.559646        3.61149       -312.268        7.16701        27.2579        18.1941       -2073.43     /gpfs/hpu/EHT2/IHARM_inc+5/MAD_a+0.75_384x192x192_IHARM/m_1_1_10/image_a+0.75_0098_158_0_230.e9_6.2e9_7.06451e+24_10.dat
        99       0.624022        3.72064       -341.838        8.24325        16.0393        12.4373       -1565.22     /gpfs/hpu/EHT2/IHARM_inc+5/MAD_a+0.75_384x192x192_IHARM/m_1_1_10/image_a+0.75_0099_158_0_230.e9_6.2e9_7.06451e+24_10.dat
