   # Index         I (Jy)      M/D (uas)       PA (deg)  VA red. chisq  CP red. chisq     red. chisq     log-liklhd     FileName
         0       0.519099        2.32722        70.4822        7.50464         16.393        11.9995       -625.167     /gpfs/hpu/EHT2/IHARM/SANE/SANE_a0_288x128x128_IHARM/m_1_1_1/image_a0_1000_163_0_230.e9_6.2e9_1.38083e+28_1.dat
         1       0.554038        2.31946       -136.394        16.0621        14.8398        14.8186       -799.923     /gpfs/hpu/EHT2/IHARM/SANE/SANE_a0_288x128x128_IHARM/m_1_1_1/image_a0_1010_163_0_230.e9_6.2e9_1.38083e+28_1.dat
         2       0.498763        2.20408       -302.894        11.3092         31.512         21.736       -1043.89     /gpfs/hpu/EHT2/IHARM/SANE/SANE_a0_288x128x128_IHARM/m_1_1_1/image_a0_1020_163_0_230.e9_6.2e9_1.38083e+28_1.dat
         3       0.555417        2.35614       -318.512        23.0038        30.5987        26.2375       -1213.62     /gpfs/hpu/EHT2/IHARM/SANE/SANE_a0_288x128x128_IHARM/m_1_1_1/image_a0_1030_163_0_230.e9_6.2e9_1.38083e+28_1.dat
         4       0.753636        2.08302        -234.44        38.6235        26.1527        30.5188        -1473.9     /gpfs/hpu/EHT2/IHARM/SANE/SANE_a0_288x128x128_IHARM/m_1_1_1/image_a0_1040_163_0_230.e9_6.2e9_1.38083e+28_1.dat
         5       0.474782        2.29515       -148.466        14.2249         18.104         15.786       -808.786     /gpfs/hpu/EHT2/IHARM/SANE/SANE_a0_288x128x128_IHARM/m_1_1_1/image_a0_1050_163_0_230.e9_6.2e9_1.38083e+28_1.dat
         6       0.469971        2.17602       -210.398        30.9932         15.885        21.7525       -1032.79     /gpfs/hpu/EHT2/IHARM/SANE/SANE_a0_288x128x128_IHARM/m_1_1_1/image_a0_1060_163_0_230.e9_6.2e9_1.38083e+28_1.dat
         7        0.67171        2.24093       -295.842        13.9277        31.1209        22.6437       -1105.08     /gpfs/hpu/EHT2/IHARM/SANE/SANE_a0_288x128x128_IHARM/m_1_1_1/image_a0_1070_163_0_230.e9_6.2e9_1.38083e+28_1.dat
         8       0.785133        2.27923       -306.014        65.1313        36.9574        47.6308       -2135.73     /gpfs/hpu/EHT2/IHARM/SANE/SANE_a0_288x128x128_IHARM/m_1_1_1/image_a0_1080_163_0_230.e9_6.2e9_1.38083e+28_1.dat
         9       0.438888         2.1031        -342.93        10.8311        24.9423        18.0067       -893.516     /gpfs/hpu/EHT2/IHARM/SANE/SANE_a0_288x128x128_IHARM/m_1_1_1/image_a0_1090_163_0_230.e9_6.2e9_1.38083e+28_1.dat
        10       0.739577         2.0796       -261.815        20.8438        23.2658        21.3809       -1062.53     /gpfs/hpu/EHT2/IHARM/SANE/SANE_a0_288x128x128_IHARM/m_1_1_1/image_a0_1100_163_0_230.e9_6.2e9_1.38083e+28_1.dat
        11        0.52303        2.34939       -298.826        8.96709        36.3528        23.3338       -1117.21     /gpfs/hpu/EHT2/IHARM/SANE/SANE_a0_288x128x128_IHARM/m_1_1_1/image_a0_1110_163_0_230.e9_6.2e9_1.38083e+28_1.dat
        12       0.815437        2.18421       -187.339         34.212        14.9596        22.6298       -1091.62     /gpfs/hpu/EHT2/IHARM/SANE/SANE_a0_288x128x128_IHARM/m_1_1_1/image_a0_1120_163_0_230.e9_6.2e9_1.38083e+28_1.dat
        13       0.570691        2.07185        64.9693         18.464         31.472        24.7684       -1174.24     /gpfs/hpu/EHT2/IHARM/SANE/SANE_a0_288x128x128_IHARM/m_1_1_1/image_a0_1130_163_0_230.e9_6.2e9_1.38083e+28_1.dat
        14        0.41199        2.20168        54.3919        21.1166        35.5543        28.0911        -1304.8     /gpfs/hpu/EHT2/IHARM/SANE/SANE_a0_288x128x128_IHARM/m_1_1_1/image_a0_1140_163_0_230.e9_6.2e9_1.38083e+28_1.dat
        15        0.83894         2.2016        38.8846        72.9579        37.2841        51.1467       -2314.69     /gpfs/hpu/EHT2/IHARM/SANE/SANE_a0_288x128x128_IHARM/m_1_1_1/image_a0_1150_163_0_230.e9_6.2e9_1.38083e+28_1.dat
        16       0.424206        2.13893        18.4545        18.3009        28.5465         23.129       -1100.16     /gpfs/hpu/EHT2/IHARM/SANE/SANE_a0_288x128x128_IHARM/m_1_1_1/image_a0_1160_163_0_230.e9_6.2e9_1.38083e+28_1.dat
        17       0.627937        2.24278        71.5619        17.6145        14.4566        15.2756       -785.814     /gpfs/hpu/EHT2/IHARM/SANE/SANE_a0_288x128x128_IHARM/m_1_1_1/image_a0_1170_163_0_230.e9_6.2e9_1.38083e+28_1.dat
        18       0.643935        2.07874       -191.261        16.3942        16.6777        15.9465       -848.638     /gpfs/hpu/EHT2/IHARM/SANE/SANE_a0_288x128x128_IHARM/m_1_1_1/image_a0_1180_163_0_230.e9_6.2e9_1.38083e+28_1.dat
        19       0.599958        2.36251       -221.902        34.4281        17.3341        23.9961       -1125.35     /gpfs/hpu/EHT2/IHARM/SANE/SANE_a0_288x128x128_IHARM/m_1_1_1/image_a0_1190_163_0_230.e9_6.2e9_1.38083e+28_1.dat
        20       0.523214        2.26143       -168.481        33.4391        15.2128        22.4358       -1096.28     /gpfs/hpu/EHT2/IHARM/SANE/SANE_a0_288x128x128_IHARM/m_1_1_1/image_a0_1200_163_0_230.e9_6.2e9_1.38083e+28_1.dat
        21       0.525501        2.05382        116.986        32.8655        15.4529        22.3198       -1065.32     /gpfs/hpu/EHT2/IHARM/SANE/SANE_a0_288x128x128_IHARM/m_1_1_1/image_a0_1210_163_0_230.e9_6.2e9_1.38083e+28_1.dat
        22       0.694033        2.41218        120.039        10.8474        10.5469        10.2893       -567.571     /gpfs/hpu/EHT2/IHARM/SANE/SANE_a0_288x128x128_IHARM/m_1_1_1/image_a0_1220_163_0_230.e9_6.2e9_1.38083e+28_1.dat
        23       0.575327        2.44606        60.2609        27.3002        28.1744        26.7705        -1261.1     /gpfs/hpu/EHT2/IHARM/SANE/SANE_a0_288x128x128_IHARM/m_1_1_1/image_a0_1230_163_0_230.e9_6.2e9_1.38083e+28_1.dat
        24       0.749867        2.50188        64.7371        24.7282        21.7263        22.2127       -1075.22     /gpfs/hpu/EHT2/IHARM/SANE/SANE_a0_288x128x128_IHARM/m_1_1_1/image_a0_1240_163_0_230.e9_6.2e9_1.38083e+28_1.dat
        25       0.468501        2.28426       -203.779        47.3704        15.4412        28.5046       -1310.11     /gpfs/hpu/EHT2/IHARM/SANE/SANE_a0_288x128x128_IHARM/m_1_1_1/image_a0_1250_163_0_230.e9_6.2e9_1.38083e+28_1.dat
        26       0.574112        2.54252       -309.623        21.0338        35.3457        27.9438       -1361.66     /gpfs/hpu/EHT2/IHARM/SANE/SANE_a0_288x128x128_IHARM/m_1_1_1/image_a0_1260_163_0_230.e9_6.2e9_1.38083e+28_1.dat
        27       0.372023        2.17995       -308.511        15.7967        22.2697        18.6921       -898.457     /gpfs/hpu/EHT2/IHARM/SANE/SANE_a0_288x128x128_IHARM/m_1_1_1/image_a0_1270_163_0_230.e9_6.2e9_1.38083e+28_1.dat
        28       0.389526        2.29264       -265.467        50.3947        24.8865        34.8637       -1572.63     /gpfs/hpu/EHT2/IHARM/SANE/SANE_a0_288x128x128_IHARM/m_1_1_1/image_a0_1280_163_0_230.e9_6.2e9_1.38083e+28_1.dat
        29       0.553045        2.26864        -315.78        27.4922        35.2137        30.6297       -1427.18     /gpfs/hpu/EHT2/IHARM/SANE/SANE_a0_288x128x128_IHARM/m_1_1_1/image_a0_1290_163_0_230.e9_6.2e9_1.38083e+28_1.dat
        30       0.443368         2.4278       -307.262        30.1663        27.8181        27.8027       -1274.66     /gpfs/hpu/EHT2/IHARM/SANE/SANE_a0_288x128x128_IHARM/m_1_1_1/image_a0_1300_163_0_230.e9_6.2e9_1.38083e+28_1.dat
        31       0.470125        2.44338       -213.269        46.6803        23.5989        32.5874       -1479.58     /gpfs/hpu/EHT2/IHARM/SANE/SANE_a0_288x128x128_IHARM/m_1_1_1/image_a0_1310_163_0_230.e9_6.2e9_1.38083e+28_1.dat
        32        0.51118        2.64531       -248.252        40.6907        23.1517        29.7908       -1357.05     /gpfs/hpu/EHT2/IHARM/SANE/SANE_a0_288x128x128_IHARM/m_1_1_1/image_a0_1320_163_0_230.e9_6.2e9_1.38083e+28_1.dat
        33        1.75009        6.06565       -201.746        46.1341        20.6327        30.7626       -1758.16     /gpfs/hpu/EHT2/IHARM/SANE/SANE_a0_288x128x128_IHARM/m_1_1_1/image_a0_1330_163_0_230.e9_6.2e9_1.38083e+28_1.dat
        34       0.391745        2.22148       -316.875        24.0013        35.7155        29.4089       -1344.54     /gpfs/hpu/EHT2/IHARM/SANE/SANE_a0_288x128x128_IHARM/m_1_1_1/image_a0_1340_163_0_230.e9_6.2e9_1.38083e+28_1.dat
        35       0.538526        2.16619       -267.328        28.2856        19.3842        22.4744       -1086.99     /gpfs/hpu/EHT2/IHARM/SANE/SANE_a0_288x128x128_IHARM/m_1_1_1/image_a0_1350_163_0_230.e9_6.2e9_1.38083e+28_1.dat
        36       0.461884        2.36208        -170.33        22.4195        17.1436        18.7683       -960.523     /gpfs/hpu/EHT2/IHARM/SANE/SANE_a0_288x128x128_IHARM/m_1_1_1/image_a0_1360_163_0_230.e9_6.2e9_1.38083e+28_1.dat
        37       0.681736        2.31802       -284.105        20.4724         20.508        19.7425        -952.31     /gpfs/hpu/EHT2/IHARM/SANE/SANE_a0_288x128x128_IHARM/m_1_1_1/image_a0_1370_163_0_230.e9_6.2e9_1.38083e+28_1.dat
        38       0.725434        2.28424       -320.577        18.7894        33.9246        26.2233       -1276.66     /gpfs/hpu/EHT2/IHARM/SANE/SANE_a0_288x128x128_IHARM/m_1_1_1/image_a0_1380_163_0_230.e9_6.2e9_1.38083e+28_1.dat
        39       0.411855        2.34933       -289.859        10.3078        27.4585        19.1335       -913.008     /gpfs/hpu/EHT2/IHARM/SANE/SANE_a0_288x128x128_IHARM/m_1_1_1/image_a0_1390_163_0_230.e9_6.2e9_1.38083e+28_1.dat
        40       0.585912        2.50986       -332.524        32.3038        38.1168        34.2411       -1587.67     /gpfs/hpu/EHT2/IHARM/SANE/SANE_a0_288x128x128_IHARM/m_1_1_1/image_a0_1400_163_0_230.e9_6.2e9_1.38083e+28_1.dat
        41       0.498627        2.23432        -317.08        2.77845        27.0327        15.6913       -807.162     /gpfs/hpu/EHT2/IHARM/SANE/SANE_a0_288x128x128_IHARM/m_1_1_1/image_a0_1410_163_0_230.e9_6.2e9_1.38083e+28_1.dat
        42       0.526304        2.35359       -285.521        6.07517        16.4237        11.4058       -612.189     /gpfs/hpu/EHT2/IHARM/SANE/SANE_a0_288x128x128_IHARM/m_1_1_1/image_a0_1420_163_0_230.e9_6.2e9_1.38083e+28_1.dat
        43       0.477069        2.30577       -131.092        32.6548        13.5542         21.211       -1020.72     /gpfs/hpu/EHT2/IHARM/SANE/SANE_a0_288x128x128_IHARM/m_1_1_1/image_a0_1430_163_0_230.e9_6.2e9_1.38083e+28_1.dat
        44       0.355453        2.32165         50.731        15.6366        43.6502        30.0963        -1390.6     /gpfs/hpu/EHT2/IHARM/SANE/SANE_a0_288x128x128_IHARM/m_1_1_1/image_a0_1440_163_0_230.e9_6.2e9_1.38083e+28_1.dat
        45       0.490812        2.50371         56.363        19.2744        38.0823        28.6613        -1348.2     /gpfs/hpu/EHT2/IHARM/SANE/SANE_a0_288x128x128_IHARM/m_1_1_1/image_a0_1450_163_0_230.e9_6.2e9_1.38083e+28_1.dat
        46       0.577461        2.18141        126.846        55.6689        30.2596         39.998       -1820.71     /gpfs/hpu/EHT2/IHARM/SANE/SANE_a0_288x128x128_IHARM/m_1_1_1/image_a0_1460_163_0_230.e9_6.2e9_1.38083e+28_1.dat
        47       0.651637         2.3335          38.74        72.4335        41.5536        53.2138       -2363.58     /gpfs/hpu/EHT2/IHARM/SANE/SANE_a0_288x128x128_IHARM/m_1_1_1/image_a0_1470_163_0_230.e9_6.2e9_1.38083e+28_1.dat
        48       0.604669        2.19705       -182.516        8.09174        26.5522        17.7013       -983.457     /gpfs/hpu/EHT2/IHARM/SANE/SANE_a0_288x128x128_IHARM/m_1_1_1/image_a0_1480_163_0_230.e9_6.2e9_1.38083e+28_1.dat
        49       0.815507        3.02733       -165.344        44.6017        28.4088        34.2811       -1631.35     /gpfs/hpu/EHT2/IHARM/SANE/SANE_a0_288x128x128_IHARM/m_1_1_1/image_a0_1490_163_0_230.e9_6.2e9_1.38083e+28_1.dat
        50       0.471422        2.50279       -267.135         24.215        32.7487        27.9081       -1287.91     /gpfs/hpu/EHT2/IHARM/SANE/SANE_a0_288x128x128_IHARM/m_1_1_1/image_a0_1500_163_0_230.e9_6.2e9_1.38083e+28_1.dat
        51       0.367252        2.46559       -189.398        30.2345        31.3227        29.7123       -1366.25     /gpfs/hpu/EHT2/IHARM/SANE/SANE_a0_288x128x128_IHARM/m_1_1_1/image_a0_1510_163_0_230.e9_6.2e9_1.38083e+28_1.dat
        52       0.464997        2.38814       -148.449        43.4162         43.606        41.9296       -2116.46     /gpfs/hpu/EHT2/IHARM/SANE/SANE_a0_288x128x128_IHARM/m_1_1_1/image_a0_1520_163_0_230.e9_6.2e9_1.38083e+28_1.dat
        53       0.546308        2.59037       -166.817        30.1008        35.8216        32.0693       -1543.22     /gpfs/hpu/EHT2/IHARM/SANE/SANE_a0_288x128x128_IHARM/m_1_1_1/image_a0_1530_163_0_230.e9_6.2e9_1.38083e+28_1.dat
        54       0.569677         2.3133       -144.376        31.6419        19.3932        23.9118       -1146.32     /gpfs/hpu/EHT2/IHARM/SANE/SANE_a0_288x128x128_IHARM/m_1_1_1/image_a0_1540_163_0_230.e9_6.2e9_1.38083e+28_1.dat
        55       0.490596        2.84068        175.609        59.9288        32.5518        43.0462       -1957.75     /gpfs/hpu/EHT2/IHARM/SANE/SANE_a0_288x128x128_IHARM/m_1_1_1/image_a0_1550_163_0_230.e9_6.2e9_1.38083e+28_1.dat
        56       0.435648        2.36832        196.405        37.5044        21.5558        27.5745       -1338.75     /gpfs/hpu/EHT2/IHARM/SANE/SANE_a0_288x128x128_IHARM/m_1_1_1/image_a0_1560_163_0_230.e9_6.2e9_1.38083e+28_1.dat
        57       0.445845        2.70694        163.464        63.1115        20.9398        38.1738       -2541.07     /gpfs/hpu/EHT2/IHARM/SANE/SANE_a0_288x128x128_IHARM/m_1_1_1/image_a0_1570_163_0_230.e9_6.2e9_1.38083e+28_1.dat
        58       0.490799        2.27925        71.7622        28.8107        10.1503        17.7437       -881.878     /gpfs/hpu/EHT2/IHARM/SANE/SANE_a0_288x128x128_IHARM/m_1_1_1/image_a0_1580_163_0_230.e9_6.2e9_1.38083e+28_1.dat
        59       0.596551         2.0409        142.782        29.3728        14.7509        20.4523       -991.634     /gpfs/hpu/EHT2/IHARM/SANE/SANE_a0_288x128x128_IHARM/m_1_1_1/image_a0_1590_163_0_230.e9_6.2e9_1.38083e+28_1.dat
        60       0.662452        2.36749        87.8507        34.8809        42.8637        37.8882        -1880.7     /gpfs/hpu/EHT2/IHARM/SANE/SANE_a0_288x128x128_IHARM/m_1_1_1/image_a0_1600_163_0_230.e9_6.2e9_1.38083e+28_1.dat
        61       0.822975        2.78118        175.375        67.9494         27.959        44.0052       -1972.18     /gpfs/hpu/EHT2/IHARM/SANE/SANE_a0_288x128x128_IHARM/m_1_1_1/image_a0_1610_163_0_230.e9_6.2e9_1.38083e+28_1.dat
        62       0.636543         2.3431        184.688        64.7424        48.0121        53.3965       -2381.59     /gpfs/hpu/EHT2/IHARM/SANE/SANE_a0_288x128x128_IHARM/m_1_1_1/image_a0_1620_163_0_230.e9_6.2e9_1.38083e+28_1.dat
        63       0.584436        2.23003        105.567        37.2554        21.1486        27.2497       -1245.95     /gpfs/hpu/EHT2/IHARM/SANE/SANE_a0_288x128x128_IHARM/m_1_1_1/image_a0_1630_163_0_230.e9_6.2e9_1.38083e+28_1.dat
        64       0.448496        2.36893         211.54        23.9164         24.917        23.5783       -1128.17     /gpfs/hpu/EHT2/IHARM/SANE/SANE_a0_288x128x128_IHARM/m_1_1_1/image_a0_1640_163_0_230.e9_6.2e9_1.38083e+28_1.dat
        65       0.513263        2.12198        88.6799        46.8351        41.5846        42.3043       -1920.42     /gpfs/hpu/EHT2/IHARM/SANE/SANE_a0_288x128x128_IHARM/m_1_1_1/image_a0_1650_163_0_230.e9_6.2e9_1.38083e+28_1.dat
        66       0.565637        2.15747       -259.862        26.7525        36.0469         30.761       -1457.44     /gpfs/hpu/EHT2/IHARM/SANE/SANE_a0_288x128x128_IHARM/m_1_1_1/image_a0_1660_163_0_230.e9_6.2e9_1.38083e+28_1.dat
        67       0.603189        2.67786       -156.174        47.5448        25.3254        33.8827       -1611.55     /gpfs/hpu/EHT2/IHARM/SANE/SANE_a0_288x128x128_IHARM/m_1_1_1/image_a0_1670_163_0_230.e9_6.2e9_1.38083e+28_1.dat
        68        0.87411         4.9555       -192.317        59.5081        79.0228        67.8023       -3302.05     /gpfs/hpu/EHT2/IHARM/SANE/SANE_a0_288x128x128_IHARM/m_1_1_1/image_a0_1680_163_0_230.e9_6.2e9_1.38083e+28_1.dat
        69        1.04468        3.21823       -257.477        42.6371        27.2166        32.8028        -1615.5     /gpfs/hpu/EHT2/IHARM/SANE/SANE_a0_288x128x128_IHARM/m_1_1_1/image_a0_1690_163_0_230.e9_6.2e9_1.38083e+28_1.dat
        70       0.546168        2.43556       -174.465        39.8286        15.3244        25.2229        -1219.9     /gpfs/hpu/EHT2/IHARM/SANE/SANE_a0_288x128x128_IHARM/m_1_1_1/image_a0_1700_163_0_230.e9_6.2e9_1.38083e+28_1.dat
        71       0.673588        2.36786       -133.684        17.0331        20.2669        18.1451       -1153.11     /gpfs/hpu/EHT2/IHARM/SANE/SANE_a0_288x128x128_IHARM/m_1_1_1/image_a0_1710_163_0_230.e9_6.2e9_1.38083e+28_1.dat
        72        1.08657        3.46578        103.589        27.5692        19.1309        22.0327        -1136.7     /gpfs/hpu/EHT2/IHARM/SANE/SANE_a0_288x128x128_IHARM/m_1_1_1/image_a0_1720_163_0_230.e9_6.2e9_1.38083e+28_1.dat
        73       0.485351        2.21887        115.111        71.5104        46.8515        55.6626       -2452.03     /gpfs/hpu/EHT2/IHARM/SANE/SANE_a0_288x128x128_IHARM/m_1_1_1/image_a0_1730_163_0_230.e9_6.2e9_1.38083e+28_1.dat
        74       0.728267        2.50804        224.213        35.0889         18.566        24.9392       -1280.73     /gpfs/hpu/EHT2/IHARM/SANE/SANE_a0_288x128x128_IHARM/m_1_1_1/image_a0_1740_163_0_230.e9_6.2e9_1.38083e+28_1.dat
        75       0.646668        2.33595         66.148        36.4553        40.0893        37.0715        -1701.7     /gpfs/hpu/EHT2/IHARM/SANE/SANE_a0_288x128x128_IHARM/m_1_1_1/image_a0_1750_163_0_230.e9_6.2e9_1.38083e+28_1.dat
        76       0.762669        3.09916        87.1843        69.9538         49.682         56.517       -2485.87     /gpfs/hpu/EHT2/IHARM/SANE/SANE_a0_288x128x128_IHARM/m_1_1_1/image_a0_1760_163_0_230.e9_6.2e9_1.38083e+28_1.dat
        77       0.435342        2.03122        25.8077        30.1852        38.0973        33.3264        -1516.5     /gpfs/hpu/EHT2/IHARM/SANE/SANE_a0_288x128x128_IHARM/m_1_1_1/image_a0_1770_163_0_230.e9_6.2e9_1.38083e+28_1.dat
        78       0.718708        2.13234        177.634         54.715        23.2304        35.8191       -1750.44     /gpfs/hpu/EHT2/IHARM/SANE/SANE_a0_288x128x128_IHARM/m_1_1_1/image_a0_1780_163_0_230.e9_6.2e9_1.38083e+28_1.dat
        79       0.459088        1.87803        33.5569         19.602        41.0771         30.408       -1395.13     /gpfs/hpu/EHT2/IHARM/SANE/SANE_a0_288x128x128_IHARM/m_1_1_1/image_a0_1790_163_0_230.e9_6.2e9_1.38083e+28_1.dat
        80        0.58061        2.22268        219.386        33.4057        25.0887        27.7208       -1370.94     /gpfs/hpu/EHT2/IHARM/SANE/SANE_a0_288x128x128_IHARM/m_1_1_1/image_a0_1800_163_0_230.e9_6.2e9_1.38083e+28_1.dat
        81        0.44551        2.19479         37.282        21.4289         47.352        34.5549       -1611.51     /gpfs/hpu/EHT2/IHARM/SANE/SANE_a0_288x128x128_IHARM/m_1_1_1/image_a0_1810_163_0_230.e9_6.2e9_1.38083e+28_1.dat
        82       0.548847        2.28863        95.8195         14.724         22.178         18.185       -892.147     /gpfs/hpu/EHT2/IHARM/SANE/SANE_a0_288x128x128_IHARM/m_1_1_1/image_a0_1820_163_0_230.e9_6.2e9_1.38083e+28_1.dat
        83       0.512903        2.15236        145.768        69.4331        35.6711        48.7767       -2404.91     /gpfs/hpu/EHT2/IHARM/SANE/SANE_a0_288x128x128_IHARM/m_1_1_1/image_a0_1830_163_0_230.e9_6.2e9_1.38083e+28_1.dat
        84       0.910096        2.19292        87.7141        43.5263        20.1506        29.3908       -1374.43     /gpfs/hpu/EHT2/IHARM/SANE/SANE_a0_288x128x128_IHARM/m_1_1_1/image_a0_1840_163_0_230.e9_6.2e9_1.38083e+28_1.dat
        85       0.634551        1.96096        144.557        7.87847        26.2777         17.463       -882.178     /gpfs/hpu/EHT2/IHARM/SANE/SANE_a0_288x128x128_IHARM/m_1_1_1/image_a0_1850_163_0_230.e9_6.2e9_1.38083e+28_1.dat
        86       0.410493        1.97836        72.8213        27.5186        36.2285        31.1855       -1425.45     /gpfs/hpu/EHT2/IHARM/SANE/SANE_a0_288x128x128_IHARM/m_1_1_1/image_a0_1860_163_0_230.e9_6.2e9_1.38083e+28_1.dat
        87       0.619967        2.20724        60.9203        44.5684        43.1049        42.1525        -1912.9     /gpfs/hpu/EHT2/IHARM/SANE/SANE_a0_288x128x128_IHARM/m_1_1_1/image_a0_1870_163_0_230.e9_6.2e9_1.38083e+28_1.dat
        88       0.871101        2.33805        8.81119        69.5605        58.2526         60.948       -3009.43     /gpfs/hpu/EHT2/IHARM/SANE/SANE_a0_288x128x128_IHARM/m_1_1_1/image_a0_1880_163_0_230.e9_6.2e9_1.38083e+28_1.dat
        89       0.542353        1.93189       -212.692        16.6902        11.0629          13.06       -706.761     /gpfs/hpu/EHT2/IHARM/SANE/SANE_a0_288x128x128_IHARM/m_1_1_1/image_a0_1890_163_0_230.e9_6.2e9_1.38083e+28_1.dat
        90       0.643529        2.02329       -287.683        26.9528        30.8002        28.0311       -1316.55     /gpfs/hpu/EHT2/IHARM/SANE/SANE_a0_288x128x128_IHARM/m_1_1_1/image_a0_1900_163_0_230.e9_6.2e9_1.38083e+28_1.dat
        91       0.557256        2.09761       -229.881        34.1374         11.076        20.5141       -995.846     /gpfs/hpu/EHT2/IHARM/SANE/SANE_a0_288x128x128_IHARM/m_1_1_1/image_a0_1910_163_0_230.e9_6.2e9_1.38083e+28_1.dat
        92       0.485758        2.19047       -143.529        64.7654        101.341         82.022       -3558.56     /gpfs/hpu/EHT2/IHARM/SANE/SANE_a0_288x128x128_IHARM/m_1_1_1/image_a0_1920_163_0_230.e9_6.2e9_1.38083e+28_1.dat
        93       0.749489        2.66902        72.8642        17.8053        30.2324        23.8221       -1182.34     /gpfs/hpu/EHT2/IHARM/SANE/SANE_a0_288x128x128_IHARM/m_1_1_1/image_a0_1930_163_0_230.e9_6.2e9_1.38083e+28_1.dat
        94       0.422228        1.99032        120.345        39.1025        18.3265        26.5238       -1237.36     /gpfs/hpu/EHT2/IHARM/SANE/SANE_a0_288x128x128_IHARM/m_1_1_1/image_a0_1940_163_0_230.e9_6.2e9_1.38083e+28_1.dat
        95       0.476391        2.07101        212.357        13.3535        11.2389        11.7303       -640.385     /gpfs/hpu/EHT2/IHARM/SANE/SANE_a0_288x128x128_IHARM/m_1_1_1/image_a0_1950_163_0_230.e9_6.2e9_1.38083e+28_1.dat
        96       0.470231        2.06079       -189.051        41.8746         18.151        27.6129       -1287.01     /gpfs/hpu/EHT2/IHARM/SANE/SANE_a0_288x128x128_IHARM/m_1_1_1/image_a0_1960_163_0_230.e9_6.2e9_1.38083e+28_1.dat
        97       0.363081         1.9855       -153.693        17.8285        17.1711        16.8235       -860.786     /gpfs/hpu/EHT2/IHARM/SANE/SANE_a0_288x128x128_IHARM/m_1_1_1/image_a0_1970_163_0_230.e9_6.2e9_1.38083e+28_1.dat
        98       0.670914        2.04687       -289.319        43.5624        38.3357         39.164       -1840.97     /gpfs/hpu/EHT2/IHARM/SANE/SANE_a0_288x128x128_IHARM/m_1_1_1/image_a0_1980_163_0_230.e9_6.2e9_1.38083e+28_1.dat
        99       0.954094        2.91307       -247.978        16.9795        33.2424        25.0847       -1224.12     /gpfs/hpu/EHT2/IHARM/SANE/SANE_a0_288x128x128_IHARM/m_1_1_1/image_a0_1990_163_0_230.e9_6.2e9_1.38083e+28_1.dat
