   # Index         I (Jy)      M/D (uas)       PA (deg)  VA red. chisq  CP red. chisq     red. chisq     log-liklhd     FileName
         0       0.516809        3.03376        264.716        5.34407        24.9771        15.5085       -884.344     /gpfs/hpu/EHT2/IHARM_inc+5/SANE_a-0.94_288x128x128_IHARM/m_1_1_10/image_a-0.94_1200_22_0_230.e9_6.2e9_6.7527e+28_10.dat
         1       0.607398        3.23858        324.087        6.87166        11.5803         9.1329       -574.947     /gpfs/hpu/EHT2/IHARM_inc+5/SANE_a-0.94_288x128x128_IHARM/m_1_1_10/image_a-0.94_1206_22_0_230.e9_6.2e9_6.7527e+28_10.dat
         2       0.692657        3.53343        359.878         20.234        10.9561         14.712        -879.38     /gpfs/hpu/EHT2/IHARM_inc+5/SANE_a-0.94_288x128x128_IHARM/m_1_1_10/image_a-0.94_1212_22_0_230.e9_6.2e9_6.7527e+28_10.dat
         3       0.554248        3.06023        308.882        9.70846        10.5871        9.86432       -674.542     /gpfs/hpu/EHT2/IHARM_inc+5/SANE_a-0.94_288x128x128_IHARM/m_1_1_10/image_a-0.94_1218_22_0_230.e9_6.2e9_6.7527e+28_10.dat
         4       0.597064        3.39176        214.033        6.48541        14.1173        10.2974       -657.412     /gpfs/hpu/EHT2/IHARM_inc+5/SANE_a-0.94_288x128x128_IHARM/m_1_1_10/image_a-0.94_1224_22_0_230.e9_6.2e9_6.7527e+28_10.dat
         5        1.28656        3.83433        198.068        21.8933        19.5131        19.9492       -1149.63     /gpfs/hpu/EHT2/IHARM_inc+5/SANE_a-0.94_288x128x128_IHARM/m_1_1_10/image_a-0.94_1230_22_0_230.e9_6.2e9_6.7527e+28_10.dat
         6       0.546056        2.95067        242.633         24.092        54.5454        39.3593       -2107.03     /gpfs/hpu/EHT2/IHARM_inc+5/SANE_a-0.94_288x128x128_IHARM/m_1_1_10/image_a-0.94_1236_22_0_230.e9_6.2e9_6.7527e+28_10.dat
         7       0.747356        3.43077         343.88        8.68201        23.4642         16.188        -1048.8     /gpfs/hpu/EHT2/IHARM_inc+5/SANE_a-0.94_288x128x128_IHARM/m_1_1_10/image_a-0.94_1242_22_0_230.e9_6.2e9_6.7527e+28_10.dat
         8       0.687387        3.59009        327.593        4.91063        7.59865        6.17031       -458.345     /gpfs/hpu/EHT2/IHARM_inc+5/SANE_a-0.94_288x128x128_IHARM/m_1_1_10/image_a-0.94_1248_22_0_230.e9_6.2e9_6.7527e+28_10.dat
         9       0.514142        3.21975        317.936        4.94384        5.63853        5.15335       -413.469     /gpfs/hpu/EHT2/IHARM_inc+5/SANE_a-0.94_288x128x128_IHARM/m_1_1_10/image_a-0.94_1254_22_0_230.e9_6.2e9_6.7527e+28_10.dat
        10       0.509752        3.27625         359.99        12.7645        19.1726        15.7341       -1054.58     /gpfs/hpu/EHT2/IHARM_inc+5/SANE_a-0.94_288x128x128_IHARM/m_1_1_10/image_a-0.94_1260_22_0_230.e9_6.2e9_6.7527e+28_10.dat
        11       0.776374        3.14714        310.468         11.123        11.9269        11.1949        -717.08     /gpfs/hpu/EHT2/IHARM_inc+5/SANE_a-0.94_288x128x128_IHARM/m_1_1_10/image_a-0.94_1266_22_0_230.e9_6.2e9_6.7527e+28_10.dat
        12       0.596458        3.27168        333.649        3.65234        5.34971        4.43036        -341.45     /gpfs/hpu/EHT2/IHARM_inc+5/SANE_a-0.94_288x128x128_IHARM/m_1_1_10/image_a-0.94_1272_22_0_230.e9_6.2e9_6.7527e+28_10.dat
        13       0.473606        3.18607        340.753        7.67674        17.6554        12.6863       -802.571     /gpfs/hpu/EHT2/IHARM_inc+5/SANE_a-0.94_288x128x128_IHARM/m_1_1_10/image_a-0.94_1278_22_0_230.e9_6.2e9_6.7527e+28_10.dat
        14        2.88355        3.58859        182.537        10.7264        69.8783        41.5203       -2553.59     /gpfs/hpu/EHT2/IHARM_inc+5/SANE_a-0.94_288x128x128_IHARM/m_1_1_10/image_a-0.94_1284_22_0_230.e9_6.2e9_6.7527e+28_10.dat
        15       0.574223         3.0978        353.973        13.6278        12.5031        12.6055       -738.082     /gpfs/hpu/EHT2/IHARM_inc+5/SANE_a-0.94_288x128x128_IHARM/m_1_1_10/image_a-0.94_1290_22_0_230.e9_6.2e9_6.7527e+28_10.dat
        16       0.573157        3.15733        296.108        10.8043        15.1107        12.7297       -740.542     /gpfs/hpu/EHT2/IHARM_inc+5/SANE_a-0.94_288x128x128_IHARM/m_1_1_10/image_a-0.94_1296_22_0_230.e9_6.2e9_6.7527e+28_10.dat
        17       0.530003        3.03756        344.295        6.50667        10.9663        8.64838       -535.572     /gpfs/hpu/EHT2/IHARM_inc+5/SANE_a-0.94_288x128x128_IHARM/m_1_1_10/image_a-0.94_1302_22_0_230.e9_6.2e9_6.7527e+28_10.dat
        18       0.624133        3.31059        303.371        8.61876        15.9019        12.1798       -749.845     /gpfs/hpu/EHT2/IHARM_inc+5/SANE_a-0.94_288x128x128_IHARM/m_1_1_10/image_a-0.94_1308_22_0_230.e9_6.2e9_6.7527e+28_10.dat
        19       0.566058        3.36141        312.345        5.45091        9.05645        7.17643       -467.737     /gpfs/hpu/EHT2/IHARM_inc+5/SANE_a-0.94_288x128x128_IHARM/m_1_1_10/image_a-0.94_1314_22_0_230.e9_6.2e9_6.7527e+28_10.dat
        20       0.692387        3.49648        343.006        12.0226         26.728        19.3827       -1083.74     /gpfs/hpu/EHT2/IHARM_inc+5/SANE_a-0.94_288x128x128_IHARM/m_1_1_10/image_a-0.94_1320_22_0_230.e9_6.2e9_6.7527e+28_10.dat
        21        2.40465        4.49132        196.458        18.6281        46.0883        32.4926       -1752.99     /gpfs/hpu/EHT2/IHARM_inc+5/SANE_a-0.94_288x128x128_IHARM/m_1_1_10/image_a-0.94_1326_22_0_230.e9_6.2e9_6.7527e+28_10.dat
        22       0.781492        3.47667        8.72436        10.0087        10.7281        10.0713       -670.047     /gpfs/hpu/EHT2/IHARM_inc+5/SANE_a-0.94_288x128x128_IHARM/m_1_1_10/image_a-0.94_1332_22_0_230.e9_6.2e9_6.7527e+28_10.dat
        23       0.562715        3.28831       -49.5393        5.30264        6.19491         5.6048       -416.403     /gpfs/hpu/EHT2/IHARM_inc+5/SANE_a-0.94_288x128x128_IHARM/m_1_1_10/image_a-0.94_1338_22_0_230.e9_6.2e9_6.7527e+28_10.dat
        24       0.711975         3.4775       -126.514        20.2899        31.3496        25.4701       -1378.74     /gpfs/hpu/EHT2/IHARM_inc+5/SANE_a-0.94_288x128x128_IHARM/m_1_1_10/image_a-0.94_1344_22_0_230.e9_6.2e9_6.7527e+28_10.dat
        25       0.931014        3.70199       -125.169        10.8006        26.7204        18.8384       -1098.78     /gpfs/hpu/EHT2/IHARM_inc+5/SANE_a-0.94_288x128x128_IHARM/m_1_1_10/image_a-0.94_1350_22_0_230.e9_6.2e9_6.7527e+28_10.dat
        26       0.710308        3.60393       -113.898        10.3095        23.5802        16.9685       -976.581     /gpfs/hpu/EHT2/IHARM_inc+5/SANE_a-0.94_288x128x128_IHARM/m_1_1_10/image_a-0.94_1356_22_0_230.e9_6.2e9_6.7527e+28_10.dat
        27       0.536143        3.29713       -71.8839        4.91293         17.038        11.1394       -708.498     /gpfs/hpu/EHT2/IHARM_inc+5/SANE_a-0.94_288x128x128_IHARM/m_1_1_10/image_a-0.94_1362_22_0_230.e9_6.2e9_6.7527e+28_10.dat
        28       0.564891        3.11176       -29.6218        6.13442        9.07676         7.4893       -534.626     /gpfs/hpu/EHT2/IHARM_inc+5/SANE_a-0.94_288x128x128_IHARM/m_1_1_10/image_a-0.94_1368_22_0_230.e9_6.2e9_6.7527e+28_10.dat
        29       0.512077        3.31539       -16.7525        5.56042        26.7917        16.5592       -965.185     /gpfs/hpu/EHT2/IHARM_inc+5/SANE_a-0.94_288x128x128_IHARM/m_1_1_10/image_a-0.94_1374_22_0_230.e9_6.2e9_6.7527e+28_10.dat
        30       0.523145        3.11567       -30.6748        3.22646        15.8239        9.75481       -623.069     /gpfs/hpu/EHT2/IHARM_inc+5/SANE_a-0.94_288x128x128_IHARM/m_1_1_10/image_a-0.94_1380_22_0_230.e9_6.2e9_6.7527e+28_10.dat
        31       0.702516        3.71011       -114.816        3.87087        16.8835        10.5974       -620.885     /gpfs/hpu/EHT2/IHARM_inc+5/SANE_a-0.94_288x128x128_IHARM/m_1_1_10/image_a-0.94_1386_22_0_230.e9_6.2e9_6.7527e+28_10.dat
        32       0.524406        3.30767       -169.584        17.8228        29.4244        23.3661       -1426.49     /gpfs/hpu/EHT2/IHARM_inc+5/SANE_a-0.94_288x128x128_IHARM/m_1_1_10/image_a-0.94_1392_22_0_230.e9_6.2e9_6.7527e+28_10.dat
        33       0.663159        3.15848       -34.7452        7.50839         9.3719        8.25208       -553.613     /gpfs/hpu/EHT2/IHARM_inc+5/SANE_a-0.94_288x128x128_IHARM/m_1_1_10/image_a-0.94_1398_22_0_230.e9_6.2e9_6.7527e+28_10.dat
        34       0.682422        3.26177       -39.0755         6.2717        15.9355        11.1599       -671.057     /gpfs/hpu/EHT2/IHARM_inc+5/SANE_a-0.94_288x128x128_IHARM/m_1_1_10/image_a-0.94_1404_22_0_230.e9_6.2e9_6.7527e+28_10.dat
        35       0.386943        3.29622       -109.797        7.01198         39.951        24.1269       -1452.33     /gpfs/hpu/EHT2/IHARM_inc+5/SANE_a-0.94_288x128x128_IHARM/m_1_1_10/image_a-0.94_1410_22_0_230.e9_6.2e9_6.7527e+28_10.dat
        36       0.415485        3.32633       -109.771        9.06372         21.746        15.4524       -904.183     /gpfs/hpu/EHT2/IHARM_inc+5/SANE_a-0.94_288x128x128_IHARM/m_1_1_10/image_a-0.94_1416_22_0_230.e9_6.2e9_6.7527e+28_10.dat
        37       0.580541        3.89181       -123.259        3.22166        15.1263        9.38552       -562.761     /gpfs/hpu/EHT2/IHARM_inc+5/SANE_a-0.94_288x128x128_IHARM/m_1_1_10/image_a-0.94_1422_22_0_230.e9_6.2e9_6.7527e+28_10.dat
        38       0.370809        3.31927       -58.5379        17.7724        14.3039        15.3856       -851.166     /gpfs/hpu/EHT2/IHARM_inc+5/SANE_a-0.94_288x128x128_IHARM/m_1_1_10/image_a-0.94_1428_22_0_230.e9_6.2e9_6.7527e+28_10.dat
        39       0.518759        3.19747       -340.384        12.6003        18.3267        15.2163       -901.176     /gpfs/hpu/EHT2/IHARM_inc+5/SANE_a-0.94_288x128x128_IHARM/m_1_1_10/image_a-0.94_1434_22_0_230.e9_6.2e9_6.7527e+28_10.dat
        40       0.505283        3.49932       -321.138        1.98619        9.68876        5.97745       -421.279     /gpfs/hpu/EHT2/IHARM_inc+5/SANE_a-0.94_288x128x128_IHARM/m_1_1_10/image_a-0.94_1440_22_0_230.e9_6.2e9_6.7527e+28_10.dat
        41        0.42765         3.4211       -281.835        5.79763        7.13202        6.31685       -475.673     /gpfs/hpu/EHT2/IHARM_inc+5/SANE_a-0.94_288x128x128_IHARM/m_1_1_10/image_a-0.94_1446_22_0_230.e9_6.2e9_6.7527e+28_10.dat
        42       0.579879        3.31189       -52.1985        5.16264        7.33726        6.14415       -439.505     /gpfs/hpu/EHT2/IHARM_inc+5/SANE_a-0.94_288x128x128_IHARM/m_1_1_10/image_a-0.94_1452_22_0_230.e9_6.2e9_6.7527e+28_10.dat
        43       0.607271        3.40371       -18.9473        4.05725         11.739        7.97216       -513.604     /gpfs/hpu/EHT2/IHARM_inc+5/SANE_a-0.94_288x128x128_IHARM/m_1_1_10/image_a-0.94_1458_22_0_230.e9_6.2e9_6.7527e+28_10.dat
        44       0.633651         3.1206        59.9882        11.7139        21.8654        16.6869       -973.078     /gpfs/hpu/EHT2/IHARM_inc+5/SANE_a-0.94_288x128x128_IHARM/m_1_1_10/image_a-0.94_1464_22_0_230.e9_6.2e9_6.7527e+28_10.dat
        45        0.46345        3.35124        -52.314        7.23447        8.92933        7.89804       -506.346     /gpfs/hpu/EHT2/IHARM_inc+5/SANE_a-0.94_288x128x128_IHARM/m_1_1_10/image_a-0.94_1470_22_0_230.e9_6.2e9_6.7527e+28_10.dat
        46        0.48477        3.65844        54.4966        2.52593        5.48433        4.00322       -323.667     /gpfs/hpu/EHT2/IHARM_inc+5/SANE_a-0.94_288x128x128_IHARM/m_1_1_10/image_a-0.94_1476_22_0_230.e9_6.2e9_6.7527e+28_10.dat
        47       0.459801        2.88532       -26.7561          15.15        51.8178        33.9704        -1856.9     /gpfs/hpu/EHT2/IHARM_inc+5/SANE_a-0.94_288x128x128_IHARM/m_1_1_10/image_a-0.94_1482_22_0_230.e9_6.2e9_6.7527e+28_10.dat
        48       0.508105        3.28831        199.869        5.20843        18.6412        12.1138       -785.462     /gpfs/hpu/EHT2/IHARM_inc+5/SANE_a-0.94_288x128x128_IHARM/m_1_1_10/image_a-0.94_1488_22_0_230.e9_6.2e9_6.7527e+28_10.dat
        49       0.435152        3.29989        238.802        4.05999        9.77317        6.93872       -479.497     /gpfs/hpu/EHT2/IHARM_inc+5/SANE_a-0.94_288x128x128_IHARM/m_1_1_10/image_a-0.94_1494_22_0_230.e9_6.2e9_6.7527e+28_10.dat
        50        0.67962        3.11904        343.056        12.6149        52.4525        33.1837       -2113.73     /gpfs/hpu/EHT2/IHARM_inc+5/SANE_a-0.94_288x128x128_IHARM/m_1_1_10/image_a-0.94_1500_22_0_230.e9_6.2e9_6.7527e+28_10.dat
        51       0.834814        3.67731        290.657        4.28154        20.1113        12.4778        -777.19     /gpfs/hpu/EHT2/IHARM_inc+5/SANE_a-0.94_288x128x128_IHARM/m_1_1_10/image_a-0.94_1506_22_0_230.e9_6.2e9_6.7527e+28_10.dat
        52       0.470607        2.99784        -40.402        20.1723        51.3416        35.9402       -2132.61     /gpfs/hpu/EHT2/IHARM_inc+5/SANE_a-0.94_288x128x128_IHARM/m_1_1_10/image_a-0.94_1512_22_0_230.e9_6.2e9_6.7527e+28_10.dat
        53       0.805566        3.35004        96.2242          9.427         17.716        13.4919       -814.493     /gpfs/hpu/EHT2/IHARM_inc+5/SANE_a-0.94_288x128x128_IHARM/m_1_1_10/image_a-0.94_1518_22_0_230.e9_6.2e9_6.7527e+28_10.dat
        54       0.517222        3.09707        38.8042        8.48121        11.0629        9.57218       -689.729     /gpfs/hpu/EHT2/IHARM_inc+5/SANE_a-0.94_288x128x128_IHARM/m_1_1_10/image_a-0.94_1524_22_0_230.e9_6.2e9_6.7527e+28_10.dat
        55       0.635966        3.50413       -60.5694        2.97311        8.26407        5.66394       -395.371     /gpfs/hpu/EHT2/IHARM_inc+5/SANE_a-0.94_288x128x128_IHARM/m_1_1_10/image_a-0.94_1530_22_0_230.e9_6.2e9_6.7527e+28_10.dat
        56       0.508495         3.7501       -180.148        3.67259        10.6375        7.22234        -458.54     /gpfs/hpu/EHT2/IHARM_inc+5/SANE_a-0.94_288x128x128_IHARM/m_1_1_10/image_a-0.94_1536_22_0_230.e9_6.2e9_6.7527e+28_10.dat
        57        1.01735        3.49832       -157.263        10.3194        16.9468        13.4816       -829.746     /gpfs/hpu/EHT2/IHARM_inc+5/SANE_a-0.94_288x128x128_IHARM/m_1_1_10/image_a-0.94_1542_22_0_230.e9_6.2e9_6.7527e+28_10.dat
        58       0.606823        3.51017       -182.505         10.266        5.65797        7.51655       -504.734     /gpfs/hpu/EHT2/IHARM_inc+5/SANE_a-0.94_288x128x128_IHARM/m_1_1_10/image_a-0.94_1548_22_0_230.e9_6.2e9_6.7527e+28_10.dat
        59       0.544678        3.37276       -170.949        3.42708        12.1065        7.88697       -506.341     /gpfs/hpu/EHT2/IHARM_inc+5/SANE_a-0.94_288x128x128_IHARM/m_1_1_10/image_a-0.94_1554_22_0_230.e9_6.2e9_6.7527e+28_10.dat
        60       0.677126        3.25448       -154.783        9.99588        20.5898        15.2559       -877.273     /gpfs/hpu/EHT2/IHARM_inc+5/SANE_a-0.94_288x128x128_IHARM/m_1_1_10/image_a-0.94_1560_22_0_230.e9_6.2e9_6.7527e+28_10.dat
        61        1.57961        5.02528       -202.778        32.5081        41.1538        36.0319       -1880.88     /gpfs/hpu/EHT2/IHARM_inc+5/SANE_a-0.94_288x128x128_IHARM/m_1_1_10/image_a-0.94_1566_22_0_230.e9_6.2e9_6.7527e+28_10.dat
        62       0.488549        3.37039       -62.1945        3.26708         11.462        7.47702       -554.431     /gpfs/hpu/EHT2/IHARM_inc+5/SANE_a-0.94_288x128x128_IHARM/m_1_1_10/image_a-0.94_1572_22_0_230.e9_6.2e9_6.7527e+28_10.dat
        63        0.65972        3.17592       -43.8913         5.2843        9.58262         7.3797       -525.578     /gpfs/hpu/EHT2/IHARM_inc+5/SANE_a-0.94_288x128x128_IHARM/m_1_1_10/image_a-0.94_1578_22_0_230.e9_6.2e9_6.7527e+28_10.dat
        64        0.45276        3.61157       -147.594         3.1072        7.30431        5.21808       -371.548     /gpfs/hpu/EHT2/IHARM_inc+5/SANE_a-0.94_288x128x128_IHARM/m_1_1_10/image_a-0.94_1584_22_0_230.e9_6.2e9_6.7527e+28_10.dat
        65       0.501043        3.44049       -108.717        2.81518        12.2675        7.70119       -485.772     /gpfs/hpu/EHT2/IHARM_inc+5/SANE_a-0.94_288x128x128_IHARM/m_1_1_10/image_a-0.94_1590_22_0_230.e9_6.2e9_6.7527e+28_10.dat
        66       0.407987        3.42185       -190.475        4.41125        9.92034        7.17147       -485.688     /gpfs/hpu/EHT2/IHARM_inc+5/SANE_a-0.94_288x128x128_IHARM/m_1_1_10/image_a-0.94_1596_22_0_230.e9_6.2e9_6.7527e+28_10.dat
        67       0.730794        3.40311        44.8846        10.6836         12.722        11.4191       -723.403     /gpfs/hpu/EHT2/IHARM_inc+5/SANE_a-0.94_288x128x128_IHARM/m_1_1_10/image_a-0.94_1602_22_0_230.e9_6.2e9_6.7527e+28_10.dat
        68       0.608256        3.67606       -102.951        8.94443        21.6169        15.3317       -848.103     /gpfs/hpu/EHT2/IHARM_inc+5/SANE_a-0.94_288x128x128_IHARM/m_1_1_10/image_a-0.94_1608_22_0_230.e9_6.2e9_6.7527e+28_10.dat
        69       0.541261        3.60366       -123.797        6.94668        4.98737        5.69609       -391.058     /gpfs/hpu/EHT2/IHARM_inc+5/SANE_a-0.94_288x128x128_IHARM/m_1_1_10/image_a-0.94_1614_22_0_230.e9_6.2e9_6.7527e+28_10.dat
        70       0.530883        3.34732       -104.318        4.14819        16.5945        10.5679       -650.789     /gpfs/hpu/EHT2/IHARM_inc+5/SANE_a-0.94_288x128x128_IHARM/m_1_1_10/image_a-0.94_1620_22_0_230.e9_6.2e9_6.7527e+28_10.dat
        71       0.506063        3.42804        -80.337        3.50512         8.6695        6.11253       -408.574     /gpfs/hpu/EHT2/IHARM_inc+5/SANE_a-0.94_288x128x128_IHARM/m_1_1_10/image_a-0.94_1626_22_0_230.e9_6.2e9_6.7527e+28_10.dat
        72       0.963186        3.62849       -170.155        9.47928        5.79362        7.24011       -527.293     /gpfs/hpu/EHT2/IHARM_inc+5/SANE_a-0.94_288x128x128_IHARM/m_1_1_10/image_a-0.94_1632_22_0_230.e9_6.2e9_6.7527e+28_10.dat
        73       0.575085        3.27915       -37.1337        5.13247        9.26601        7.14594       -483.959     /gpfs/hpu/EHT2/IHARM_inc+5/SANE_a-0.94_288x128x128_IHARM/m_1_1_10/image_a-0.94_1638_22_0_230.e9_6.2e9_6.7527e+28_10.dat
        74       0.452196        3.47742       -30.2247        8.80946        15.0289        11.8046       -691.657     /gpfs/hpu/EHT2/IHARM_inc+5/SANE_a-0.94_288x128x128_IHARM/m_1_1_10/image_a-0.94_1644_22_0_230.e9_6.2e9_6.7527e+28_10.dat
        75       0.466742        3.52948       -2.51121         3.4716        10.9547        7.30045       -476.631     /gpfs/hpu/EHT2/IHARM_inc+5/SANE_a-0.94_288x128x128_IHARM/m_1_1_10/image_a-0.94_1650_22_0_230.e9_6.2e9_6.7527e+28_10.dat
        76       0.734326        3.54983       -47.8943        8.75118        14.6884        11.5997       -719.824     /gpfs/hpu/EHT2/IHARM_inc+5/SANE_a-0.94_288x128x128_IHARM/m_1_1_10/image_a-0.94_1656_22_0_230.e9_6.2e9_6.7527e+28_10.dat
        77       0.635594        3.48065       -2.53237        2.90814        10.1427        6.62397       -448.064     /gpfs/hpu/EHT2/IHARM_inc+5/SANE_a-0.94_288x128x128_IHARM/m_1_1_10/image_a-0.94_1662_22_0_230.e9_6.2e9_6.7527e+28_10.dat
        78       0.877128        3.24669       -53.8253        17.4624        26.4074        21.6189       -1255.06     /gpfs/hpu/EHT2/IHARM_inc+5/SANE_a-0.94_288x128x128_IHARM/m_1_1_10/image_a-0.94_1668_22_0_230.e9_6.2e9_6.7527e+28_10.dat
        79       0.629395        3.21821       -38.1278        21.1507        15.3514        17.4305       -964.485     /gpfs/hpu/EHT2/IHARM_inc+5/SANE_a-0.94_288x128x128_IHARM/m_1_1_10/image_a-0.94_1674_22_0_230.e9_6.2e9_6.7527e+28_10.dat
        80       0.717866        3.46615       -34.8563        16.8476        23.4698        19.8009       -1181.62     /gpfs/hpu/EHT2/IHARM_inc+5/SANE_a-0.94_288x128x128_IHARM/m_1_1_10/image_a-0.94_1680_22_0_230.e9_6.2e9_6.7527e+28_10.dat
        81       0.569012        3.46484       -34.6185        1.56256        7.03064        4.39116       -344.645     /gpfs/hpu/EHT2/IHARM_inc+5/SANE_a-0.94_288x128x128_IHARM/m_1_1_10/image_a-0.94_1686_22_0_230.e9_6.2e9_6.7527e+28_10.dat
        82       0.531628        2.99014       -54.0961        9.86965        10.8618        10.0802       -632.575     /gpfs/hpu/EHT2/IHARM_inc+5/SANE_a-0.94_288x128x128_IHARM/m_1_1_10/image_a-0.94_1692_22_0_230.e9_6.2e9_6.7527e+28_10.dat
        83       0.359545        3.03672        -241.89        15.7097        25.0922        20.1517       -1136.97     /gpfs/hpu/EHT2/IHARM_inc+5/SANE_a-0.94_288x128x128_IHARM/m_1_1_10/image_a-0.94_1698_22_0_230.e9_6.2e9_6.7527e+28_10.dat
        84         0.4795        3.03924       -180.278        6.03544        24.2593        15.4363       -943.189     /gpfs/hpu/EHT2/IHARM_inc+5/SANE_a-0.94_288x128x128_IHARM/m_1_1_10/image_a-0.94_1704_22_0_230.e9_6.2e9_6.7527e+28_10.dat
        85       0.962824        3.92869       -102.637        8.00151        20.3763        14.2619       -844.792     /gpfs/hpu/EHT2/IHARM_inc+5/SANE_a-0.94_288x128x128_IHARM/m_1_1_10/image_a-0.94_1710_22_0_230.e9_6.2e9_6.7527e+28_10.dat
        86       0.550762        3.79045       -34.7603        4.54845        17.0208        10.9692       -653.054     /gpfs/hpu/EHT2/IHARM_inc+5/SANE_a-0.94_288x128x128_IHARM/m_1_1_10/image_a-0.94_1716_22_0_230.e9_6.2e9_6.7527e+28_10.dat
        87       0.559512          3.354       -49.6726        7.81361         12.184        9.86706       -702.505     /gpfs/hpu/EHT2/IHARM_inc+5/SANE_a-0.94_288x128x128_IHARM/m_1_1_10/image_a-0.94_1722_22_0_230.e9_6.2e9_6.7527e+28_10.dat
        88       0.532663        3.27967       -149.673         14.659        29.4686        21.9906        -1225.4     /gpfs/hpu/EHT2/IHARM_inc+5/SANE_a-0.94_288x128x128_IHARM/m_1_1_10/image_a-0.94_1728_22_0_230.e9_6.2e9_6.7527e+28_10.dat
        89        1.11582        6.24643        153.094        57.0871        22.3284        36.9903       -2175.57     /gpfs/hpu/EHT2/IHARM_inc+5/SANE_a-0.94_288x128x128_IHARM/m_1_1_10/image_a-0.94_1734_22_0_230.e9_6.2e9_6.7527e+28_10.dat
        90       0.577724        3.46037         171.31        4.47441         12.046        8.31816        -560.95     /gpfs/hpu/EHT2/IHARM_inc+5/SANE_a-0.94_288x128x128_IHARM/m_1_1_10/image_a-0.94_1740_22_0_230.e9_6.2e9_6.7527e+28_10.dat
        91       0.555714        3.26436        326.583          8.852        8.04222        8.14626       -583.785     /gpfs/hpu/EHT2/IHARM_inc+5/SANE_a-0.94_288x128x128_IHARM/m_1_1_10/image_a-0.94_1746_22_0_230.e9_6.2e9_6.7527e+28_10.dat
        92        1.19288        3.79888        217.406        8.21619        11.7522         9.8178       -634.856     /gpfs/hpu/EHT2/IHARM_inc+5/SANE_a-0.94_288x128x128_IHARM/m_1_1_10/image_a-0.94_1752_22_0_230.e9_6.2e9_6.7527e+28_10.dat
        93       0.655604        3.31174        276.812        12.8069         28.243        20.5267       -1151.97     /gpfs/hpu/EHT2/IHARM_inc+5/SANE_a-0.94_288x128x128_IHARM/m_1_1_10/image_a-0.94_1758_22_0_230.e9_6.2e9_6.7527e+28_10.dat
        94       0.593642        3.60474        169.394        4.18166        12.0835         8.2085        -508.63     /gpfs/hpu/EHT2/IHARM_inc+5/SANE_a-0.94_288x128x128_IHARM/m_1_1_10/image_a-0.94_1764_22_0_230.e9_6.2e9_6.7527e+28_10.dat
        95       0.573646        3.55664        194.674        5.93402        12.1788        9.03336       -587.119     /gpfs/hpu/EHT2/IHARM_inc+5/SANE_a-0.94_288x128x128_IHARM/m_1_1_10/image_a-0.94_1770_22_0_230.e9_6.2e9_6.7527e+28_10.dat
        96       0.801976        3.94919       -134.763        4.19219        12.2046        8.27684       -546.899     /gpfs/hpu/EHT2/IHARM_inc+5/SANE_a-0.94_288x128x128_IHARM/m_1_1_10/image_a-0.94_1776_22_0_230.e9_6.2e9_6.7527e+28_10.dat
        97       0.398259        3.40061       -74.0349        8.27676        21.2446        14.8406       -825.463     /gpfs/hpu/EHT2/IHARM_inc+5/SANE_a-0.94_288x128x128_IHARM/m_1_1_10/image_a-0.94_1782_22_0_230.e9_6.2e9_6.7527e+28_10.dat
        98       0.796288        3.05137       -84.6364        16.5645        20.7498        18.2442       -1064.92     /gpfs/hpu/EHT2/IHARM_inc+5/SANE_a-0.94_288x128x128_IHARM/m_1_1_10/image_a-0.94_1788_22_0_230.e9_6.2e9_6.7527e+28_10.dat
        99       0.899461        3.23081       -87.0491        9.09901        15.6022        12.2344       -756.553     /gpfs/hpu/EHT2/IHARM_inc+5/SANE_a-0.94_288x128x128_IHARM/m_1_1_10/image_a-0.94_1794_22_0_230.e9_6.2e9_6.7527e+28_10.dat
