   # Index         I (Jy)      M/D (uas)       PA (deg)  VA red. chisq  CP red. chisq     red. chisq     log-liklhd     FileName
         0       0.514729        2.98276        81.5346        3.04745        7.42101        5.25309       -395.777     /gpfs/hpu/EHT2/IHARM/SANE/SANE_a-0.5_288x128x128_IHARM/m_1_1_20/image_a-0.5_1000_17_0_230.e9_6.2e9_1.04354e+29_20.dat
         1       0.535583        2.90233        112.391        3.59747        24.0454        14.2459       -856.683     /gpfs/hpu/EHT2/IHARM/SANE/SANE_a-0.5_288x128x128_IHARM/m_1_1_20/image_a-0.5_1006_17_0_230.e9_6.2e9_1.04354e+29_20.dat
         2        0.55022        2.94934       -16.7191        9.79237        48.4847        29.8475       -1715.22     /gpfs/hpu/EHT2/IHARM/SANE/SANE_a-0.5_288x128x128_IHARM/m_1_1_20/image_a-0.5_1012_17_0_230.e9_6.2e9_1.04354e+29_20.dat
         3       0.476803        2.91919        32.3331        4.92209        10.1636        7.52534        -484.11     /gpfs/hpu/EHT2/IHARM/SANE/SANE_a-0.5_288x128x128_IHARM/m_1_1_20/image_a-0.5_1018_17_0_230.e9_6.2e9_1.04354e+29_20.dat
         4       0.492502        3.06951        21.6349        9.21819        9.28025        8.95975       -551.614     /gpfs/hpu/EHT2/IHARM/SANE/SANE_a-0.5_288x128x128_IHARM/m_1_1_20/image_a-0.5_1024_17_0_230.e9_6.2e9_1.04354e+29_20.dat
         5       0.603635        3.15796        34.6085         8.1994        13.7045        10.8379       -648.543     /gpfs/hpu/EHT2/IHARM/SANE/SANE_a-0.5_288x128x128_IHARM/m_1_1_20/image_a-0.5_1030_17_0_230.e9_6.2e9_1.04354e+29_20.dat
         6       0.637693        2.98343        171.472        8.54873        35.8533        22.6496       -1573.06     /gpfs/hpu/EHT2/IHARM/SANE/SANE_a-0.5_288x128x128_IHARM/m_1_1_20/image_a-0.5_1036_17_0_230.e9_6.2e9_1.04354e+29_20.dat
         7       0.624578        2.84772        159.949        7.52646        15.3799        11.4222       -708.172     /gpfs/hpu/EHT2/IHARM/SANE/SANE_a-0.5_288x128x128_IHARM/m_1_1_20/image_a-0.5_1042_17_0_230.e9_6.2e9_1.04354e+29_20.dat
         8       0.468211        2.88987        147.531         6.0578        18.9774        12.6663       -827.248     /gpfs/hpu/EHT2/IHARM/SANE/SANE_a-0.5_288x128x128_IHARM/m_1_1_20/image_a-0.5_1048_17_0_230.e9_6.2e9_1.04354e+29_20.dat
         9       0.495745        2.90608        179.639         6.6879        11.6104         9.0675       -580.829     /gpfs/hpu/EHT2/IHARM/SANE/SANE_a-0.5_288x128x128_IHARM/m_1_1_20/image_a-0.5_1054_17_0_230.e9_6.2e9_1.04354e+29_20.dat
        10       0.427413        2.72624        123.845        4.19864        15.0009        9.75146       -607.008     /gpfs/hpu/EHT2/IHARM/SANE/SANE_a-0.5_288x128x128_IHARM/m_1_1_20/image_a-0.5_1060_17_0_230.e9_6.2e9_1.04354e+29_20.dat
        11        1.19549         2.9129       -117.799        6.47676        18.5684        12.6363       -796.599     /gpfs/hpu/EHT2/IHARM/SANE/SANE_a-0.5_288x128x128_IHARM/m_1_1_20/image_a-0.5_1066_17_0_230.e9_6.2e9_1.04354e+29_20.dat
        12       0.556723        2.96616        11.2607        6.58639        31.8917         19.697       -1140.32     /gpfs/hpu/EHT2/IHARM/SANE/SANE_a-0.5_288x128x128_IHARM/m_1_1_20/image_a-0.5_1072_17_0_230.e9_6.2e9_1.04354e+29_20.dat
        13       0.510609        2.97488        15.7864        8.71013        27.0712        18.0988       -1114.04     /gpfs/hpu/EHT2/IHARM/SANE/SANE_a-0.5_288x128x128_IHARM/m_1_1_20/image_a-0.5_1078_17_0_230.e9_6.2e9_1.04354e+29_20.dat
        14       0.407714        2.73299        22.3273        9.42168        32.8411        21.4502       -1286.22     /gpfs/hpu/EHT2/IHARM/SANE/SANE_a-0.5_288x128x128_IHARM/m_1_1_20/image_a-0.5_1084_17_0_230.e9_6.2e9_1.04354e+29_20.dat
        15        1.03116        3.27285        35.3897         7.9999        32.6392        20.7153        -1183.7     /gpfs/hpu/EHT2/IHARM/SANE/SANE_a-0.5_288x128x128_IHARM/m_1_1_20/image_a-0.5_1090_17_0_230.e9_6.2e9_1.04354e+29_20.dat
        16       0.587414        3.18224        20.2595        14.7066        7.58147        10.4921       -650.339     /gpfs/hpu/EHT2/IHARM/SANE/SANE_a-0.5_288x128x128_IHARM/m_1_1_20/image_a-0.5_1096_17_0_230.e9_6.2e9_1.04354e+29_20.dat
        17       0.770002        3.41195        44.8056        5.70995        43.5393        25.4398       -1399.72     /gpfs/hpu/EHT2/IHARM/SANE/SANE_a-0.5_288x128x128_IHARM/m_1_1_20/image_a-0.5_1102_17_0_230.e9_6.2e9_1.04354e+29_20.dat
        18       0.552466        3.09866        71.4176         7.8623        50.5134         30.062       -1847.49     /gpfs/hpu/EHT2/IHARM/SANE/SANE_a-0.5_288x128x128_IHARM/m_1_1_20/image_a-0.5_1108_17_0_230.e9_6.2e9_1.04354e+29_20.dat
        19       0.408551        2.95421         69.544        6.68084        28.2896        17.8429       -1013.28     /gpfs/hpu/EHT2/IHARM/SANE/SANE_a-0.5_288x128x128_IHARM/m_1_1_20/image_a-0.5_1114_17_0_230.e9_6.2e9_1.04354e+29_20.dat
        20       0.406723        3.13626        19.0701        6.36682        60.6635         34.743       -1919.99     /gpfs/hpu/EHT2/IHARM/SANE/SANE_a-0.5_288x128x128_IHARM/m_1_1_20/image_a-0.5_1120_17_0_230.e9_6.2e9_1.04354e+29_20.dat
        21       0.498256        3.03377        64.1432        4.17541        16.5909         10.578       -642.669     /gpfs/hpu/EHT2/IHARM/SANE/SANE_a-0.5_288x128x128_IHARM/m_1_1_20/image_a-0.5_1126_17_0_230.e9_6.2e9_1.04354e+29_20.dat
        22       0.434584        2.88772        114.589        4.14471        10.6866        7.45695       -502.758     /gpfs/hpu/EHT2/IHARM/SANE/SANE_a-0.5_288x128x128_IHARM/m_1_1_20/image_a-0.5_1132_17_0_230.e9_6.2e9_1.04354e+29_20.dat
        23       0.471849        2.85698        162.184        3.27734        7.10714        5.18953       -391.511     /gpfs/hpu/EHT2/IHARM/SANE/SANE_a-0.5_288x128x128_IHARM/m_1_1_20/image_a-0.5_1138_17_0_230.e9_6.2e9_1.04354e+29_20.dat
        24       0.652902        2.85513         180.25        9.56327        12.6385        10.8798       -690.031     /gpfs/hpu/EHT2/IHARM/SANE/SANE_a-0.5_288x128x128_IHARM/m_1_1_20/image_a-0.5_1144_17_0_230.e9_6.2e9_1.04354e+29_20.dat
        25       0.504554        2.85439        113.695        13.7136        22.1706        17.7316       -995.862     /gpfs/hpu/EHT2/IHARM/SANE/SANE_a-0.5_288x128x128_IHARM/m_1_1_20/image_a-0.5_1150_17_0_230.e9_6.2e9_1.04354e+29_20.dat
        26       0.519838        3.14993        108.258        2.67636        18.1857        10.7547       -646.506     /gpfs/hpu/EHT2/IHARM/SANE/SANE_a-0.5_288x128x128_IHARM/m_1_1_20/image_a-0.5_1156_17_0_230.e9_6.2e9_1.04354e+29_20.dat
        27        0.58717        3.14983        129.753        9.17752        12.0007        10.3736       -661.781     /gpfs/hpu/EHT2/IHARM/SANE/SANE_a-0.5_288x128x128_IHARM/m_1_1_20/image_a-0.5_1162_17_0_230.e9_6.2e9_1.04354e+29_20.dat
        28       0.500148         3.0831        135.956        6.66312        14.7471        10.7075       -690.332     /gpfs/hpu/EHT2/IHARM/SANE/SANE_a-0.5_288x128x128_IHARM/m_1_1_20/image_a-0.5_1168_17_0_230.e9_6.2e9_1.04354e+29_20.dat
        29       0.591907        3.05699        148.942        5.55979        12.9699        9.28428       -618.348     /gpfs/hpu/EHT2/IHARM/SANE/SANE_a-0.5_288x128x128_IHARM/m_1_1_20/image_a-0.5_1174_17_0_230.e9_6.2e9_1.04354e+29_20.dat
        30       0.456198        2.90598        301.872        7.11179        40.8816        24.6608        -1683.6     /gpfs/hpu/EHT2/IHARM/SANE/SANE_a-0.5_288x128x128_IHARM/m_1_1_20/image_a-0.5_1180_17_0_230.e9_6.2e9_1.04354e+29_20.dat
        31       0.572763        2.91376        301.218        14.6356        28.9602        21.7127       -1401.83     /gpfs/hpu/EHT2/IHARM/SANE/SANE_a-0.5_288x128x128_IHARM/m_1_1_20/image_a-0.5_1186_17_0_230.e9_6.2e9_1.04354e+29_20.dat
        32       0.657146        3.36043        359.355        6.59198        17.0063         11.865       -780.131     /gpfs/hpu/EHT2/IHARM/SANE/SANE_a-0.5_288x128x128_IHARM/m_1_1_20/image_a-0.5_1192_17_0_230.e9_6.2e9_1.04354e+29_20.dat
        33       0.521256        3.14746        359.326        5.10442        13.2191        9.21412       -667.373     /gpfs/hpu/EHT2/IHARM/SANE/SANE_a-0.5_288x128x128_IHARM/m_1_1_20/image_a-0.5_1198_17_0_230.e9_6.2e9_1.04354e+29_20.dat
        34       0.509656        2.79184        326.617        7.90291        83.7505        47.5731       -2445.04     /gpfs/hpu/EHT2/IHARM/SANE/SANE_a-0.5_288x128x128_IHARM/m_1_1_20/image_a-0.5_1204_17_0_230.e9_6.2e9_1.04354e+29_20.dat
        35       0.702698        2.74716        331.555        21.0539         40.457        30.6012        -1665.5     /gpfs/hpu/EHT2/IHARM/SANE/SANE_a-0.5_288x128x128_IHARM/m_1_1_20/image_a-0.5_1210_17_0_230.e9_6.2e9_1.04354e+29_20.dat
        36       0.521565        3.15061        345.096        5.69588        15.5889        10.7229       -684.501     /gpfs/hpu/EHT2/IHARM/SANE/SANE_a-0.5_288x128x128_IHARM/m_1_1_20/image_a-0.5_1216_17_0_230.e9_6.2e9_1.04354e+29_20.dat
        37       0.711847        3.24812        353.603        4.64533        7.52063        6.01195       -438.345     /gpfs/hpu/EHT2/IHARM/SANE/SANE_a-0.5_288x128x128_IHARM/m_1_1_20/image_a-0.5_1222_17_0_230.e9_6.2e9_1.04354e+29_20.dat
        38       0.676267        3.45864        359.973         4.2454        11.2508        7.79839       -513.965     /gpfs/hpu/EHT2/IHARM/SANE/SANE_a-0.5_288x128x128_IHARM/m_1_1_20/image_a-0.5_1228_17_0_230.e9_6.2e9_1.04354e+29_20.dat
        39       0.647946        3.13191        342.918        3.44685        41.1201         23.166       -1404.04     /gpfs/hpu/EHT2/IHARM/SANE/SANE_a-0.5_288x128x128_IHARM/m_1_1_20/image_a-0.5_1234_17_0_230.e9_6.2e9_1.04354e+29_20.dat
        40       0.452451        2.87724          340.3         6.9036        14.3885         10.625       -682.634     /gpfs/hpu/EHT2/IHARM/SANE/SANE_a-0.5_288x128x128_IHARM/m_1_1_20/image_a-0.5_1240_17_0_230.e9_6.2e9_1.04354e+29_20.dat
        41       0.422805        2.85439        358.104        3.37412        9.04565        6.25259       -446.474     /gpfs/hpu/EHT2/IHARM/SANE/SANE_a-0.5_288x128x128_IHARM/m_1_1_20/image_a-0.5_1246_17_0_230.e9_6.2e9_1.04354e+29_20.dat
        42       0.638458        2.85237        359.985        10.9972        29.1749        20.2171       -1232.58     /gpfs/hpu/EHT2/IHARM/SANE/SANE_a-0.5_288x128x128_IHARM/m_1_1_20/image_a-0.5_1252_17_0_230.e9_6.2e9_1.04354e+29_20.dat
        43       0.494946        2.99371        359.976        2.88737        128.866        69.1009       -3440.26     /gpfs/hpu/EHT2/IHARM/SANE/SANE_a-0.5_288x128x128_IHARM/m_1_1_20/image_a-0.5_1258_17_0_230.e9_6.2e9_1.04354e+29_20.dat
        44       0.567586        2.85837        326.825        8.57481        26.5355         17.757       -1018.26     /gpfs/hpu/EHT2/IHARM/SANE/SANE_a-0.5_288x128x128_IHARM/m_1_1_20/image_a-0.5_1264_17_0_230.e9_6.2e9_1.04354e+29_20.dat
        45        0.49758        2.97687        348.845        4.90188        14.3639        9.72709       -600.671     /gpfs/hpu/EHT2/IHARM/SANE/SANE_a-0.5_288x128x128_IHARM/m_1_1_20/image_a-0.5_1270_17_0_230.e9_6.2e9_1.04354e+29_20.dat
        46       0.491206        3.18287        354.449        3.54895        16.9045        10.4661        -636.44     /gpfs/hpu/EHT2/IHARM/SANE/SANE_a-0.5_288x128x128_IHARM/m_1_1_20/image_a-0.5_1276_17_0_230.e9_6.2e9_1.04354e+29_20.dat
        47       0.710792         3.3492        359.677        4.40024        20.7421        12.8623       -763.034     /gpfs/hpu/EHT2/IHARM/SANE/SANE_a-0.5_288x128x128_IHARM/m_1_1_20/image_a-0.5_1282_17_0_230.e9_6.2e9_1.04354e+29_20.dat
        48       0.860473        3.72366        359.994        19.4006        63.7134        42.1105       -2469.33     /gpfs/hpu/EHT2/IHARM/SANE/SANE_a-0.5_288x128x128_IHARM/m_1_1_20/image_a-0.5_1288_17_0_230.e9_6.2e9_1.04354e+29_20.dat
        49        0.53443        2.88096        297.866         9.8214        33.8047         22.134       -1283.24     /gpfs/hpu/EHT2/IHARM/SANE/SANE_a-0.5_288x128x128_IHARM/m_1_1_20/image_a-0.5_1294_17_0_230.e9_6.2e9_1.04354e+29_20.dat
        50       0.534231        3.22208        322.076        3.36703        19.7324         11.874       -699.218     /gpfs/hpu/EHT2/IHARM/SANE/SANE_a-0.5_288x128x128_IHARM/m_1_1_20/image_a-0.5_1300_17_0_230.e9_6.2e9_1.04354e+29_20.dat
        51       0.472174        2.98045         293.93        6.67186        19.4801        13.2024       -774.099     /gpfs/hpu/EHT2/IHARM/SANE/SANE_a-0.5_288x128x128_IHARM/m_1_1_20/image_a-0.5_1306_17_0_230.e9_6.2e9_1.04354e+29_20.dat
        52        0.51652        3.17192        335.158         4.5866        16.9612        10.9547       -691.071     /gpfs/hpu/EHT2/IHARM/SANE/SANE_a-0.5_288x128x128_IHARM/m_1_1_20/image_a-0.5_1312_17_0_230.e9_6.2e9_1.04354e+29_20.dat
        53         0.5071        3.26889        359.991        12.5527        34.4976        23.7063       -1325.63     /gpfs/hpu/EHT2/IHARM/SANE/SANE_a-0.5_288x128x128_IHARM/m_1_1_20/image_a-0.5_1318_17_0_230.e9_6.2e9_1.04354e+29_20.dat
        54       0.752405        3.13073         359.99        10.5801        49.9836        30.9847       -2017.29     /gpfs/hpu/EHT2/IHARM/SANE/SANE_a-0.5_288x128x128_IHARM/m_1_1_20/image_a-0.5_1324_17_0_230.e9_6.2e9_1.04354e+29_20.dat
        55       0.612225        2.93253        144.992        2.55948        10.8631        6.84897       -493.633     /gpfs/hpu/EHT2/IHARM/SANE/SANE_a-0.5_288x128x128_IHARM/m_1_1_20/image_a-0.5_1330_17_0_230.e9_6.2e9_1.04354e+29_20.dat
        56       0.809335        2.97904        174.886        12.2789        30.7606        21.6183       -1377.02     /gpfs/hpu/EHT2/IHARM/SANE/SANE_a-0.5_288x128x128_IHARM/m_1_1_20/image_a-0.5_1336_17_0_230.e9_6.2e9_1.04354e+29_20.dat
        57       0.605256        3.57085       -1.11416        8.51652        92.7063         52.558       -2639.41     /gpfs/hpu/EHT2/IHARM/SANE/SANE_a-0.5_288x128x128_IHARM/m_1_1_20/image_a-0.5_1342_17_0_230.e9_6.2e9_1.04354e+29_20.dat
        58        0.64898        3.18732        3.40014         6.8367        13.5322        10.1447       -654.769     /gpfs/hpu/EHT2/IHARM/SANE/SANE_a-0.5_288x128x128_IHARM/m_1_1_20/image_a-0.5_1348_17_0_230.e9_6.2e9_1.04354e+29_20.dat
        59       0.546014        3.29094        19.9394        3.19152        6.62936        4.90012       -388.324     /gpfs/hpu/EHT2/IHARM/SANE/SANE_a-0.5_288x128x128_IHARM/m_1_1_20/image_a-0.5_1354_17_0_230.e9_6.2e9_1.04354e+29_20.dat
        60       0.413843        2.75024        64.0351        12.3337        29.8468        21.1617       -1177.36     /gpfs/hpu/EHT2/IHARM/SANE/SANE_a-0.5_288x128x128_IHARM/m_1_1_20/image_a-0.5_1360_17_0_230.e9_6.2e9_1.04354e+29_20.dat
        61       0.558334        3.30986         22.851        5.55919        27.3314        16.8427       -1007.56     /gpfs/hpu/EHT2/IHARM/SANE/SANE_a-0.5_288x128x128_IHARM/m_1_1_20/image_a-0.5_1366_17_0_230.e9_6.2e9_1.04354e+29_20.dat
        62       0.406108        3.06487        22.9539        5.90281        17.4928        11.8164       -775.333     /gpfs/hpu/EHT2/IHARM/SANE/SANE_a-0.5_288x128x128_IHARM/m_1_1_20/image_a-0.5_1372_17_0_230.e9_6.2e9_1.04354e+29_20.dat
        63       0.516169         3.3111        33.8506         4.8259        10.3938        7.60398       -565.206     /gpfs/hpu/EHT2/IHARM/SANE/SANE_a-0.5_288x128x128_IHARM/m_1_1_20/image_a-0.5_1378_17_0_230.e9_6.2e9_1.04354e+29_20.dat
        64        0.46244        2.99641       -48.4354        8.36857        32.5864        20.8505       -1130.93     /gpfs/hpu/EHT2/IHARM/SANE/SANE_a-0.5_288x128x128_IHARM/m_1_1_20/image_a-0.5_1384_17_0_230.e9_6.2e9_1.04354e+29_20.dat
        65       0.404584        3.01455       -40.2146        5.08568        31.0397        18.5851       -1040.91     /gpfs/hpu/EHT2/IHARM/SANE/SANE_a-0.5_288x128x128_IHARM/m_1_1_20/image_a-0.5_1390_17_0_230.e9_6.2e9_1.04354e+29_20.dat
        66       0.413302        3.07266        -37.985        4.40114         9.0177        6.69193       -436.355     /gpfs/hpu/EHT2/IHARM/SANE/SANE_a-0.5_288x128x128_IHARM/m_1_1_20/image_a-0.5_1396_17_0_230.e9_6.2e9_1.04354e+29_20.dat
        67       0.488851        2.90013       -45.5051        6.85097        41.2369        24.7325        -1328.7     /gpfs/hpu/EHT2/IHARM/SANE/SANE_a-0.5_288x128x128_IHARM/m_1_1_20/image_a-0.5_1402_17_0_230.e9_6.2e9_1.04354e+29_20.dat
        68       0.583403        2.98565       -31.5168        12.2903         65.595        39.9573       -2251.32     /gpfs/hpu/EHT2/IHARM/SANE/SANE_a-0.5_288x128x128_IHARM/m_1_1_20/image_a-0.5_1408_17_0_230.e9_6.2e9_1.04354e+29_20.dat
        69       0.645465        3.19356        148.964        11.6244        21.4334          16.42       -969.179     /gpfs/hpu/EHT2/IHARM/SANE/SANE_a-0.5_288x128x128_IHARM/m_1_1_20/image_a-0.5_1414_17_0_230.e9_6.2e9_1.04354e+29_20.dat
        70       0.416348        3.13693        141.995        4.56128         16.159        10.5213       -686.552     /gpfs/hpu/EHT2/IHARM/SANE/SANE_a-0.5_288x128x128_IHARM/m_1_1_20/image_a-0.5_1420_17_0_230.e9_6.2e9_1.04354e+29_20.dat
        71       0.554413        3.11196        114.714        9.40744        22.6317        16.0705       -951.533     /gpfs/hpu/EHT2/IHARM/SANE/SANE_a-0.5_288x128x128_IHARM/m_1_1_20/image_a-0.5_1426_17_0_230.e9_6.2e9_1.04354e+29_20.dat
        72       0.419399        3.04361        93.6251        7.89403        16.9345        12.4029       -814.293     /gpfs/hpu/EHT2/IHARM/SANE/SANE_a-0.5_288x128x128_IHARM/m_1_1_20/image_a-0.5_1432_17_0_230.e9_6.2e9_1.04354e+29_20.dat
        73       0.734064        3.27101        22.9288        6.05255        9.82743         7.8482       -534.403     /gpfs/hpu/EHT2/IHARM/SANE/SANE_a-0.5_288x128x128_IHARM/m_1_1_20/image_a-0.5_1438_17_0_230.e9_6.2e9_1.04354e+29_20.dat
        74       0.636004        3.35524        30.4123        5.89681        14.3161        10.1418       -642.135     /gpfs/hpu/EHT2/IHARM/SANE/SANE_a-0.5_288x128x128_IHARM/m_1_1_20/image_a-0.5_1444_17_0_230.e9_6.2e9_1.04354e+29_20.dat
        75        0.64603        2.89319       -326.029         5.0387        15.6755        10.4779       -670.496     /gpfs/hpu/EHT2/IHARM/SANE/SANE_a-0.5_288x128x128_IHARM/m_1_1_20/image_a-0.5_1450_17_0_230.e9_6.2e9_1.04354e+29_20.dat
        76        0.52365        2.95971        -318.91        4.85539        13.7075        9.36106        -573.22     /gpfs/hpu/EHT2/IHARM/SANE/SANE_a-0.5_288x128x128_IHARM/m_1_1_20/image_a-0.5_1456_17_0_230.e9_6.2e9_1.04354e+29_20.dat
        77       0.507982        3.16206       -357.884        8.00494        45.1882        27.3223       -1593.97     /gpfs/hpu/EHT2/IHARM/SANE/SANE_a-0.5_288x128x128_IHARM/m_1_1_20/image_a-0.5_1462_17_0_230.e9_6.2e9_1.04354e+29_20.dat
        78       0.808067        3.17005       -337.278        7.26175        17.1718        12.2482       -761.243     /gpfs/hpu/EHT2/IHARM/SANE/SANE_a-0.5_288x128x128_IHARM/m_1_1_20/image_a-0.5_1468_17_0_230.e9_6.2e9_1.04354e+29_20.dat
        79        0.58996        3.02442       -359.992        8.48152        25.1081        16.9645       -1080.55     /gpfs/hpu/EHT2/IHARM/SANE/SANE_a-0.5_288x128x128_IHARM/m_1_1_20/image_a-0.5_1474_17_0_230.e9_6.2e9_1.04354e+29_20.dat
        80       0.703895        2.93317       -225.159        16.4209        44.1612        30.5025       -1657.16     /gpfs/hpu/EHT2/IHARM/SANE/SANE_a-0.5_288x128x128_IHARM/m_1_1_20/image_a-0.5_1480_17_0_230.e9_6.2e9_1.04354e+29_20.dat
        81       0.560919         3.1856       -129.191        15.0809        50.9578        33.4872        -2246.2     /gpfs/hpu/EHT2/IHARM/SANE/SANE_a-0.5_288x128x128_IHARM/m_1_1_20/image_a-0.5_1486_17_0_230.e9_6.2e9_1.04354e+29_20.dat
        82        0.48324        3.33961        36.1641        8.68749        20.7671        14.7708       -968.718     /gpfs/hpu/EHT2/IHARM/SANE/SANE_a-0.5_288x128x128_IHARM/m_1_1_20/image_a-0.5_1492_17_0_230.e9_6.2e9_1.04354e+29_20.dat
        83       0.470486        3.19491        40.8713        9.03711        16.8293        12.8529       -828.395     /gpfs/hpu/EHT2/IHARM/SANE/SANE_a-0.5_288x128x128_IHARM/m_1_1_20/image_a-0.5_1498_17_0_230.e9_6.2e9_1.04354e+29_20.dat
        84       0.470288        3.09088        88.0382        5.97459        23.8345        15.1859       -922.826     /gpfs/hpu/EHT2/IHARM/SANE/SANE_a-0.5_288x128x128_IHARM/m_1_1_20/image_a-0.5_1504_17_0_230.e9_6.2e9_1.04354e+29_20.dat
        85       0.502118        3.15053        78.2409         7.1037        27.2042        17.4586        -1171.4     /gpfs/hpu/EHT2/IHARM/SANE/SANE_a-0.5_288x128x128_IHARM/m_1_1_20/image_a-0.5_1510_17_0_230.e9_6.2e9_1.04354e+29_20.dat
        86         0.6899        3.11383        204.838        10.8576        32.3217        21.8116       -1538.14     /gpfs/hpu/EHT2/IHARM/SANE/SANE_a-0.5_288x128x128_IHARM/m_1_1_20/image_a-0.5_1516_17_0_230.e9_6.2e9_1.04354e+29_20.dat
        87        0.40977        3.01676        129.672        7.97421        17.5192        12.7461       -728.537     /gpfs/hpu/EHT2/IHARM/SANE/SANE_a-0.5_288x128x128_IHARM/m_1_1_20/image_a-0.5_1522_17_0_230.e9_6.2e9_1.04354e+29_20.dat
        88       0.584684        3.09328        116.217        8.89168        24.5203        16.8365       -952.552     /gpfs/hpu/EHT2/IHARM/SANE/SANE_a-0.5_288x128x128_IHARM/m_1_1_20/image_a-0.5_1528_17_0_230.e9_6.2e9_1.04354e+29_20.dat
        89        0.57324        3.06631        55.9112        6.95766         23.509        15.4492       -895.236     /gpfs/hpu/EHT2/IHARM/SANE/SANE_a-0.5_288x128x128_IHARM/m_1_1_20/image_a-0.5_1534_17_0_230.e9_6.2e9_1.04354e+29_20.dat
        90       0.617961        3.24527         80.314        13.1576        35.5412        24.5229       -1398.27     /gpfs/hpu/EHT2/IHARM/SANE/SANE_a-0.5_288x128x128_IHARM/m_1_1_20/image_a-0.5_1540_17_0_230.e9_6.2e9_1.04354e+29_20.dat
        91       0.522735        3.21104        236.098         7.2149        16.9748        12.1238       -821.872     /gpfs/hpu/EHT2/IHARM/SANE/SANE_a-0.5_288x128x128_IHARM/m_1_1_20/image_a-0.5_1546_17_0_230.e9_6.2e9_1.04354e+29_20.dat
        92       0.580766        2.88006        285.294        20.3378        26.4971        22.9373       -1300.39     /gpfs/hpu/EHT2/IHARM/SANE/SANE_a-0.5_288x128x128_IHARM/m_1_1_20/image_a-0.5_1552_17_0_230.e9_6.2e9_1.04354e+29_20.dat
        93       0.657995        3.68998         18.828        15.0296        43.0206        29.2871       -1528.16     /gpfs/hpu/EHT2/IHARM/SANE/SANE_a-0.5_288x128x128_IHARM/m_1_1_20/image_a-0.5_1558_17_0_230.e9_6.2e9_1.04354e+29_20.dat
        94        0.51221        2.76981        124.927        10.2413           27.6         19.054       -1071.36     /gpfs/hpu/EHT2/IHARM/SANE/SANE_a-0.5_288x128x128_IHARM/m_1_1_20/image_a-0.5_1564_17_0_230.e9_6.2e9_1.04354e+29_20.dat
        95       0.494304        3.00282        117.861        4.90572        9.18297        7.00199       -486.589     /gpfs/hpu/EHT2/IHARM/SANE/SANE_a-0.5_288x128x128_IHARM/m_1_1_20/image_a-0.5_1570_17_0_230.e9_6.2e9_1.04354e+29_20.dat
        96       0.532316        2.98357        102.426        11.5458        50.6402        31.7572       -1983.67     /gpfs/hpu/EHT2/IHARM/SANE/SANE_a-0.5_288x128x128_IHARM/m_1_1_20/image_a-0.5_1576_17_0_230.e9_6.2e9_1.04354e+29_20.dat
        97       0.405819        2.94033       -26.7968        7.01402        12.9224        9.90217       -687.359     /gpfs/hpu/EHT2/IHARM/SANE/SANE_a-0.5_288x128x128_IHARM/m_1_1_20/image_a-0.5_1582_17_0_230.e9_6.2e9_1.04354e+29_20.dat
        98       0.711122        3.17081        10.4923        5.33399        11.3759        8.34548       -547.937     /gpfs/hpu/EHT2/IHARM/SANE/SANE_a-0.5_288x128x128_IHARM/m_1_1_20/image_a-0.5_1588_17_0_230.e9_6.2e9_1.04354e+29_20.dat
        99       0.638865        3.36987        16.2343        6.58814        18.5586        12.6803       -769.701     /gpfs/hpu/EHT2/IHARM/SANE/SANE_a-0.5_288x128x128_IHARM/m_1_1_20/image_a-0.5_1594_17_0_230.e9_6.2e9_1.04354e+29_20.dat
