   # Index         I (Jy)      M/D (uas)       PA (deg)  VA red. chisq  CP red. chisq     red. chisq     log-liklhd     FileName
         0        0.54994         4.7033       -170.538        24.3198        13.9771        17.8803       -896.401     /gpfs/hpu/EHT2/KORAL/SANE/SANE_a+0.88_300x192x192_KORAL/m_1_1_80/image_a+0.88_900_163_0_230.e9_6.2e9_5.67232e+28_80.dat
         1       0.598825        4.86267       -166.865        20.5413        11.9936        15.2032       -773.846     /gpfs/hpu/EHT2/KORAL/SANE/SANE_a+0.88_300x192x192_KORAL/m_1_1_80/image_a+0.88_901_163_0_230.e9_6.2e9_5.67232e+28_80.dat
         2       0.641376        4.34022       -204.797        31.8535         19.679        24.1555       -1172.16     /gpfs/hpu/EHT2/KORAL/SANE/SANE_a+0.88_300x192x192_KORAL/m_1_1_80/image_a+0.88_902_163_0_230.e9_6.2e9_5.67232e+28_80.dat
         3       0.978318        4.56273       -161.151        35.4999        30.9463        31.7577       -1535.98     /gpfs/hpu/EHT2/KORAL/SANE/SANE_a+0.88_300x192x192_KORAL/m_1_1_80/image_a+0.88_903_163_0_230.e9_6.2e9_5.67232e+28_80.dat
         4       0.848923        4.58614       -156.949         26.967        15.1386        19.6334       -1009.66     /gpfs/hpu/EHT2/KORAL/SANE/SANE_a+0.88_300x192x192_KORAL/m_1_1_80/image_a+0.88_904_163_0_230.e9_6.2e9_5.67232e+28_80.dat
         5       0.669205        5.09922       -169.038        30.3665        15.5818        21.3223       -1032.74     /gpfs/hpu/EHT2/KORAL/SANE/SANE_a+0.88_300x192x192_KORAL/m_1_1_80/image_a+0.88_905_163_0_230.e9_6.2e9_5.67232e+28_80.dat
         6       0.961211        4.36681       -312.754        26.1841         33.492        29.1475       -1438.67     /gpfs/hpu/EHT2/KORAL/SANE/SANE_a+0.88_300x192x192_KORAL/m_1_1_80/image_a+0.88_906_163_0_230.e9_6.2e9_5.67232e+28_80.dat
         7        1.00565        4.71345       -301.008        50.2705        27.5414        36.2353       -1702.92     /gpfs/hpu/EHT2/KORAL/SANE/SANE_a+0.88_300x192x192_KORAL/m_1_1_80/image_a+0.88_907_163_0_230.e9_6.2e9_5.67232e+28_80.dat
         8        1.88129          4.398       -241.526        31.1087        48.5416        39.3248       -2474.54     /gpfs/hpu/EHT2/KORAL/SANE/SANE_a+0.88_300x192x192_KORAL/m_1_1_80/image_a+0.88_908_163_0_230.e9_6.2e9_5.67232e+28_80.dat
         9       0.949695        4.67211       -163.416         35.684        19.5425        25.7172        -1210.2     /gpfs/hpu/EHT2/KORAL/SANE/SANE_a+0.88_300x192x192_KORAL/m_1_1_80/image_a+0.88_909_163_0_230.e9_6.2e9_5.67232e+28_80.dat
        10       0.669715        4.28375       -173.466         24.676        13.4314        17.7395       -905.394     /gpfs/hpu/EHT2/KORAL/SANE/SANE_a+0.88_300x192x192_KORAL/m_1_1_80/image_a+0.88_910_163_0_230.e9_6.2e9_5.67232e+28_80.dat
        11        0.59146        4.16152       -160.038        13.3178         12.295        12.2817       -670.783     /gpfs/hpu/EHT2/KORAL/SANE/SANE_a+0.88_300x192x192_KORAL/m_1_1_80/image_a+0.88_911_163_0_230.e9_6.2e9_5.67232e+28_80.dat
        12       0.521721        4.02042       -189.816        20.3986        12.7412        15.5435       -792.818     /gpfs/hpu/EHT2/KORAL/SANE/SANE_a+0.88_300x192x192_KORAL/m_1_1_80/image_a+0.88_912_163_0_230.e9_6.2e9_5.67232e+28_80.dat
        13       0.772259        4.24581       -161.504        20.8935        32.0445        26.1126       -1244.05     /gpfs/hpu/EHT2/KORAL/SANE/SANE_a+0.88_300x192x192_KORAL/m_1_1_80/image_a+0.88_913_163_0_230.e9_6.2e9_5.67232e+28_80.dat
        14       0.532383        3.94431       -316.179         12.862        34.0297        23.7497       -1125.94     /gpfs/hpu/EHT2/KORAL/SANE/SANE_a+0.88_300x192x192_KORAL/m_1_1_80/image_a+0.88_914_163_0_230.e9_6.2e9_5.67232e+28_80.dat
        15       0.712527        4.48704        -301.38        24.8703         27.658        25.4562       -1183.19     /gpfs/hpu/EHT2/KORAL/SANE/SANE_a+0.88_300x192x192_KORAL/m_1_1_80/image_a+0.88_915_163_0_230.e9_6.2e9_5.67232e+28_80.dat
        16        0.57863        4.32381       -165.107        16.7749        17.1785        16.3777        -851.82     /gpfs/hpu/EHT2/KORAL/SANE/SANE_a+0.88_300x192x192_KORAL/m_1_1_80/image_a+0.88_916_163_0_230.e9_6.2e9_5.67232e+28_80.dat
        17       0.525309        4.05964       -306.555        12.8638        30.2716        21.7339       -1031.85     /gpfs/hpu/EHT2/KORAL/SANE/SANE_a+0.88_300x192x192_KORAL/m_1_1_80/image_a+0.88_917_163_0_230.e9_6.2e9_5.67232e+28_80.dat
        18       0.611813        4.14556       -297.956        14.1568        20.2029        16.8831       -828.181     /gpfs/hpu/EHT2/KORAL/SANE/SANE_a+0.88_300x192x192_KORAL/m_1_1_80/image_a+0.88_918_163_0_230.e9_6.2e9_5.67232e+28_80.dat
        19       0.574707        4.59232       -275.206        22.4825        19.9074        20.2782       -956.028     /gpfs/hpu/EHT2/KORAL/SANE/SANE_a+0.88_300x192x192_KORAL/m_1_1_80/image_a+0.88_919_163_0_230.e9_6.2e9_5.67232e+28_80.dat
        20       0.688897        4.18699       -297.064        20.0959        29.5986        24.4597       -1151.87     /gpfs/hpu/EHT2/KORAL/SANE/SANE_a+0.88_300x192x192_KORAL/m_1_1_80/image_a+0.88_920_163_0_230.e9_6.2e9_5.67232e+28_80.dat
        21       0.810116        4.49186       -174.514         28.491        14.7006        20.0489       -983.516     /gpfs/hpu/EHT2/KORAL/SANE/SANE_a+0.88_300x192x192_KORAL/m_1_1_80/image_a+0.88_921_163_0_230.e9_6.2e9_5.67232e+28_80.dat
        22       0.537196        3.72344       -313.765        13.6863        32.4607        23.2596       -1120.91     /gpfs/hpu/EHT2/KORAL/SANE/SANE_a+0.88_300x192x192_KORAL/m_1_1_80/image_a+0.88_922_163_0_230.e9_6.2e9_5.67232e+28_80.dat
        23       0.521499        4.04344       -230.938        25.8926        21.8735        22.7887       -1090.85     /gpfs/hpu/EHT2/KORAL/SANE/SANE_a+0.88_300x192x192_KORAL/m_1_1_80/image_a+0.88_923_163_0_230.e9_6.2e9_5.67232e+28_80.dat
        24       0.522036         4.3775       -264.246        3.94656        6.91665        5.39588       -343.634     /gpfs/hpu/EHT2/KORAL/SANE/SANE_a+0.88_300x192x192_KORAL/m_1_1_80/image_a+0.88_924_163_0_230.e9_6.2e9_5.67232e+28_80.dat
        25       0.598019        4.27156       -302.952        10.4396        24.2905        17.4898       -878.186     /gpfs/hpu/EHT2/KORAL/SANE/SANE_a+0.88_300x192x192_KORAL/m_1_1_80/image_a+0.88_925_163_0_230.e9_6.2e9_5.67232e+28_80.dat
        26        0.50957        3.95965       -268.473        14.0649        15.2478        14.1851       -717.664     /gpfs/hpu/EHT2/KORAL/SANE/SANE_a+0.88_300x192x192_KORAL/m_1_1_80/image_a+0.88_926_163_0_230.e9_6.2e9_5.67232e+28_80.dat
        27       0.784026        4.39833       -289.871         25.695        22.2465        22.9045       -1083.88     /gpfs/hpu/EHT2/KORAL/SANE/SANE_a+0.88_300x192x192_KORAL/m_1_1_80/image_a+0.88_927_163_0_230.e9_6.2e9_5.67232e+28_80.dat
        28       0.807974        4.33911       -317.185        21.7269        29.0022        24.8358       -1195.45     /gpfs/hpu/EHT2/KORAL/SANE/SANE_a+0.88_300x192x192_KORAL/m_1_1_80/image_a+0.88_928_163_0_230.e9_6.2e9_5.67232e+28_80.dat
        29       0.496819         4.1981       -276.104         33.182        26.5932        28.4325       -1306.33     /gpfs/hpu/EHT2/KORAL/SANE/SANE_a+0.88_300x192x192_KORAL/m_1_1_80/image_a+0.88_929_163_0_230.e9_6.2e9_5.67232e+28_80.dat
        30       0.535974        4.18952       -288.299        21.5688        16.9869        18.3211       -880.739     /gpfs/hpu/EHT2/KORAL/SANE/SANE_a+0.88_300x192x192_KORAL/m_1_1_80/image_a+0.88_930_163_0_230.e9_6.2e9_5.67232e+28_80.dat
        31       0.583867        4.00967       -156.821        14.0821         11.391        12.1229       -655.774     /gpfs/hpu/EHT2/KORAL/SANE/SANE_a+0.88_300x192x192_KORAL/m_1_1_80/image_a+0.88_931_163_0_230.e9_6.2e9_5.67232e+28_80.dat
        32       0.575926        4.01875       -151.571        17.0828        12.1082        13.7886       -730.312     /gpfs/hpu/EHT2/KORAL/SANE/SANE_a+0.88_300x192x192_KORAL/m_1_1_80/image_a+0.88_932_163_0_230.e9_6.2e9_5.67232e+28_80.dat
        33       0.540098        4.09399       -169.738        26.5103        15.3688        19.5621       -961.084     /gpfs/hpu/EHT2/KORAL/SANE/SANE_a+0.88_300x192x192_KORAL/m_1_1_80/image_a+0.88_933_163_0_230.e9_6.2e9_5.67232e+28_80.dat
        34       0.574714        4.09717       -155.014        20.0701        15.2552        16.7522       -839.661     /gpfs/hpu/EHT2/KORAL/SANE/SANE_a+0.88_300x192x192_KORAL/m_1_1_80/image_a+0.88_934_163_0_230.e9_6.2e9_5.67232e+28_80.dat
        35       0.491644        4.09581       -178.087        37.7302         18.576         26.072       -1222.53     /gpfs/hpu/EHT2/KORAL/SANE/SANE_a+0.88_300x192x192_KORAL/m_1_1_80/image_a+0.88_935_163_0_230.e9_6.2e9_5.67232e+28_80.dat
        36       0.520141         4.1287        -311.72        12.6751        26.9753        19.8847       -958.989     /gpfs/hpu/EHT2/KORAL/SANE/SANE_a+0.88_300x192x192_KORAL/m_1_1_80/image_a+0.88_936_163_0_230.e9_6.2e9_5.67232e+28_80.dat
        37       0.430425        3.92718       -319.054        19.3822        32.8422        25.8956       -1202.06     /gpfs/hpu/EHT2/KORAL/SANE/SANE_a+0.88_300x192x192_KORAL/m_1_1_80/image_a+0.88_937_163_0_230.e9_6.2e9_5.67232e+28_80.dat
        38       0.571153        4.17297       -275.968        26.9159        25.1188        24.9669       -1159.42     /gpfs/hpu/EHT2/KORAL/SANE/SANE_a+0.88_300x192x192_KORAL/m_1_1_80/image_a+0.88_938_163_0_230.e9_6.2e9_5.67232e+28_80.dat
        39       0.487694        4.19978       -284.719        22.8382        20.3893        20.6886       -976.342     /gpfs/hpu/EHT2/KORAL/SANE/SANE_a+0.88_300x192x192_KORAL/m_1_1_80/image_a+0.88_939_163_0_230.e9_6.2e9_5.67232e+28_80.dat
        40       0.450107        4.01929        -163.67        13.6937        24.6088        19.0496        -969.79     /gpfs/hpu/EHT2/KORAL/SANE/SANE_a+0.88_300x192x192_KORAL/m_1_1_80/image_a+0.88_940_163_0_230.e9_6.2e9_5.67232e+28_80.dat
        41       0.542741        4.02133       -163.526        21.3776        14.9956         17.171       -862.113     /gpfs/hpu/EHT2/KORAL/SANE/SANE_a+0.88_300x192x192_KORAL/m_1_1_80/image_a+0.88_941_163_0_230.e9_6.2e9_5.67232e+28_80.dat
        42       0.665658        4.04355       -253.313        19.0504        17.6574         17.606        -868.35     /gpfs/hpu/EHT2/KORAL/SANE/SANE_a+0.88_300x192x192_KORAL/m_1_1_80/image_a+0.88_942_163_0_230.e9_6.2e9_5.67232e+28_80.dat
        43       0.471328        3.97379        -265.37        11.3457        14.1746        12.4485       -633.303     /gpfs/hpu/EHT2/KORAL/SANE/SANE_a+0.88_300x192x192_KORAL/m_1_1_80/image_a+0.88_943_163_0_230.e9_6.2e9_5.67232e+28_80.dat
        44       0.474662        4.03552       -290.066        17.9203        28.1755        22.7674       -1062.84     /gpfs/hpu/EHT2/KORAL/SANE/SANE_a+0.88_300x192x192_KORAL/m_1_1_80/image_a+0.88_944_163_0_230.e9_6.2e9_5.67232e+28_80.dat
        45        0.57053        4.28995       -289.705        15.4053        22.6436        18.7257       -895.966     /gpfs/hpu/EHT2/KORAL/SANE/SANE_a+0.88_300x192x192_KORAL/m_1_1_80/image_a+0.88_945_163_0_230.e9_6.2e9_5.67232e+28_80.dat
        46        0.50978        4.26956       -170.543        24.0093        17.8687        19.8359       -954.187     /gpfs/hpu/EHT2/KORAL/SANE/SANE_a+0.88_300x192x192_KORAL/m_1_1_80/image_a+0.88_946_163_0_230.e9_6.2e9_5.67232e+28_80.dat
        47       0.381706        3.86597       -159.965        11.1384        22.6792        16.9235       -872.382     /gpfs/hpu/EHT2/KORAL/SANE/SANE_a+0.88_300x192x192_KORAL/m_1_1_80/image_a+0.88_947_163_0_230.e9_6.2e9_5.67232e+28_80.dat
        48       0.455696        4.00597       -167.866        16.0782        16.2865        15.6017       -790.933     /gpfs/hpu/EHT2/KORAL/SANE/SANE_a+0.88_300x192x192_KORAL/m_1_1_80/image_a+0.88_948_163_0_230.e9_6.2e9_5.67232e+28_80.dat
        49       0.593866        4.47966       -163.657         22.453        16.6285        18.5062       -923.634     /gpfs/hpu/EHT2/KORAL/SANE/SANE_a+0.88_300x192x192_KORAL/m_1_1_80/image_a+0.88_949_163_0_230.e9_6.2e9_5.67232e+28_80.dat
        50       0.621501        4.59085       -171.888        28.7805        22.6238         24.424       -1171.85     /gpfs/hpu/EHT2/KORAL/SANE/SANE_a+0.88_300x192x192_KORAL/m_1_1_80/image_a+0.88_950_163_0_230.e9_6.2e9_5.67232e+28_80.dat
        51       0.622469        4.36061       -166.081        20.4755        13.6671        16.0731       -817.953     /gpfs/hpu/EHT2/KORAL/SANE/SANE_a+0.88_300x192x192_KORAL/m_1_1_80/image_a+0.88_951_163_0_230.e9_6.2e9_5.67232e+28_80.dat
        52       0.587965        4.34747       -168.374        20.2748        14.7759        16.5824       -846.083     /gpfs/hpu/EHT2/KORAL/SANE/SANE_a+0.88_300x192x192_KORAL/m_1_1_80/image_a+0.88_952_163_0_230.e9_6.2e9_5.67232e+28_80.dat
        53       0.706691        4.18915       -169.949        40.3588        20.2329         28.083       -1341.99     /gpfs/hpu/EHT2/KORAL/SANE/SANE_a+0.88_300x192x192_KORAL/m_1_1_80/image_a+0.88_953_163_0_230.e9_6.2e9_5.67232e+28_80.dat
        54        0.77969        3.88592       -166.249        39.2861        27.0392        31.2773       -1466.97     /gpfs/hpu/EHT2/KORAL/SANE/SANE_a+0.88_300x192x192_KORAL/m_1_1_80/image_a+0.88_954_163_0_230.e9_6.2e9_5.67232e+28_80.dat
        55       0.665843        4.38177        -321.31        25.8703         34.824        29.7282       -1397.73     /gpfs/hpu/EHT2/KORAL/SANE/SANE_a+0.88_300x192x192_KORAL/m_1_1_80/image_a+0.88_955_163_0_230.e9_6.2e9_5.67232e+28_80.dat
        56       0.407763        3.88996       -310.177        12.2417        36.9073         25.029       -1178.33     /gpfs/hpu/EHT2/KORAL/SANE/SANE_a+0.88_300x192x192_KORAL/m_1_1_80/image_a+0.88_956_163_0_230.e9_6.2e9_5.67232e+28_80.dat
        57       0.539635        4.31928       -271.714        16.5577        18.4987        16.9934       -826.756     /gpfs/hpu/EHT2/KORAL/SANE/SANE_a+0.88_300x192x192_KORAL/m_1_1_80/image_a+0.88_957_163_0_230.e9_6.2e9_5.67232e+28_80.dat
        58       0.532601        4.42392       -169.486         30.756        16.3546        21.9032       -1056.36     /gpfs/hpu/EHT2/KORAL/SANE/SANE_a+0.88_300x192x192_KORAL/m_1_1_80/image_a+0.88_958_163_0_230.e9_6.2e9_5.67232e+28_80.dat
        59       0.493304        4.07991       -316.523        16.8596        29.0206        22.7682       -1083.68     /gpfs/hpu/EHT2/KORAL/SANE/SANE_a+0.88_300x192x192_KORAL/m_1_1_80/image_a+0.88_959_163_0_230.e9_6.2e9_5.67232e+28_80.dat
        60       0.685238        4.42975       -266.669        16.6206        17.0548        16.2455       -813.977     /gpfs/hpu/EHT2/KORAL/SANE/SANE_a+0.88_300x192x192_KORAL/m_1_1_80/image_a+0.88_960_163_0_230.e9_6.2e9_5.67232e+28_80.dat
        61       0.555199        4.23585       -293.676        27.0793        24.4097        24.6561       -1140.65     /gpfs/hpu/EHT2/KORAL/SANE/SANE_a+0.88_300x192x192_KORAL/m_1_1_80/image_a+0.88_961_163_0_230.e9_6.2e9_5.67232e+28_80.dat
        62       0.748962        4.17827       -317.249        17.4222        23.5858        20.0921       -993.712     /gpfs/hpu/EHT2/KORAL/SANE/SANE_a+0.88_300x192x192_KORAL/m_1_1_80/image_a+0.88_962_163_0_230.e9_6.2e9_5.67232e+28_80.dat
        63       0.600712        4.05419       -313.389        25.1075        38.4907        31.3702       -1441.48     /gpfs/hpu/EHT2/KORAL/SANE/SANE_a+0.88_300x192x192_KORAL/m_1_1_80/image_a+0.88_963_163_0_230.e9_6.2e9_5.67232e+28_80.dat
        64       0.584589        4.36937       -309.821        16.9156        26.8747        21.6406       -1051.15     /gpfs/hpu/EHT2/KORAL/SANE/SANE_a+0.88_300x192x192_KORAL/m_1_1_80/image_a+0.88_964_163_0_230.e9_6.2e9_5.67232e+28_80.dat
        65       0.442445        4.00576       -323.272        20.8453         31.904        26.0166       -1218.03     /gpfs/hpu/EHT2/KORAL/SANE/SANE_a+0.88_300x192x192_KORAL/m_1_1_80/image_a+0.88_965_163_0_230.e9_6.2e9_5.67232e+28_80.dat
        66       0.508309        3.92348       -322.437        15.8933        27.8339         21.719       -1052.91     /gpfs/hpu/EHT2/KORAL/SANE/SANE_a+0.88_300x192x192_KORAL/m_1_1_80/image_a+0.88_966_163_0_230.e9_6.2e9_5.67232e+28_80.dat
        67       0.507404        4.37464       -269.669        20.8497        16.7348        17.8789       -869.037     /gpfs/hpu/EHT2/KORAL/SANE/SANE_a+0.88_300x192x192_KORAL/m_1_1_80/image_a+0.88_967_163_0_230.e9_6.2e9_5.67232e+28_80.dat
        68       0.545531        4.31103       -268.491        22.8077        20.5415        20.7572       -976.005     /gpfs/hpu/EHT2/KORAL/SANE/SANE_a+0.88_300x192x192_KORAL/m_1_1_80/image_a+0.88_968_163_0_230.e9_6.2e9_5.67232e+28_80.dat
        69       0.580878        4.10541       -312.526        23.9328        32.5861        27.7005       -1308.34     /gpfs/hpu/EHT2/KORAL/SANE/SANE_a+0.88_300x192x192_KORAL/m_1_1_80/image_a+0.88_969_163_0_230.e9_6.2e9_5.67232e+28_80.dat
        70        1.21106         4.5893       -312.538        27.3402        27.3584        26.3498       -1266.52     /gpfs/hpu/EHT2/KORAL/SANE/SANE_a+0.88_300x192x192_KORAL/m_1_1_80/image_a+0.88_970_163_0_230.e9_6.2e9_5.67232e+28_80.dat
        71       0.551276        4.36935        -323.02        18.2918        31.8687        24.9077       -1161.45     /gpfs/hpu/EHT2/KORAL/SANE/SANE_a+0.88_300x192x192_KORAL/m_1_1_80/image_a+0.88_971_163_0_230.e9_6.2e9_5.67232e+28_80.dat
        72       0.526374        3.99966       -203.879         40.206        13.9307        24.6361       -1160.49     /gpfs/hpu/EHT2/KORAL/SANE/SANE_a+0.88_300x192x192_KORAL/m_1_1_80/image_a+0.88_972_163_0_230.e9_6.2e9_5.67232e+28_80.dat
        73       0.497144        4.22875       -232.559        25.5216        16.6191         19.811       -952.883     /gpfs/hpu/EHT2/KORAL/SANE/SANE_a+0.88_300x192x192_KORAL/m_1_1_80/image_a+0.88_973_163_0_230.e9_6.2e9_5.67232e+28_80.dat
        74       0.728729         4.6796       -294.589        16.6775         19.033        17.3313       -839.135     /gpfs/hpu/EHT2/KORAL/SANE/SANE_a+0.88_300x192x192_KORAL/m_1_1_80/image_a+0.88_974_163_0_230.e9_6.2e9_5.67232e+28_80.dat
        75       0.442501         4.0766       -277.029        16.6054        33.0457        24.8195       -1147.07     /gpfs/hpu/EHT2/KORAL/SANE/SANE_a+0.88_300x192x192_KORAL/m_1_1_80/image_a+0.88_975_163_0_230.e9_6.2e9_5.67232e+28_80.dat
        76       0.580838         4.1546       -300.309        15.2316        30.3359        22.7791       -1082.22     /gpfs/hpu/EHT2/KORAL/SANE/SANE_a+0.88_300x192x192_KORAL/m_1_1_80/image_a+0.88_976_163_0_230.e9_6.2e9_5.67232e+28_80.dat
        77       0.609293        4.51687       -166.179        19.6622        25.7139        22.1901       -1068.15     /gpfs/hpu/EHT2/KORAL/SANE/SANE_a+0.88_300x192x192_KORAL/m_1_1_80/image_a+0.88_977_163_0_230.e9_6.2e9_5.67232e+28_80.dat
        78         0.5477        4.17281       -274.171        18.8367         15.763        16.4983       -804.824     /gpfs/hpu/EHT2/KORAL/SANE/SANE_a+0.88_300x192x192_KORAL/m_1_1_80/image_a+0.88_978_163_0_230.e9_6.2e9_5.67232e+28_80.dat
        79       0.888477        4.45199       -287.338        34.9247        25.0049        28.3241       -1311.64     /gpfs/hpu/EHT2/KORAL/SANE/SANE_a+0.88_300x192x192_KORAL/m_1_1_80/image_a+0.88_979_163_0_230.e9_6.2e9_5.67232e+28_80.dat
        80       0.647793        4.32439       -272.091        41.3219        22.5287        29.7259       -1357.57     /gpfs/hpu/EHT2/KORAL/SANE/SANE_a+0.88_300x192x192_KORAL/m_1_1_80/image_a+0.88_980_163_0_230.e9_6.2e9_5.67232e+28_80.dat
        81        1.01192        4.37962       -302.245        28.3673        47.2161        37.4434       -1726.52     /gpfs/hpu/EHT2/KORAL/SANE/SANE_a+0.88_300x192x192_KORAL/m_1_1_80/image_a+0.88_981_163_0_230.e9_6.2e9_5.67232e+28_80.dat
        82       0.533889        4.11528       -233.007        15.8526        27.3924        21.4647       -1035.41     /gpfs/hpu/EHT2/KORAL/SANE/SANE_a+0.88_300x192x192_KORAL/m_1_1_80/image_a+0.88_982_163_0_230.e9_6.2e9_5.67232e+28_80.dat
        83       0.567034        4.06572       -155.425        23.2702        15.3282        18.1573       -1068.57     /gpfs/hpu/EHT2/KORAL/SANE/SANE_a+0.88_300x192x192_KORAL/m_1_1_80/image_a+0.88_983_163_0_230.e9_6.2e9_5.67232e+28_80.dat
        84       0.627718         4.4127       -163.409        31.0503        26.5073        27.4766       -1308.25     /gpfs/hpu/EHT2/KORAL/SANE/SANE_a+0.88_300x192x192_KORAL/m_1_1_80/image_a+0.88_984_163_0_230.e9_6.2e9_5.67232e+28_80.dat
        85       0.699949        4.33531       -275.109        26.6166        19.8241         21.998       -1050.04     /gpfs/hpu/EHT2/KORAL/SANE/SANE_a+0.88_300x192x192_KORAL/m_1_1_80/image_a+0.88_985_163_0_230.e9_6.2e9_5.67232e+28_80.dat
        86       0.519891        4.16124       -276.677        11.6922        23.0656        17.3672       -845.734     /gpfs/hpu/EHT2/KORAL/SANE/SANE_a+0.88_300x192x192_KORAL/m_1_1_80/image_a+0.88_986_163_0_230.e9_6.2e9_5.67232e+28_80.dat
        87       0.587247        4.10228       -163.676         25.739        19.6004        21.5034       -1039.62     /gpfs/hpu/EHT2/KORAL/SANE/SANE_a+0.88_300x192x192_KORAL/m_1_1_80/image_a+0.88_987_163_0_230.e9_6.2e9_5.67232e+28_80.dat
        88       0.696235        4.08767        -164.31        37.1065        16.0263        24.4376       -1251.04     /gpfs/hpu/EHT2/KORAL/SANE/SANE_a+0.88_300x192x192_KORAL/m_1_1_80/image_a+0.88_988_163_0_230.e9_6.2e9_5.67232e+28_80.dat
        89        1.02883        4.21517       -163.537        39.2224        16.4546        25.5706       -1287.41     /gpfs/hpu/EHT2/KORAL/SANE/SANE_a+0.88_300x192x192_KORAL/m_1_1_80/image_a+0.88_989_163_0_230.e9_6.2e9_5.67232e+28_80.dat
        90       0.689382         4.0648       -313.426         25.737        39.2611        32.0522       -1500.47     /gpfs/hpu/EHT2/KORAL/SANE/SANE_a+0.88_300x192x192_KORAL/m_1_1_80/image_a+0.88_990_163_0_230.e9_6.2e9_5.67232e+28_80.dat
        91       0.741535        4.13896       -316.701        20.7281        34.3523        27.2803       -1298.61     /gpfs/hpu/EHT2/KORAL/SANE/SANE_a+0.88_300x192x192_KORAL/m_1_1_80/image_a+0.88_991_163_0_230.e9_6.2e9_5.67232e+28_80.dat
        92       0.929498        4.27267       -315.343        28.3542        36.2196        31.5373       -1554.34     /gpfs/hpu/EHT2/KORAL/SANE/SANE_a+0.88_300x192x192_KORAL/m_1_1_80/image_a+0.88_992_163_0_230.e9_6.2e9_5.67232e+28_80.dat
        93       0.591611        4.17654       -272.314         39.022        30.9316        33.2532       -1509.56     /gpfs/hpu/EHT2/KORAL/SANE/SANE_a+0.88_300x192x192_KORAL/m_1_1_80/image_a+0.88_993_163_0_230.e9_6.2e9_5.67232e+28_80.dat
        94       0.512348        4.03804       -250.108        28.1931        14.6001        19.8678       -952.122     /gpfs/hpu/EHT2/KORAL/SANE/SANE_a+0.88_300x192x192_KORAL/m_1_1_80/image_a+0.88_994_163_0_230.e9_6.2e9_5.67232e+28_80.dat
        95       0.553457        4.33715       -272.977        31.1543        12.2454        19.8683        -942.65     /gpfs/hpu/EHT2/KORAL/SANE/SANE_a+0.88_300x192x192_KORAL/m_1_1_80/image_a+0.88_995_163_0_230.e9_6.2e9_5.67232e+28_80.dat
        96       0.807294        4.18876       -272.265        59.9026        33.5952        43.5949       -1939.11     /gpfs/hpu/EHT2/KORAL/SANE/SANE_a+0.88_300x192x192_KORAL/m_1_1_80/image_a+0.88_996_163_0_230.e9_6.2e9_5.67232e+28_80.dat
        97       0.829073        4.01956       -312.449        40.9361        36.9959        37.3242        -1846.1     /gpfs/hpu/EHT2/KORAL/SANE/SANE_a+0.88_300x192x192_KORAL/m_1_1_80/image_a+0.88_997_163_0_230.e9_6.2e9_5.67232e+28_80.dat
        98       0.595888        3.99888       -308.944        21.0129        33.5267        26.9589       -1259.18     /gpfs/hpu/EHT2/KORAL/SANE/SANE_a+0.88_300x192x192_KORAL/m_1_1_80/image_a+0.88_998_163_0_230.e9_6.2e9_5.67232e+28_80.dat
        99       0.763131        4.26288       -163.265        39.1252        27.8215        31.6284       -1517.41     /gpfs/hpu/EHT2/KORAL/SANE/SANE_a+0.88_300x192x192_KORAL/m_1_1_80/image_a+0.88_999_163_0_230.e9_6.2e9_5.67232e+28_80.dat
