   # Index         I (Jy)      M/D (uas)       PA (deg)  VA red. chisq  CP red. chisq     red. chisq     log-liklhd     FileName
         0       0.754094        4.87914       -26.7244        75.5032        37.4302        52.0017       -3897.26     /gpfs/hpu/EHT2/IHARM/MAD/MAD_a-0.94_384x192x192_IHARM/m_1_1_160/image_a-0.94_0000_17_0_230.e9_6.2e9_4.52111e+25_160.dat
         1        1.21181        7.07426        33.8649        76.0413        58.8845         64.524       -4755.46     /gpfs/hpu/EHT2/IHARM/MAD/MAD_a-0.94_384x192x192_IHARM/m_1_1_160/image_a-0.94_0001_17_0_230.e9_6.2e9_4.52111e+25_160.dat
         2       0.435723        3.40366       -13.0511        28.9379        24.1795        25.5705       -2052.73     /gpfs/hpu/EHT2/IHARM/MAD/MAD_a-0.94_384x192x192_IHARM/m_1_1_160/image_a-0.94_0002_17_0_230.e9_6.2e9_4.52111e+25_160.dat
         3       0.796083        3.74272        33.1518        61.5438        37.9274        46.6415       -3517.54     /gpfs/hpu/EHT2/IHARM/MAD/MAD_a-0.94_384x192x192_IHARM/m_1_1_160/image_a-0.94_0003_17_0_230.e9_6.2e9_4.52111e+25_160.dat
         4       0.547232        3.74449       -48.3265        11.1306        22.9455        17.6612       -1550.46     /gpfs/hpu/EHT2/IHARM/MAD/MAD_a-0.94_384x192x192_IHARM/m_1_1_160/image_a-0.94_0004_17_0_230.e9_6.2e9_4.52111e+25_160.dat
         5         0.5766        3.50961       -49.9974        16.5393        16.1285        15.9388       -1450.99     /gpfs/hpu/EHT2/IHARM/MAD/MAD_a-0.94_384x192x192_IHARM/m_1_1_160/image_a-0.94_0005_17_0_230.e9_6.2e9_4.52111e+25_160.dat
         6       0.454418        3.60242       -26.3792        14.4113        14.0818        13.9044       -1254.26     /gpfs/hpu/EHT2/IHARM/MAD/MAD_a-0.94_384x192x192_IHARM/m_1_1_160/image_a-0.94_0006_17_0_230.e9_6.2e9_4.52111e+25_160.dat
         7       0.541618        3.36612       -60.4565        7.21154        7.72679        7.34797       -805.215     /gpfs/hpu/EHT2/IHARM/MAD/MAD_a-0.94_384x192x192_IHARM/m_1_1_160/image_a-0.94_0007_17_0_230.e9_6.2e9_4.52111e+25_160.dat
         8       0.626749        3.69024        -147.07        16.0184        30.1045        23.7438       -1909.11     /gpfs/hpu/EHT2/IHARM/MAD/MAD_a-0.94_384x192x192_IHARM/m_1_1_160/image_a-0.94_0008_17_0_230.e9_6.2e9_4.52111e+25_160.dat
         9       0.429172        3.79758       -139.413        12.0953        22.0549        17.5406        -1462.7     /gpfs/hpu/EHT2/IHARM/MAD/MAD_a-0.94_384x192x192_IHARM/m_1_1_160/image_a-0.94_0009_17_0_230.e9_6.2e9_4.52111e+25_160.dat
        10        0.64425        3.79602       -150.429        38.0848        39.0258        37.7843       -3063.74     /gpfs/hpu/EHT2/IHARM/MAD/MAD_a-0.94_384x192x192_IHARM/m_1_1_160/image_a-0.94_0010_17_0_230.e9_6.2e9_4.52111e+25_160.dat
        11        0.92482        4.49205       -156.092        37.4872        77.9885         59.889       -4429.59     /gpfs/hpu/EHT2/IHARM/MAD/MAD_a-0.94_384x192x192_IHARM/m_1_1_160/image_a-0.94_0011_17_0_230.e9_6.2e9_4.52111e+25_160.dat
        12       0.540878        3.65693       -65.6093         9.2702        16.7825        13.3742       -1261.81     /gpfs/hpu/EHT2/IHARM/MAD/MAD_a-0.94_384x192x192_IHARM/m_1_1_160/image_a-0.94_0012_17_0_230.e9_6.2e9_4.52111e+25_160.dat
        13       0.594868        4.14872       -25.5093        7.94204        11.6043        9.86728       -994.977     /gpfs/hpu/EHT2/IHARM/MAD/MAD_a-0.94_384x192x192_IHARM/m_1_1_160/image_a-0.94_0013_17_0_230.e9_6.2e9_4.52111e+25_160.dat
        14       0.606569        3.95646       -42.8832        12.3032        17.8305        15.2019       -1380.78     /gpfs/hpu/EHT2/IHARM/MAD/MAD_a-0.94_384x192x192_IHARM/m_1_1_160/image_a-0.94_0014_17_0_230.e9_6.2e9_4.52111e+25_160.dat
        15       0.673563        3.95263       -61.4991         22.978         21.437        21.5873       -1781.33     /gpfs/hpu/EHT2/IHARM/MAD/MAD_a-0.94_384x192x192_IHARM/m_1_1_160/image_a-0.94_0015_17_0_230.e9_6.2e9_4.52111e+25_160.dat
        16        0.59842        3.93794       -118.091        15.4353        28.9742        22.8598        -1855.1     /gpfs/hpu/EHT2/IHARM/MAD/MAD_a-0.94_384x192x192_IHARM/m_1_1_160/image_a-0.94_0016_17_0_230.e9_6.2e9_4.52111e+25_160.dat
        17       0.463777         3.5218       -71.7916        11.6695        24.6418        18.8521       -1590.89     /gpfs/hpu/EHT2/IHARM/MAD/MAD_a-0.94_384x192x192_IHARM/m_1_1_160/image_a-0.94_0017_17_0_230.e9_6.2e9_4.52111e+25_160.dat
        18       0.520926        3.40624       -65.1352        23.2347        37.9232        31.1465       -2418.59     /gpfs/hpu/EHT2/IHARM/MAD/MAD_a-0.94_384x192x192_IHARM/m_1_1_160/image_a-0.94_0018_17_0_230.e9_6.2e9_4.52111e+25_160.dat
        19       0.527333        4.08774       -28.1071        15.2696        20.2589        17.7943       -1497.19     /gpfs/hpu/EHT2/IHARM/MAD/MAD_a-0.94_384x192x192_IHARM/m_1_1_160/image_a-0.94_0019_17_0_230.e9_6.2e9_4.52111e+25_160.dat
        20       0.494025        3.98087       -16.9638         16.911        15.2667        15.5949       -1358.83     /gpfs/hpu/EHT2/IHARM/MAD/MAD_a-0.94_384x192x192_IHARM/m_1_1_160/image_a-0.94_0020_17_0_230.e9_6.2e9_4.52111e+25_160.dat
        21       0.819499         3.4009        124.021        22.1647        83.1715         56.665       -4243.14     /gpfs/hpu/EHT2/IHARM/MAD/MAD_a-0.94_384x192x192_IHARM/m_1_1_160/image_a-0.94_0021_17_0_230.e9_6.2e9_4.52111e+25_160.dat
        22       0.737339        4.20135       -96.2211        7.36547        27.2543        18.6098       -1574.76     /gpfs/hpu/EHT2/IHARM/MAD/MAD_a-0.94_384x192x192_IHARM/m_1_1_160/image_a-0.94_0022_17_0_230.e9_6.2e9_4.52111e+25_160.dat
        23        0.60297        4.34603        -80.135        12.4502        16.3383        14.4055       -1273.79     /gpfs/hpu/EHT2/IHARM/MAD/MAD_a-0.94_384x192x192_IHARM/m_1_1_160/image_a-0.94_0023_17_0_230.e9_6.2e9_4.52111e+25_160.dat
        24       0.516998        4.06566       -75.4177        11.9256        18.7136        15.5557       -1359.38     /gpfs/hpu/EHT2/IHARM/MAD/MAD_a-0.94_384x192x192_IHARM/m_1_1_160/image_a-0.94_0024_17_0_230.e9_6.2e9_4.52111e+25_160.dat
        25       0.611517        3.75133       -88.2164        16.8084        21.2207        18.9682       -1592.73     /gpfs/hpu/EHT2/IHARM/MAD/MAD_a-0.94_384x192x192_IHARM/m_1_1_160/image_a-0.94_0025_17_0_230.e9_6.2e9_4.52111e+25_160.dat
        26       0.661848         3.4452       -33.4763        57.2759        21.4781        35.4814       -2761.88     /gpfs/hpu/EHT2/IHARM/MAD/MAD_a-0.94_384x192x192_IHARM/m_1_1_160/image_a-0.94_0026_17_0_230.e9_6.2e9_4.52111e+25_160.dat
        27       0.602871        3.51569       -42.0114        6.57478        13.9642        10.6678       -1040.58     /gpfs/hpu/EHT2/IHARM/MAD/MAD_a-0.94_384x192x192_IHARM/m_1_1_160/image_a-0.94_0027_17_0_230.e9_6.2e9_4.52111e+25_160.dat
        28       0.496195         3.7484       -28.9919        41.9617        38.0405        38.7872       -2931.56     /gpfs/hpu/EHT2/IHARM/MAD/MAD_a-0.94_384x192x192_IHARM/m_1_1_160/image_a-0.94_0028_17_0_230.e9_6.2e9_4.52111e+25_160.dat
        29        0.70729        3.93334        -51.385        23.4969        35.8196         30.046       -2337.47     /gpfs/hpu/EHT2/IHARM/MAD/MAD_a-0.94_384x192x192_IHARM/m_1_1_160/image_a-0.94_0029_17_0_230.e9_6.2e9_4.52111e+25_160.dat
        30       0.659745         3.6991       -32.2427        17.2975        41.1556        30.5993       -2412.97     /gpfs/hpu/EHT2/IHARM/MAD/MAD_a-0.94_384x192x192_IHARM/m_1_1_160/image_a-0.94_0030_17_0_230.e9_6.2e9_4.52111e+25_160.dat
        31       0.508918        4.04674       -90.9204        14.3973         7.6161        10.1905       -983.915     /gpfs/hpu/EHT2/IHARM/MAD/MAD_a-0.94_384x192x192_IHARM/m_1_1_160/image_a-0.94_0031_17_0_230.e9_6.2e9_4.52111e+25_160.dat
        32       0.403408        3.61204       -105.257        13.4776        20.9404        17.4604       -1457.86     /gpfs/hpu/EHT2/IHARM/MAD/MAD_a-0.94_384x192x192_IHARM/m_1_1_160/image_a-0.94_0032_17_0_230.e9_6.2e9_4.52111e+25_160.dat
        33        0.59313        3.61751       -14.3073        26.7714        23.5685        24.3439       -1997.48     /gpfs/hpu/EHT2/IHARM/MAD/MAD_a-0.94_384x192x192_IHARM/m_1_1_160/image_a-0.94_0033_17_0_230.e9_6.2e9_4.52111e+25_160.dat
        34       0.506931        3.64472       -31.2323        23.9556        21.1748        21.8323       -1781.45     /gpfs/hpu/EHT2/IHARM/MAD/MAD_a-0.94_384x192x192_IHARM/m_1_1_160/image_a-0.94_0034_17_0_230.e9_6.2e9_4.52111e+25_160.dat
        35       0.562599        3.56997       -25.6339        14.4605        19.2065        16.8635        -1454.9     /gpfs/hpu/EHT2/IHARM/MAD/MAD_a-0.94_384x192x192_IHARM/m_1_1_160/image_a-0.94_0035_17_0_230.e9_6.2e9_4.52111e+25_160.dat
        36        1.02608        3.51518       -1.39236        47.5631        25.0382        33.5952       -2673.05     /gpfs/hpu/EHT2/IHARM/MAD/MAD_a-0.94_384x192x192_IHARM/m_1_1_160/image_a-0.94_0036_17_0_230.e9_6.2e9_4.52111e+25_160.dat
        37       0.537981        3.83435       -87.5483        15.0266        37.3084        27.4744       -2207.39     /gpfs/hpu/EHT2/IHARM/MAD/MAD_a-0.94_384x192x192_IHARM/m_1_1_160/image_a-0.94_0037_17_0_230.e9_6.2e9_4.52111e+25_160.dat
        38       0.534162        3.26099        37.4683        35.7865        19.6358        25.7342       -2077.22     /gpfs/hpu/EHT2/IHARM/MAD/MAD_a-0.94_384x192x192_IHARM/m_1_1_160/image_a-0.94_0038_17_0_230.e9_6.2e9_4.52111e+25_160.dat
        39       0.698091        4.23221       -61.5214        4.58107        15.8543        10.9456       -1061.97     /gpfs/hpu/EHT2/IHARM/MAD/MAD_a-0.94_384x192x192_IHARM/m_1_1_160/image_a-0.94_0039_17_0_230.e9_6.2e9_4.52111e+25_160.dat
        40        1.21719        3.96357       -119.578        62.0349        54.3794        56.2758       -4403.32     /gpfs/hpu/EHT2/IHARM/MAD/MAD_a-0.94_384x192x192_IHARM/m_1_1_160/image_a-0.94_0040_17_0_230.e9_6.2e9_4.52111e+25_160.dat
        41       0.564336        3.99831       -40.9827        10.2431        4.81223         6.9024       -748.028     /gpfs/hpu/EHT2/IHARM/MAD/MAD_a-0.94_384x192x192_IHARM/m_1_1_160/image_a-0.94_0041_17_0_230.e9_6.2e9_4.52111e+25_160.dat
        42         1.0559        4.27403       -42.7802        32.3345         25.982        27.9779        -2216.4     /gpfs/hpu/EHT2/IHARM/MAD/MAD_a-0.94_384x192x192_IHARM/m_1_1_160/image_a-0.94_0042_17_0_230.e9_6.2e9_4.52111e+25_160.dat
        43       0.798312         3.9533       -34.3063         13.626        9.11193        10.7365       -1042.33     /gpfs/hpu/EHT2/IHARM/MAD/MAD_a-0.94_384x192x192_IHARM/m_1_1_160/image_a-0.94_0043_17_0_230.e9_6.2e9_4.52111e+25_160.dat
        44       0.694326        3.42395       -77.0519        12.8376        21.0669        17.2742       -1566.75     /gpfs/hpu/EHT2/IHARM/MAD/MAD_a-0.94_384x192x192_IHARM/m_1_1_160/image_a-0.94_0044_17_0_230.e9_6.2e9_4.52111e+25_160.dat
        45       0.939888        3.88308       -25.6633         18.718        11.1402         13.959        -1277.5     /gpfs/hpu/EHT2/IHARM/MAD/MAD_a-0.94_384x192x192_IHARM/m_1_1_160/image_a-0.94_0045_17_0_230.e9_6.2e9_4.52111e+25_160.dat
        46       0.673877        3.40867       -43.9752        4.82833        25.1903           16.4       -1466.36     /gpfs/hpu/EHT2/IHARM/MAD/MAD_a-0.94_384x192x192_IHARM/m_1_1_160/image_a-0.94_0046_17_0_230.e9_6.2e9_4.52111e+25_160.dat
        47       0.907349        3.37629       -50.6054         35.996        30.7494        32.1929       -3403.41     /gpfs/hpu/EHT2/IHARM/MAD/MAD_a-0.94_384x192x192_IHARM/m_1_1_160/image_a-0.94_0047_17_0_230.e9_6.2e9_4.52111e+25_160.dat
        48       0.885613        4.42181       -3.58084        14.8611        47.1669        33.0616       -2817.97     /gpfs/hpu/EHT2/IHARM/MAD/MAD_a-0.94_384x192x192_IHARM/m_1_1_160/image_a-0.94_0048_17_0_230.e9_6.2e9_4.52111e+25_160.dat
        49       0.760554        4.12754       -0.84626        25.0775        56.4458        42.5149       -3409.77     /gpfs/hpu/EHT2/IHARM/MAD/MAD_a-0.94_384x192x192_IHARM/m_1_1_160/image_a-0.94_0049_17_0_230.e9_6.2e9_4.52111e+25_160.dat
        50       0.662654        4.17663       -3.67555        30.7962        17.1288        22.2782       -1848.72     /gpfs/hpu/EHT2/IHARM/MAD/MAD_a-0.94_384x192x192_IHARM/m_1_1_160/image_a-0.94_0050_17_0_230.e9_6.2e9_4.52111e+25_160.dat
        51       0.480949         4.0987       -8.88944         15.057        12.0789        13.0168       -1157.55     /gpfs/hpu/EHT2/IHARM/MAD/MAD_a-0.94_384x192x192_IHARM/m_1_1_160/image_a-0.94_0051_17_0_230.e9_6.2e9_4.52111e+25_160.dat
        52       0.736429        3.80823       -69.1023        19.9028        13.2037        15.6217       -1390.79     /gpfs/hpu/EHT2/IHARM/MAD/MAD_a-0.94_384x192x192_IHARM/m_1_1_160/image_a-0.94_0052_17_0_230.e9_6.2e9_4.52111e+25_160.dat
        53       0.561341        3.85844       -53.9415        6.79964        7.34902        6.96473       -760.524     /gpfs/hpu/EHT2/IHARM/MAD/MAD_a-0.94_384x192x192_IHARM/m_1_1_160/image_a-0.94_0053_17_0_230.e9_6.2e9_4.52111e+25_160.dat
        54       0.467666        3.89235       -17.7174        16.8801        11.7339        13.5563       -1233.43     /gpfs/hpu/EHT2/IHARM/MAD/MAD_a-0.94_384x192x192_IHARM/m_1_1_160/image_a-0.94_0054_17_0_230.e9_6.2e9_4.52111e+25_160.dat
        55       0.549772         4.0091       -78.2726        14.1134        20.7309        17.5974       -1515.79     /gpfs/hpu/EHT2/IHARM/MAD/MAD_a-0.94_384x192x192_IHARM/m_1_1_160/image_a-0.94_0055_17_0_230.e9_6.2e9_4.52111e+25_160.dat
        56       0.474321        4.10702       -52.4518        10.3138        12.2019        11.1692       -1061.58     /gpfs/hpu/EHT2/IHARM/MAD/MAD_a-0.94_384x192x192_IHARM/m_1_1_160/image_a-0.94_0056_17_0_230.e9_6.2e9_4.52111e+25_160.dat
        57       0.463053        3.77089       -34.1065         18.371        15.6328        16.3954       -1445.06     /gpfs/hpu/EHT2/IHARM/MAD/MAD_a-0.94_384x192x192_IHARM/m_1_1_160/image_a-0.94_0057_17_0_230.e9_6.2e9_4.52111e+25_160.dat
        58       0.591586        3.41838       -76.4307        13.6214        9.55683        10.9898       -1087.75     /gpfs/hpu/EHT2/IHARM/MAD/MAD_a-0.94_384x192x192_IHARM/m_1_1_160/image_a-0.94_0058_17_0_230.e9_6.2e9_4.52111e+25_160.dat
        59       0.864856        3.72204       -27.4127        46.1521        34.7421          38.59       -3025.39     /gpfs/hpu/EHT2/IHARM/MAD/MAD_a-0.94_384x192x192_IHARM/m_1_1_160/image_a-0.94_0059_17_0_230.e9_6.2e9_4.52111e+25_160.dat
        60       0.740067        4.05907       -26.8211         25.991        21.5225        22.8548       -1938.95     /gpfs/hpu/EHT2/IHARM/MAD/MAD_a-0.94_384x192x192_IHARM/m_1_1_160/image_a-0.94_0060_17_0_230.e9_6.2e9_4.52111e+25_160.dat
        61       0.662312        3.85747       -7.26033         37.482        30.4085        32.5983       -2616.66     /gpfs/hpu/EHT2/IHARM/MAD/MAD_a-0.94_384x192x192_IHARM/m_1_1_160/image_a-0.94_0061_17_0_230.e9_6.2e9_4.52111e+25_160.dat
        62       0.553166        4.00235        13.3134        11.8748        34.5208         24.601       -2053.42     /gpfs/hpu/EHT2/IHARM/MAD/MAD_a-0.94_384x192x192_IHARM/m_1_1_160/image_a-0.94_0062_17_0_230.e9_6.2e9_4.52111e+25_160.dat
        63       0.437868        4.00567        24.3397        25.6235        19.7359        21.6816       -1788.53     /gpfs/hpu/EHT2/IHARM/MAD/MAD_a-0.94_384x192x192_IHARM/m_1_1_160/image_a-0.94_0063_17_0_230.e9_6.2e9_4.52111e+25_160.dat
        64       0.439257        4.17733       -83.2065        13.6251        29.3804        22.3606       -1798.16     /gpfs/hpu/EHT2/IHARM/MAD/MAD_a-0.94_384x192x192_IHARM/m_1_1_160/image_a-0.94_0064_17_0_230.e9_6.2e9_4.52111e+25_160.dat
        65       0.522126        3.86811       -84.1658        39.6578        40.5919        39.3187       -2956.98     /gpfs/hpu/EHT2/IHARM/MAD/MAD_a-0.94_384x192x192_IHARM/m_1_1_160/image_a-0.94_0065_17_0_230.e9_6.2e9_4.52111e+25_160.dat
        66       0.789836        4.01286       -81.6344        10.7592        22.5399        17.2785       -1493.44     /gpfs/hpu/EHT2/IHARM/MAD/MAD_a-0.94_384x192x192_IHARM/m_1_1_160/image_a-0.94_0066_17_0_230.e9_6.2e9_4.52111e+25_160.dat
        67        1.03542        3.85811       -86.0715        12.7463        49.4496        33.5156       -2760.16     /gpfs/hpu/EHT2/IHARM/MAD/MAD_a-0.94_384x192x192_IHARM/m_1_1_160/image_a-0.94_0067_17_0_230.e9_6.2e9_4.52111e+25_160.dat
        68        1.11008        4.51703       -16.8448        19.8065        19.5738        19.2361       -1721.52     /gpfs/hpu/EHT2/IHARM/MAD/MAD_a-0.94_384x192x192_IHARM/m_1_1_160/image_a-0.94_0068_17_0_230.e9_6.2e9_4.52111e+25_160.dat
        69       0.691901        3.67521       -64.5517        21.2376        14.7186        17.0303       -1463.73     /gpfs/hpu/EHT2/IHARM/MAD/MAD_a-0.94_384x192x192_IHARM/m_1_1_160/image_a-0.94_0069_17_0_230.e9_6.2e9_4.52111e+25_160.dat
        70       0.440883        4.05893        1.40733        25.8624        30.4907        27.9464       -2186.13     /gpfs/hpu/EHT2/IHARM/MAD/MAD_a-0.94_384x192x192_IHARM/m_1_1_160/image_a-0.94_0070_17_0_230.e9_6.2e9_4.52111e+25_160.dat
        71       0.450967        3.78452        7.59376        14.2381        18.8099        16.5461       -1455.87     /gpfs/hpu/EHT2/IHARM/MAD/MAD_a-0.94_384x192x192_IHARM/m_1_1_160/image_a-0.94_0071_17_0_230.e9_6.2e9_4.52111e+25_160.dat
        72       0.574702        4.15068       -92.8645        13.9278        51.9876         35.449       -2724.92     /gpfs/hpu/EHT2/IHARM/MAD/MAD_a-0.94_384x192x192_IHARM/m_1_1_160/image_a-0.94_0072_17_0_230.e9_6.2e9_4.52111e+25_160.dat
        73        0.53604        3.99458       -97.8873        10.5226        28.4347        20.5636       -1690.14     /gpfs/hpu/EHT2/IHARM/MAD/MAD_a-0.94_384x192x192_IHARM/m_1_1_160/image_a-0.94_0073_17_0_230.e9_6.2e9_4.52111e+25_160.dat
        74       0.617828        3.85974       -81.7996        11.8051        22.7252        17.8077       -1583.94     /gpfs/hpu/EHT2/IHARM/MAD/MAD_a-0.94_384x192x192_IHARM/m_1_1_160/image_a-0.94_0074_17_0_230.e9_6.2e9_4.52111e+25_160.dat
        75       0.417453        3.82725       -64.4516        18.1739         22.428        20.2129        -1688.9     /gpfs/hpu/EHT2/IHARM/MAD/MAD_a-0.94_384x192x192_IHARM/m_1_1_160/image_a-0.94_0075_17_0_230.e9_6.2e9_4.52111e+25_160.dat
        76       0.673642        4.05752       -114.203        28.9011        28.0162        27.7561        -2195.6     /gpfs/hpu/EHT2/IHARM/MAD/MAD_a-0.94_384x192x192_IHARM/m_1_1_160/image_a-0.94_0076_17_0_230.e9_6.2e9_4.52111e+25_160.dat
        77       0.587353        4.09932       -92.3176        5.92346        15.6482        11.3702       -1053.87     /gpfs/hpu/EHT2/IHARM/MAD/MAD_a-0.94_384x192x192_IHARM/m_1_1_160/image_a-0.94_0077_17_0_230.e9_6.2e9_4.52111e+25_160.dat
        78       0.682556        4.31379       -101.919         46.125        68.0536        57.6842       -4611.97     /gpfs/hpu/EHT2/IHARM/MAD/MAD_a-0.94_384x192x192_IHARM/m_1_1_160/image_a-0.94_0078_17_0_230.e9_6.2e9_4.52111e+25_160.dat
        79       0.591811        3.93392       -68.7455        26.6181        47.1718        37.8191       -2869.17     /gpfs/hpu/EHT2/IHARM/MAD/MAD_a-0.94_384x192x192_IHARM/m_1_1_160/image_a-0.94_0079_17_0_230.e9_6.2e9_4.52111e+25_160.dat
        80       0.572671        4.33087       -37.2405        12.1583        22.7469         17.963       -1547.13     /gpfs/hpu/EHT2/IHARM/MAD/MAD_a-0.94_384x192x192_IHARM/m_1_1_160/image_a-0.94_0080_17_0_230.e9_6.2e9_4.52111e+25_160.dat
        81       0.458461        3.68098       -27.8592        47.6219        52.5803        49.4152       -3667.38     /gpfs/hpu/EHT2/IHARM/MAD/MAD_a-0.94_384x192x192_IHARM/m_1_1_160/image_a-0.94_0081_17_0_230.e9_6.2e9_4.52111e+25_160.dat
        82          1.001        3.73559       -38.3467         35.441        88.6456        65.1736       -4798.04     /gpfs/hpu/EHT2/IHARM/MAD/MAD_a-0.94_384x192x192_IHARM/m_1_1_160/image_a-0.94_0082_17_0_230.e9_6.2e9_4.52111e+25_160.dat
        83       0.389633        3.50699       -77.5425        18.6571        25.2147        22.0065       -1790.96     /gpfs/hpu/EHT2/IHARM/MAD/MAD_a-0.94_384x192x192_IHARM/m_1_1_160/image_a-0.94_0083_17_0_230.e9_6.2e9_4.52111e+25_160.dat
        84       0.583202        2.91322       -79.8637        37.7362         23.313        28.6316          -2233     /gpfs/hpu/EHT2/IHARM/MAD/MAD_a-0.94_384x192x192_IHARM/m_1_1_160/image_a-0.94_0084_17_0_230.e9_6.2e9_4.52111e+25_160.dat
        85       0.487491        3.69693       -19.7086        17.6209        20.4634        18.8625       -1614.55     /gpfs/hpu/EHT2/IHARM/MAD/MAD_a-0.94_384x192x192_IHARM/m_1_1_160/image_a-0.94_0085_17_0_230.e9_6.2e9_4.52111e+25_160.dat
        86       0.505417        3.70646        13.0683        33.0322         19.433         24.504       -1987.99     /gpfs/hpu/EHT2/IHARM/MAD/MAD_a-0.94_384x192x192_IHARM/m_1_1_160/image_a-0.94_0086_17_0_230.e9_6.2e9_4.52111e+25_160.dat
        87       0.771473        3.85395       -33.7603        28.7479        33.1563        30.6421       -2402.24     /gpfs/hpu/EHT2/IHARM/MAD/MAD_a-0.94_384x192x192_IHARM/m_1_1_160/image_a-0.94_0087_17_0_230.e9_6.2e9_4.52111e+25_160.dat
        88        1.07417        4.01189      -0.860195        16.8554        22.6399        19.8012       -1764.63     /gpfs/hpu/EHT2/IHARM/MAD/MAD_a-0.94_384x192x192_IHARM/m_1_1_160/image_a-0.94_0088_17_0_230.e9_6.2e9_4.52111e+25_160.dat
        89        1.06624        3.98963        11.1123         15.316        20.2631        17.8155       -1525.25     /gpfs/hpu/EHT2/IHARM/MAD/MAD_a-0.94_384x192x192_IHARM/m_1_1_160/image_a-0.94_0089_17_0_230.e9_6.2e9_4.52111e+25_160.dat
        90       0.600589        3.53197       -55.3556        26.8907        39.9269        33.7742       -2602.63     /gpfs/hpu/EHT2/IHARM/MAD/MAD_a-0.94_384x192x192_IHARM/m_1_1_160/image_a-0.94_0090_17_0_230.e9_6.2e9_4.52111e+25_160.dat
        91       0.535121        3.20809       -45.5184        31.1787        51.0826        41.9064        -3140.1     /gpfs/hpu/EHT2/IHARM/MAD/MAD_a-0.94_384x192x192_IHARM/m_1_1_160/image_a-0.94_0091_17_0_230.e9_6.2e9_4.52111e+25_160.dat
        92       0.956723        4.60661        -17.805        12.0117        68.9286        44.3902       -3603.35     /gpfs/hpu/EHT2/IHARM/MAD/MAD_a-0.94_384x192x192_IHARM/m_1_1_160/image_a-0.94_0092_17_0_230.e9_6.2e9_4.52111e+25_160.dat
        93       0.487399        3.82235       -32.0624        13.0908        9.31713        10.6377        -1027.9     /gpfs/hpu/EHT2/IHARM/MAD/MAD_a-0.94_384x192x192_IHARM/m_1_1_160/image_a-0.94_0093_17_0_230.e9_6.2e9_4.52111e+25_160.dat
        94       0.577801        3.39128       -55.0716        30.3928         66.322        50.3288       -4440.73     /gpfs/hpu/EHT2/IHARM/MAD/MAD_a-0.94_384x192x192_IHARM/m_1_1_160/image_a-0.94_0094_17_0_230.e9_6.2e9_4.52111e+25_160.dat
        95       0.919953        3.88648       -80.3887        10.7345        32.7431        23.1203       -1926.45     /gpfs/hpu/EHT2/IHARM/MAD/MAD_a-0.94_384x192x192_IHARM/m_1_1_160/image_a-0.94_0095_17_0_230.e9_6.2e9_4.52111e+25_160.dat
        96       0.836104        3.85288       -23.3874        14.5412        27.7625        21.8032       -1899.89     /gpfs/hpu/EHT2/IHARM/MAD/MAD_a-0.94_384x192x192_IHARM/m_1_1_160/image_a-0.94_0096_17_0_230.e9_6.2e9_4.52111e+25_160.dat
        97        0.56853        3.71544       -37.3026        17.5324        18.2291        17.5452          -1536     /gpfs/hpu/EHT2/IHARM/MAD/MAD_a-0.94_384x192x192_IHARM/m_1_1_160/image_a-0.94_0097_17_0_230.e9_6.2e9_4.52111e+25_160.dat
        98       0.913306         3.3982       -39.1331        17.0136        31.8556        25.1506       -2209.13     /gpfs/hpu/EHT2/IHARM/MAD/MAD_a-0.94_384x192x192_IHARM/m_1_1_160/image_a-0.94_0098_17_0_230.e9_6.2e9_4.52111e+25_160.dat
        99       0.631519        3.74335       -11.0573        19.2846        26.8301        23.1867       -1945.94     /gpfs/hpu/EHT2/IHARM/MAD/MAD_a-0.94_384x192x192_IHARM/m_1_1_160/image_a-0.94_0099_17_0_230.e9_6.2e9_4.52111e+25_160.dat
