   # Index         I (Jy)      M/D (uas)       PA (deg)  VA red. chisq  CP red. chisq     red. chisq     log-liklhd     FileName
         0       0.413423         4.1413        103.416        3.98521        11.6714        8.21401       -1480.44     /gpfs/hpu/EHT2/KORAL/SANE/SANE_a+0.75_300x192x192_KORAL/m_1_1_10/image_a+0.75_900_163_0_230.e9_6.2e9_9.95397e+27_10.dat
         1       0.489209        4.01477        103.056        13.5142        22.5928        18.4026       -2749.05     /gpfs/hpu/EHT2/KORAL/SANE/SANE_a+0.75_300x192x192_KORAL/m_1_1_10/image_a+0.75_901_163_0_230.e9_6.2e9_9.95397e+27_10.dat
         2       0.460306        3.95843        112.966        7.83957        14.4205        11.4067       -1883.16     /gpfs/hpu/EHT2/KORAL/SANE/SANE_a+0.75_300x192x192_KORAL/m_1_1_10/image_a+0.75_902_163_0_230.e9_6.2e9_9.95397e+27_10.dat
         3       0.401641        4.08051        112.876        3.64454        18.6647        11.9585       -1887.02     /gpfs/hpu/EHT2/KORAL/SANE/SANE_a+0.75_300x192x192_KORAL/m_1_1_10/image_a+0.75_903_163_0_230.e9_6.2e9_9.95397e+27_10.dat
         4       0.522037        4.01976         112.98        17.0374        26.6222        22.1648       -3275.74     /gpfs/hpu/EHT2/KORAL/SANE/SANE_a+0.75_300x192x192_KORAL/m_1_1_10/image_a+0.75_904_163_0_230.e9_6.2e9_9.95397e+27_10.dat
         5       0.524637        3.59665        112.923        30.8015        29.5402         29.727       -4168.46     /gpfs/hpu/EHT2/KORAL/SANE/SANE_a+0.75_300x192x192_KORAL/m_1_1_10/image_a+0.75_905_163_0_230.e9_6.2e9_9.95397e+27_10.dat
         6       0.425496        3.39245         112.94        19.1961        21.1783        20.0669       -2921.68     /gpfs/hpu/EHT2/KORAL/SANE/SANE_a+0.75_300x192x192_KORAL/m_1_1_10/image_a+0.75_906_163_0_230.e9_6.2e9_9.95397e+27_10.dat
         7       0.500969        3.90012        112.974        10.6684        21.8179        16.7435       -2605.33     /gpfs/hpu/EHT2/KORAL/SANE/SANE_a+0.75_300x192x192_KORAL/m_1_1_10/image_a+0.75_907_163_0_230.e9_6.2e9_9.95397e+27_10.dat
         8       0.827856        4.03059        112.978        11.5103        32.2523         22.913       -3460.58     /gpfs/hpu/EHT2/KORAL/SANE/SANE_a+0.75_300x192x192_KORAL/m_1_1_10/image_a+0.75_908_163_0_230.e9_6.2e9_9.95397e+27_10.dat
         9       0.978826        3.99082            103        12.5228        27.9612        20.9621       -3972.81     /gpfs/hpu/EHT2/KORAL/SANE/SANE_a+0.75_300x192x192_KORAL/m_1_1_10/image_a+0.75_909_163_0_230.e9_6.2e9_9.95397e+27_10.dat
        10       0.758065        3.82769        103.004        25.6336        32.2549        29.0079       -4157.21     /gpfs/hpu/EHT2/KORAL/SANE/SANE_a+0.75_300x192x192_KORAL/m_1_1_10/image_a+0.75_910_163_0_230.e9_6.2e9_9.95397e+27_10.dat
        11       0.427891        3.82173        106.003        16.6734        21.7219        19.2809       -2803.66     /gpfs/hpu/EHT2/KORAL/SANE/SANE_a+0.75_300x192x192_KORAL/m_1_1_10/image_a+0.75_911_163_0_230.e9_6.2e9_9.95397e+27_10.dat
        12       0.419452        3.94061        112.975        28.7529        27.0074        27.4338        -3830.2     /gpfs/hpu/EHT2/KORAL/SANE/SANE_a+0.75_300x192x192_KORAL/m_1_1_10/image_a+0.75_912_163_0_230.e9_6.2e9_9.95397e+27_10.dat
        13       0.305155        3.74747         110.38        16.6202        25.0884        21.1313       -3017.31     /gpfs/hpu/EHT2/KORAL/SANE/SANE_a+0.75_300x192x192_KORAL/m_1_1_10/image_a+0.75_913_163_0_230.e9_6.2e9_9.95397e+27_10.dat
        14       0.474611        3.64257        111.489        21.7434        26.3133        24.0233       -3490.23     /gpfs/hpu/EHT2/KORAL/SANE/SANE_a+0.75_300x192x192_KORAL/m_1_1_10/image_a+0.75_914_163_0_230.e9_6.2e9_9.95397e+27_10.dat
        15       0.405251         4.0399        109.331        11.9334        30.3309        22.0263       -3229.99     /gpfs/hpu/EHT2/KORAL/SANE/SANE_a+0.75_300x192x192_KORAL/m_1_1_10/image_a+0.75_915_163_0_230.e9_6.2e9_9.95397e+27_10.dat
        16       0.558317        4.19663        103.046        17.3042        38.0464        28.6369        -4117.1     /gpfs/hpu/EHT2/KORAL/SANE/SANE_a+0.75_300x192x192_KORAL/m_1_1_10/image_a+0.75_916_163_0_230.e9_6.2e9_9.95397e+27_10.dat
        17       0.620454        4.27129        108.732        18.1653        27.5582        23.1722       -3463.45     /gpfs/hpu/EHT2/KORAL/SANE/SANE_a+0.75_300x192x192_KORAL/m_1_1_10/image_a+0.75_917_163_0_230.e9_6.2e9_9.95397e+27_10.dat
        18       0.439613        3.91733        103.021        10.2935        26.8832        19.4004       -2874.59     /gpfs/hpu/EHT2/KORAL/SANE/SANE_a+0.75_300x192x192_KORAL/m_1_1_10/image_a+0.75_918_163_0_230.e9_6.2e9_9.95397e+27_10.dat
        19       0.475076        3.79946        112.165         28.443         33.864        31.1155       -4373.94     /gpfs/hpu/EHT2/KORAL/SANE/SANE_a+0.75_300x192x192_KORAL/m_1_1_10/image_a+0.75_919_163_0_230.e9_6.2e9_9.95397e+27_10.dat
        20       0.617879        3.87222        103.036        31.9114        37.1909        34.4632       -4862.12     /gpfs/hpu/EHT2/KORAL/SANE/SANE_a+0.75_300x192x192_KORAL/m_1_1_10/image_a+0.75_920_163_0_230.e9_6.2e9_9.95397e+27_10.dat
        21       0.549478        3.79326        103.158        30.3949        38.8356        34.7241       -4836.22     /gpfs/hpu/EHT2/KORAL/SANE/SANE_a+0.75_300x192x192_KORAL/m_1_1_10/image_a+0.75_921_163_0_230.e9_6.2e9_9.95397e+27_10.dat
        22       0.410625         3.8994        103.006        14.7391        25.9714        20.8111       -3040.39     /gpfs/hpu/EHT2/KORAL/SANE/SANE_a+0.75_300x192x192_KORAL/m_1_1_10/image_a+0.75_922_163_0_230.e9_6.2e9_9.95397e+27_10.dat
        23       0.532303         3.8522        112.965        18.9127        28.3511        23.9359       -3536.31     /gpfs/hpu/EHT2/KORAL/SANE/SANE_a+0.75_300x192x192_KORAL/m_1_1_10/image_a+0.75_923_163_0_230.e9_6.2e9_9.95397e+27_10.dat
        24        0.34276        3.74902        103.096        9.89067         13.288        11.6615       -1861.64     /gpfs/hpu/EHT2/KORAL/SANE/SANE_a+0.75_300x192x192_KORAL/m_1_1_10/image_a+0.75_924_163_0_230.e9_6.2e9_9.95397e+27_10.dat
        25       0.365726        3.55117        104.731         13.366        16.8653        15.1515        -2289.5     /gpfs/hpu/EHT2/KORAL/SANE/SANE_a+0.75_300x192x192_KORAL/m_1_1_10/image_a+0.75_925_163_0_230.e9_6.2e9_9.95397e+27_10.dat
        26       0.336199        3.69629         112.78        9.10608        13.2219        11.2862       -1805.93     /gpfs/hpu/EHT2/KORAL/SANE/SANE_a+0.75_300x192x192_KORAL/m_1_1_10/image_a+0.75_926_163_0_230.e9_6.2e9_9.95397e+27_10.dat
        27       0.391891        3.63676        112.998        22.3862        27.1023        24.7397       -3528.27     /gpfs/hpu/EHT2/KORAL/SANE/SANE_a+0.75_300x192x192_KORAL/m_1_1_10/image_a+0.75_927_163_0_230.e9_6.2e9_9.95397e+27_10.dat
        28       0.411101        3.66218        112.633        28.4538        27.7995        27.7455       -3888.86     /gpfs/hpu/EHT2/KORAL/SANE/SANE_a+0.75_300x192x192_KORAL/m_1_1_10/image_a+0.75_928_163_0_230.e9_6.2e9_9.95397e+27_10.dat
        29       0.481565        3.70334        104.372        34.9675        38.2328        36.3615       -5018.81     /gpfs/hpu/EHT2/KORAL/SANE/SANE_a+0.75_300x192x192_KORAL/m_1_1_10/image_a+0.75_929_163_0_230.e9_6.2e9_9.95397e+27_10.dat
        30       0.575845        3.79421        112.934        17.0672        25.0372        21.2957       -3178.85     /gpfs/hpu/EHT2/KORAL/SANE/SANE_a+0.75_300x192x192_KORAL/m_1_1_10/image_a+0.75_930_163_0_230.e9_6.2e9_9.95397e+27_10.dat
        31       0.718197         4.0106        105.734        10.5883        18.7538         15.004       -2434.09     /gpfs/hpu/EHT2/KORAL/SANE/SANE_a+0.75_300x192x192_KORAL/m_1_1_10/image_a+0.75_931_163_0_230.e9_6.2e9_9.95397e+27_10.dat
        32        1.25448        3.98558        103.001        16.6539        21.6499        19.2325       -3146.61     /gpfs/hpu/EHT2/KORAL/SANE/SANE_a+0.75_300x192x192_KORAL/m_1_1_10/image_a+0.75_932_163_0_230.e9_6.2e9_9.95397e+27_10.dat
        33        1.13247        3.77244        103.006        40.4979        27.8855        32.9899        -5096.8     /gpfs/hpu/EHT2/KORAL/SANE/SANE_a+0.75_300x192x192_KORAL/m_1_1_10/image_a+0.75_933_163_0_230.e9_6.2e9_9.95397e+27_10.dat
        34       0.608749        3.87802        103.014        23.2358        35.9844        30.0487       -4209.97     /gpfs/hpu/EHT2/KORAL/SANE/SANE_a+0.75_300x192x192_KORAL/m_1_1_10/image_a+0.75_934_163_0_230.e9_6.2e9_9.95397e+27_10.dat
        35       0.634843         3.6611        112.997        14.7253        15.1146        14.7638       -2344.73     /gpfs/hpu/EHT2/KORAL/SANE/SANE_a+0.75_300x192x192_KORAL/m_1_1_10/image_a+0.75_935_163_0_230.e9_6.2e9_9.95397e+27_10.dat
        36        0.38421        3.79551        112.959        8.85622        18.7869         14.275       -2175.13     /gpfs/hpu/EHT2/KORAL/SANE/SANE_a+0.75_300x192x192_KORAL/m_1_1_10/image_a+0.75_936_163_0_230.e9_6.2e9_9.95397e+27_10.dat
        37       0.772753        3.75821        103.022        18.8398        37.3153        28.8926       -4258.46     /gpfs/hpu/EHT2/KORAL/SANE/SANE_a+0.75_300x192x192_KORAL/m_1_1_10/image_a+0.75_937_163_0_230.e9_6.2e9_9.95397e+27_10.dat
        38       0.552216        3.45412        103.296        17.9579        52.8221        37.1409       -5148.79     /gpfs/hpu/EHT2/KORAL/SANE/SANE_a+0.75_300x192x192_KORAL/m_1_1_10/image_a+0.75_938_163_0_230.e9_6.2e9_9.95397e+27_10.dat
        39       0.406026        3.30913        112.999        22.9811        50.2172        37.8587       -5124.86     /gpfs/hpu/EHT2/KORAL/SANE/SANE_a+0.75_300x192x192_KORAL/m_1_1_10/image_a+0.75_939_163_0_230.e9_6.2e9_9.95397e+27_10.dat
        40       0.414554        3.69867            103        17.8737        24.2398        21.1999       -3032.48     /gpfs/hpu/EHT2/KORAL/SANE/SANE_a+0.75_300x192x192_KORAL/m_1_1_10/image_a+0.75_940_163_0_230.e9_6.2e9_9.95397e+27_10.dat
        41       0.570923        3.73738         103.13        34.8932        38.0664        36.2368       -5023.15     /gpfs/hpu/EHT2/KORAL/SANE/SANE_a+0.75_300x192x192_KORAL/m_1_1_10/image_a+0.75_941_163_0_230.e9_6.2e9_9.95397e+27_10.dat
        42       0.658277        3.63081        112.922         33.784         39.857        36.7546       -5123.63     /gpfs/hpu/EHT2/KORAL/SANE/SANE_a+0.75_300x192x192_KORAL/m_1_1_10/image_a+0.75_942_163_0_230.e9_6.2e9_9.95397e+27_10.dat
        43       0.456889        3.85645        112.962        10.9891        22.9514        17.5126       -2657.94     /gpfs/hpu/EHT2/KORAL/SANE/SANE_a+0.75_300x192x192_KORAL/m_1_1_10/image_a+0.75_943_163_0_230.e9_6.2e9_9.95397e+27_10.dat
        44       0.566065        4.08372        103.546        11.9914        26.4185        19.8743       -2988.82     /gpfs/hpu/EHT2/KORAL/SANE/SANE_a+0.75_300x192x192_KORAL/m_1_1_10/image_a+0.75_944_163_0_230.e9_6.2e9_9.95397e+27_10.dat
        45        0.62386        4.00478        103.017        21.0394        48.9927        36.3396       -5063.14     /gpfs/hpu/EHT2/KORAL/SANE/SANE_a+0.75_300x192x192_KORAL/m_1_1_10/image_a+0.75_945_163_0_230.e9_6.2e9_9.95397e+27_10.dat
        46       0.616697        4.19083        112.351        24.2508        34.1683         29.476        -4220.6     /gpfs/hpu/EHT2/KORAL/SANE/SANE_a+0.75_300x192x192_KORAL/m_1_1_10/image_a+0.75_946_163_0_230.e9_6.2e9_9.95397e+27_10.dat
        47       0.552436        4.56252        103.022        7.37314        39.0876        24.9315       -3636.97     /gpfs/hpu/EHT2/KORAL/SANE/SANE_a+0.75_300x192x192_KORAL/m_1_1_10/image_a+0.75_947_163_0_230.e9_6.2e9_9.95397e+27_10.dat
        48       0.837003        4.04242        112.957        29.9745        60.8744        46.8062       -6498.91     /gpfs/hpu/EHT2/KORAL/SANE/SANE_a+0.75_300x192x192_KORAL/m_1_1_10/image_a+0.75_948_163_0_230.e9_6.2e9_9.95397e+27_10.dat
        49       0.379862        3.96545        103.003        12.8857        18.7505        15.9933       -2375.71     /gpfs/hpu/EHT2/KORAL/SANE/SANE_a+0.75_300x192x192_KORAL/m_1_1_10/image_a+0.75_949_163_0_230.e9_6.2e9_9.95397e+27_10.dat
        50       0.440968        4.04239        103.025        37.7662        37.7475         37.299       -5079.09     /gpfs/hpu/EHT2/KORAL/SANE/SANE_a+0.75_300x192x192_KORAL/m_1_1_10/image_a+0.75_950_163_0_230.e9_6.2e9_9.95397e+27_10.dat
        51        0.62765        4.37144        103.001        25.7208        46.5155        36.9809       -5133.19     /gpfs/hpu/EHT2/KORAL/SANE/SANE_a+0.75_300x192x192_KORAL/m_1_1_10/image_a+0.75_951_163_0_230.e9_6.2e9_9.95397e+27_10.dat
        52        0.64054        4.73354        103.003        45.2426        38.4917        40.9388       -5601.76     /gpfs/hpu/EHT2/KORAL/SANE/SANE_a+0.75_300x192x192_KORAL/m_1_1_10/image_a+0.75_952_163_0_230.e9_6.2e9_9.95397e+27_10.dat
        53       0.521142        4.21632        103.029         29.576        36.5175        33.0808       -4621.02     /gpfs/hpu/EHT2/KORAL/SANE/SANE_a+0.75_300x192x192_KORAL/m_1_1_10/image_a+0.75_953_163_0_230.e9_6.2e9_9.95397e+27_10.dat
        54       0.479678        4.15839        103.022        30.0205        31.2916        30.3647       -4198.96     /gpfs/hpu/EHT2/KORAL/SANE/SANE_a+0.75_300x192x192_KORAL/m_1_1_10/image_a+0.75_954_163_0_230.e9_6.2e9_9.95397e+27_10.dat
        55        0.52582        3.94206        103.043        22.2989        27.9566        25.1774        -3645.8     /gpfs/hpu/EHT2/KORAL/SANE/SANE_a+0.75_300x192x192_KORAL/m_1_1_10/image_a+0.75_955_163_0_230.e9_6.2e9_9.95397e+27_10.dat
        56       0.461573        3.94719        103.036        24.0792        30.0029        27.0842       -3846.87     /gpfs/hpu/EHT2/KORAL/SANE/SANE_a+0.75_300x192x192_KORAL/m_1_1_10/image_a+0.75_956_163_0_230.e9_6.2e9_9.95397e+27_10.dat
        57        0.38929        3.93743        111.194        15.6291        15.5525        15.3974       -2335.99     /gpfs/hpu/EHT2/KORAL/SANE/SANE_a+0.75_300x192x192_KORAL/m_1_1_10/image_a+0.75_957_163_0_230.e9_6.2e9_9.95397e+27_10.dat
        58        0.41104        3.92627        112.866        11.6785        14.9614         13.364       -2079.02     /gpfs/hpu/EHT2/KORAL/SANE/SANE_a+0.75_300x192x192_KORAL/m_1_1_10/image_a+0.75_958_163_0_230.e9_6.2e9_9.95397e+27_10.dat
        59       0.387719        4.02212        103.037        9.21786        25.0862        17.9363       -2650.07     /gpfs/hpu/EHT2/KORAL/SANE/SANE_a+0.75_300x192x192_KORAL/m_1_1_10/image_a+0.75_959_163_0_230.e9_6.2e9_9.95397e+27_10.dat
        60       0.431738        3.91163        103.026         16.263        18.6063        17.3702       -2610.56     /gpfs/hpu/EHT2/KORAL/SANE/SANE_a+0.75_300x192x192_KORAL/m_1_1_10/image_a+0.75_960_163_0_230.e9_6.2e9_9.95397e+27_10.dat
        61       0.486032          3.899        112.999        31.6228        25.8168        28.0095       -3962.19     /gpfs/hpu/EHT2/KORAL/SANE/SANE_a+0.75_300x192x192_KORAL/m_1_1_10/image_a+0.75_961_163_0_230.e9_6.2e9_9.95397e+27_10.dat
        62       0.625001        4.03677        103.003          16.38        26.5248         21.827       -3291.31     /gpfs/hpu/EHT2/KORAL/SANE/SANE_a+0.75_300x192x192_KORAL/m_1_1_10/image_a+0.75_962_163_0_230.e9_6.2e9_9.95397e+27_10.dat
        63       0.439542         4.0138        103.025        24.0286        33.4123        28.9595       -4085.96     /gpfs/hpu/EHT2/KORAL/SANE/SANE_a+0.75_300x192x192_KORAL/m_1_1_10/image_a+0.75_963_163_0_230.e9_6.2e9_9.95397e+27_10.dat
        64       0.437363        4.22665        112.974        18.6585        24.5237        21.6965       -3173.64     /gpfs/hpu/EHT2/KORAL/SANE/SANE_a+0.75_300x192x192_KORAL/m_1_1_10/image_a+0.75_964_163_0_230.e9_6.2e9_9.95397e+27_10.dat
        65       0.426538        4.06398        103.148        13.4614        20.2964        17.1019       -2574.71     /gpfs/hpu/EHT2/KORAL/SANE/SANE_a+0.75_300x192x192_KORAL/m_1_1_10/image_a+0.75_965_163_0_230.e9_6.2e9_9.95397e+27_10.dat
        66       0.404375        4.02907        103.019        14.2978        21.0069        17.8581       -2664.07     /gpfs/hpu/EHT2/KORAL/SANE/SANE_a+0.75_300x192x192_KORAL/m_1_1_10/image_a+0.75_966_163_0_230.e9_6.2e9_9.95397e+27_10.dat
        67       0.385406        3.66714        112.994        25.1131        28.1509        26.4997       -3743.37     /gpfs/hpu/EHT2/KORAL/SANE/SANE_a+0.75_300x192x192_KORAL/m_1_1_10/image_a+0.75_967_163_0_230.e9_6.2e9_9.95397e+27_10.dat
        68       0.389554        3.81568        112.997        13.6159        22.5108        18.4008       -2713.68     /gpfs/hpu/EHT2/KORAL/SANE/SANE_a+0.75_300x192x192_KORAL/m_1_1_10/image_a+0.75_968_163_0_230.e9_6.2e9_9.95397e+27_10.dat
        69       0.619937        4.14342        112.625        20.2371        33.4859        27.3646       -4011.99     /gpfs/hpu/EHT2/KORAL/SANE/SANE_a+0.75_300x192x192_KORAL/m_1_1_10/image_a+0.75_969_163_0_230.e9_6.2e9_9.95397e+27_10.dat
        70        0.45226        3.75405        103.083        21.7386        30.3499        26.2674       -3733.25     /gpfs/hpu/EHT2/KORAL/SANE/SANE_a+0.75_300x192x192_KORAL/m_1_1_10/image_a+0.75_970_163_0_230.e9_6.2e9_9.95397e+27_10.dat
        71       0.481733        4.31664        112.995        12.4162        35.5838        25.1576       -3636.75     /gpfs/hpu/EHT2/KORAL/SANE/SANE_a+0.75_300x192x192_KORAL/m_1_1_10/image_a+0.75_971_163_0_230.e9_6.2e9_9.95397e+27_10.dat
        72       0.797171         4.3819        103.003        37.9198        58.4517        48.8861       -8109.44     /gpfs/hpu/EHT2/KORAL/SANE/SANE_a+0.75_300x192x192_KORAL/m_1_1_10/image_a+0.75_972_163_0_230.e9_6.2e9_9.95397e+27_10.dat
        73       0.408207        4.07193        103.015        23.1126        48.0934        36.7336       -4956.67     /gpfs/hpu/EHT2/KORAL/SANE/SANE_a+0.75_300x192x192_KORAL/m_1_1_10/image_a+0.75_973_163_0_230.e9_6.2e9_9.95397e+27_10.dat
        74       0.562093        3.79796        103.214        48.0887        39.4692        42.7106       -5765.29     /gpfs/hpu/EHT2/KORAL/SANE/SANE_a+0.75_300x192x192_KORAL/m_1_1_10/image_a+0.75_974_163_0_230.e9_6.2e9_9.95397e+27_10.dat
        75       0.626835        3.79592        112.999        14.3488        38.0946        27.3886       -4001.86     /gpfs/hpu/EHT2/KORAL/SANE/SANE_a+0.75_300x192x192_KORAL/m_1_1_10/image_a+0.75_975_163_0_230.e9_6.2e9_9.95397e+27_10.dat
        76       0.442458        3.83643        103.002        18.7955        27.9762        23.6768        -3401.2     /gpfs/hpu/EHT2/KORAL/SANE/SANE_a+0.75_300x192x192_KORAL/m_1_1_10/image_a+0.75_976_163_0_230.e9_6.2e9_9.95397e+27_10.dat
        77       0.572463        4.05585        112.994         20.058        34.4537        27.8259        -4013.4     /gpfs/hpu/EHT2/KORAL/SANE/SANE_a+0.75_300x192x192_KORAL/m_1_1_10/image_a+0.75_977_163_0_230.e9_6.2e9_9.95397e+27_10.dat
        78       0.730044        3.92528        110.067        29.9688         41.154        35.8303       -5075.02     /gpfs/hpu/EHT2/KORAL/SANE/SANE_a+0.75_300x192x192_KORAL/m_1_1_10/image_a+0.75_978_163_0_230.e9_6.2e9_9.95397e+27_10.dat
        79       0.593691        3.82933        103.009        20.7869        50.5788        37.1132       -5159.25     /gpfs/hpu/EHT2/KORAL/SANE/SANE_a+0.75_300x192x192_KORAL/m_1_1_10/image_a+0.75_979_163_0_230.e9_6.2e9_9.95397e+27_10.dat
        80       0.590502        4.27008        103.005        18.9511         66.648        45.2629        -6106.3     /gpfs/hpu/EHT2/KORAL/SANE/SANE_a+0.75_300x192x192_KORAL/m_1_1_10/image_a+0.75_980_163_0_230.e9_6.2e9_9.95397e+27_10.dat
        81        0.83319        4.10572         112.95        17.8858        40.6631        30.3439       -4371.62     /gpfs/hpu/EHT2/KORAL/SANE/SANE_a+0.75_300x192x192_KORAL/m_1_1_10/image_a+0.75_981_163_0_230.e9_6.2e9_9.95397e+27_10.dat
        82       0.668171        3.87315        103.013        16.3528        37.7525        28.0629       -4061.66     /gpfs/hpu/EHT2/KORAL/SANE/SANE_a+0.75_300x192x192_KORAL/m_1_1_10/image_a+0.75_982_163_0_230.e9_6.2e9_9.95397e+27_10.dat
        83       0.406872        3.76847        103.021        20.7692        40.5327        31.5154       -4303.54     /gpfs/hpu/EHT2/KORAL/SANE/SANE_a+0.75_300x192x192_KORAL/m_1_1_10/image_a+0.75_983_163_0_230.e9_6.2e9_9.95397e+27_10.dat
        84       0.498482        3.52578        112.858        13.2294        15.3401        14.2439       -2202.19     /gpfs/hpu/EHT2/KORAL/SANE/SANE_a+0.75_300x192x192_KORAL/m_1_1_10/image_a+0.75_984_163_0_230.e9_6.2e9_9.95397e+27_10.dat
        85       0.389356        3.78691         112.88        19.1864        33.3607        26.8416       -3729.27     /gpfs/hpu/EHT2/KORAL/SANE/SANE_a+0.75_300x192x192_KORAL/m_1_1_10/image_a+0.75_985_163_0_230.e9_6.2e9_9.95397e+27_10.dat
        86         0.4107        3.54728        112.926        11.0112        20.2237        16.0043       -2397.15     /gpfs/hpu/EHT2/KORAL/SANE/SANE_a+0.75_300x192x192_KORAL/m_1_1_10/image_a+0.75_986_163_0_230.e9_6.2e9_9.95397e+27_10.dat
        87        0.42973        3.91982        112.984        8.21349        21.1476        15.3114        -2307.6     /gpfs/hpu/EHT2/KORAL/SANE/SANE_a+0.75_300x192x192_KORAL/m_1_1_10/image_a+0.75_987_163_0_230.e9_6.2e9_9.95397e+27_10.dat
        88       0.480407        3.93146        110.661        7.09691        17.6146        12.8637       -2096.86     /gpfs/hpu/EHT2/KORAL/SANE/SANE_a+0.75_300x192x192_KORAL/m_1_1_10/image_a+0.75_988_163_0_230.e9_6.2e9_9.95397e+27_10.dat
        89       0.548735        3.94999        111.498        14.7311        47.8493        32.9816       -4619.01     /gpfs/hpu/EHT2/KORAL/SANE/SANE_a+0.75_300x192x192_KORAL/m_1_1_10/image_a+0.75_989_163_0_230.e9_6.2e9_9.95397e+27_10.dat
        90       0.488007        3.73568        103.003        32.8738        35.7896        34.0986       -4693.53     /gpfs/hpu/EHT2/KORAL/SANE/SANE_a+0.75_300x192x192_KORAL/m_1_1_10/image_a+0.75_990_163_0_230.e9_6.2e9_9.95397e+27_10.dat
        91       0.706124        3.69098        103.019        58.0065         30.643        42.0783       -5705.82     /gpfs/hpu/EHT2/KORAL/SANE/SANE_a+0.75_300x192x192_KORAL/m_1_1_10/image_a+0.75_991_163_0_230.e9_6.2e9_9.95397e+27_10.dat
        92       0.576217        3.68994        112.982        10.9225        12.0026        11.3914       -1861.72     /gpfs/hpu/EHT2/KORAL/SANE/SANE_a+0.75_300x192x192_KORAL/m_1_1_10/image_a+0.75_992_163_0_230.e9_6.2e9_9.95397e+27_10.dat
        93       0.390996        3.92071        103.002        14.2746        24.0348         19.533       -2831.37     /gpfs/hpu/EHT2/KORAL/SANE/SANE_a+0.75_300x192x192_KORAL/m_1_1_10/image_a+0.75_993_163_0_230.e9_6.2e9_9.95397e+27_10.dat
        94       0.628819        3.63776         112.95        40.4846         41.643        40.6394       -5605.66     /gpfs/hpu/EHT2/KORAL/SANE/SANE_a+0.75_300x192x192_KORAL/m_1_1_10/image_a+0.75_994_163_0_230.e9_6.2e9_9.95397e+27_10.dat
        95        0.59685         3.4818        112.993        22.1301        25.8956        23.9577       -3523.77     /gpfs/hpu/EHT2/KORAL/SANE/SANE_a+0.75_300x192x192_KORAL/m_1_1_10/image_a+0.75_995_163_0_230.e9_6.2e9_9.95397e+27_10.dat
        96       0.585533        4.01073        107.881        13.6752        30.6831        22.9738       -3398.04     /gpfs/hpu/EHT2/KORAL/SANE/SANE_a+0.75_300x192x192_KORAL/m_1_1_10/image_a+0.75_996_163_0_230.e9_6.2e9_9.95397e+27_10.dat
        97       0.554584        3.89946        103.029        26.1905        56.1565        42.5483       -5818.42     /gpfs/hpu/EHT2/KORAL/SANE/SANE_a+0.75_300x192x192_KORAL/m_1_1_10/image_a+0.75_997_163_0_230.e9_6.2e9_9.95397e+27_10.dat
        98       0.552195        4.18048        106.123        15.3286        42.2413        30.1188       -4233.33     /gpfs/hpu/EHT2/KORAL/SANE/SANE_a+0.75_300x192x192_KORAL/m_1_1_10/image_a+0.75_998_163_0_230.e9_6.2e9_9.95397e+27_10.dat
        99       0.428384        3.75784        112.993        23.6917        22.5832        22.7883       -3269.15     /gpfs/hpu/EHT2/KORAL/SANE/SANE_a+0.75_300x192x192_KORAL/m_1_1_10/image_a+0.75_999_163_0_230.e9_6.2e9_9.95397e+27_10.dat
