   # Index         I (Jy)      M/D (uas)       PA (deg)  VA red. chisq  CP red. chisq     red. chisq     log-liklhd     FileName
         0       0.822765        2.94413        194.935        36.9717         40.654        38.5295       -5436.84     /gpfs/hpu/PipelineChallengePart2/SANE_a+0.94_288x128x128_IHARM/m_1_1_160/image_a+0.94_0600_163_0_230.e9_7.2e9_1.13867e+28_160.dat
         1       0.851684        3.10898        201.531        11.5669        14.2567        12.8865       -2149.85     /gpfs/hpu/PipelineChallengePart2/SANE_a+0.94_288x128x128_IHARM/m_1_1_160/image_a+0.94_0606_163_0_230.e9_7.2e9_1.13867e+28_160.dat
         2       0.656836        3.06336        209.866        8.11505        11.6694        9.94309       -1749.84     /gpfs/hpu/PipelineChallengePart2/SANE_a+0.94_288x128x128_IHARM/m_1_1_160/image_a+0.94_0612_163_0_230.e9_7.2e9_1.13867e+28_160.dat
         3       0.699155         3.2605        198.441        7.88491        9.53376        8.68447       -1594.01     /gpfs/hpu/PipelineChallengePart2/SANE_a+0.94_288x128x128_IHARM/m_1_1_160/image_a+0.94_0618_163_0_230.e9_7.2e9_1.13867e+28_160.dat
         4       0.809117         3.4189        200.262        26.0702        8.44799        16.2268       -2541.92     /gpfs/hpu/PipelineChallengePart2/SANE_a+0.94_288x128x128_IHARM/m_1_1_160/image_a+0.94_0624_163_0_230.e9_7.2e9_1.13867e+28_160.dat
         5       0.669202        3.17356        200.779        12.5533         6.8343        9.31061       -1655.29     /gpfs/hpu/PipelineChallengePart2/SANE_a+0.94_288x128x128_IHARM/m_1_1_160/image_a+0.94_0630_163_0_230.e9_7.2e9_1.13867e+28_160.dat
         6       0.964643        3.52913        194.746         60.194        20.3579        37.9275       -5317.52     /gpfs/hpu/PipelineChallengePart2/SANE_a+0.94_288x128x128_IHARM/m_1_1_160/image_a+0.94_0636_163_0_230.e9_7.2e9_1.13867e+28_160.dat
         7        1.33389        4.08484        204.037        82.1943         15.354        45.0549       -6268.51     /gpfs/hpu/PipelineChallengePart2/SANE_a+0.94_288x128x128_IHARM/m_1_1_160/image_a+0.94_0642_163_0_230.e9_7.2e9_1.13867e+28_160.dat
         8        1.10656        3.62799        182.869         20.247        19.8784        19.8094       -3038.75     /gpfs/hpu/PipelineChallengePart2/SANE_a+0.94_288x128x128_IHARM/m_1_1_160/image_a+0.94_0648_163_0_230.e9_7.2e9_1.13867e+28_160.dat
         9       0.951796        3.61332        188.864          28.15        10.5717        18.3059       -2822.43     /gpfs/hpu/PipelineChallengePart2/SANE_a+0.94_288x128x128_IHARM/m_1_1_160/image_a+0.94_0654_163_0_230.e9_7.2e9_1.13867e+28_160.dat
        10        1.21827        3.87367        196.494        36.5458        16.3857        25.2056       -3737.84     /gpfs/hpu/PipelineChallengePart2/SANE_a+0.94_288x128x128_IHARM/m_1_1_160/image_a+0.94_0660_163_0_230.e9_7.2e9_1.13867e+28_160.dat
        11        1.16867        3.61569        185.968        58.4193        24.8282        39.5533       -5568.92     /gpfs/hpu/PipelineChallengePart2/SANE_a+0.94_288x128x128_IHARM/m_1_1_160/image_a+0.94_0666_163_0_230.e9_7.2e9_1.13867e+28_160.dat
        12       0.963217        3.58044        182.236        52.0427        28.3789        38.6241       -5425.47     /gpfs/hpu/PipelineChallengePart2/SANE_a+0.94_288x128x128_IHARM/m_1_1_160/image_a+0.94_0672_163_0_230.e9_7.2e9_1.13867e+28_160.dat
        13       0.988022        3.36623        201.963        53.5046        18.2747        33.8095       -4796.98     /gpfs/hpu/PipelineChallengePart2/SANE_a+0.94_288x128x128_IHARM/m_1_1_160/image_a+0.94_0678_163_0_230.e9_7.2e9_1.13867e+28_160.dat
        14        1.56628        3.94927        197.446        50.9006        24.1414        35.8203       -5095.58     /gpfs/hpu/PipelineChallengePart2/SANE_a+0.94_288x128x128_IHARM/m_1_1_160/image_a+0.94_0684_163_0_230.e9_7.2e9_1.13867e+28_160.dat
        15        2.89256        4.37409        208.626        45.3028        57.1572        51.1851       -7153.04     /gpfs/hpu/PipelineChallengePart2/SANE_a+0.94_288x128x128_IHARM/m_1_1_160/image_a+0.94_0690_163_0_230.e9_7.2e9_1.13867e+28_160.dat
        16        2.56145        4.53525        205.815        34.6942        30.3602        31.9406       -4672.46     /gpfs/hpu/PipelineChallengePart2/SANE_a+0.94_288x128x128_IHARM/m_1_1_160/image_a+0.94_0696_163_0_230.e9_7.2e9_1.13867e+28_160.dat
        17        1.90383        4.20221        190.713        64.2843        25.2021        42.3776       -5943.11     /gpfs/hpu/PipelineChallengePart2/SANE_a+0.94_288x128x128_IHARM/m_1_1_160/image_a+0.94_0702_163_0_230.e9_7.2e9_1.13867e+28_160.dat
        18        0.95674        3.56173        182.848        39.9867        29.4685        33.8241        -4811.2     /gpfs/hpu/PipelineChallengePart2/SANE_a+0.94_288x128x128_IHARM/m_1_1_160/image_a+0.94_0708_163_0_230.e9_7.2e9_1.13867e+28_160.dat
        19       0.929199        3.43681          193.4        21.8903        29.4925        25.7469       -3785.52     /gpfs/hpu/PipelineChallengePart2/SANE_a+0.94_288x128x128_IHARM/m_1_1_160/image_a+0.94_0714_163_0_230.e9_7.2e9_1.13867e+28_160.dat
        20        1.05189        3.50124        193.031        35.3564        27.2495        30.5532       -4423.45     /gpfs/hpu/PipelineChallengePart2/SANE_a+0.94_288x128x128_IHARM/m_1_1_160/image_a+0.94_0720_163_0_230.e9_7.2e9_1.13867e+28_160.dat
        21        1.29855        3.57089        202.095        33.5723        50.3231        42.2425       -5957.09     /gpfs/hpu/PipelineChallengePart2/SANE_a+0.94_288x128x128_IHARM/m_1_1_160/image_a+0.94_0726_163_0_230.e9_7.2e9_1.13867e+28_160.dat
        22        1.34425        3.33047        189.052        25.3349        29.6296         27.361       -4020.49     /gpfs/hpu/PipelineChallengePart2/SANE_a+0.94_288x128x128_IHARM/m_1_1_160/image_a+0.94_0732_163_0_230.e9_7.2e9_1.13867e+28_160.dat
        23        1.48228        3.10263        190.525        74.6853        101.134          88.12       -11803.5     /gpfs/hpu/PipelineChallengePart2/SANE_a+0.94_288x128x128_IHARM/m_1_1_160/image_a+0.94_0738_163_0_230.e9_7.2e9_1.13867e+28_160.dat
        24        1.15238        3.48921         210.13        35.3872        28.4719        31.2285       -4493.88     /gpfs/hpu/PipelineChallengePart2/SANE_a+0.94_288x128x128_IHARM/m_1_1_160/image_a+0.94_0744_163_0_230.e9_7.2e9_1.13867e+28_160.dat
        25        1.77698        3.67171        185.226        64.8581        26.0517        43.0939       -6051.03     /gpfs/hpu/PipelineChallengePart2/SANE_a+0.94_288x128x128_IHARM/m_1_1_160/image_a+0.94_0750_163_0_230.e9_7.2e9_1.13867e+28_160.dat
        26        1.27382         3.3575        194.065        44.2717        18.7364        29.9317       -4335.71     /gpfs/hpu/PipelineChallengePart2/SANE_a+0.94_288x128x128_IHARM/m_1_1_160/image_a+0.94_0756_163_0_230.e9_7.2e9_1.13867e+28_160.dat
        27       0.834086        3.16734         199.19        11.7971         107.66        63.5372       -10615.2     /gpfs/hpu/PipelineChallengePart2/SANE_a+0.94_288x128x128_IHARM/m_1_1_160/image_a+0.94_0762_163_0_230.e9_7.2e9_1.13867e+28_160.dat
        28        2.52272        4.74746        204.665        54.1802        65.5131        59.6759       -8242.24     /gpfs/hpu/PipelineChallengePart2/SANE_a+0.94_288x128x128_IHARM/m_1_1_160/image_a+0.94_0768_163_0_230.e9_7.2e9_1.13867e+28_160.dat
        29       0.907603        3.52153        196.432         35.979        16.8525        25.2049       -3695.01     /gpfs/hpu/PipelineChallengePart2/SANE_a+0.94_288x128x128_IHARM/m_1_1_160/image_a+0.94_0774_163_0_230.e9_7.2e9_1.13867e+28_160.dat
        30        1.10269        3.51485        186.123        40.6831        19.6667        28.8309       -4188.05     /gpfs/hpu/PipelineChallengePart2/SANE_a+0.94_288x128x128_IHARM/m_1_1_160/image_a+0.94_0780_163_0_230.e9_7.2e9_1.13867e+28_160.dat
        31        2.29718        3.80675         187.33        62.8655        37.9185        48.6252       -6799.84     /gpfs/hpu/PipelineChallengePart2/SANE_a+0.94_288x128x128_IHARM/m_1_1_160/image_a+0.94_0786_163_0_230.e9_7.2e9_1.13867e+28_160.dat
        32        1.83701        3.64143        201.381        96.9528        22.1492        55.3302       -7609.95     /gpfs/hpu/PipelineChallengePart2/SANE_a+0.94_288x128x128_IHARM/m_1_1_160/image_a+0.94_0792_163_0_230.e9_7.2e9_1.13867e+28_160.dat
        33        2.18655        4.47398        193.384        28.6801        15.4509        21.1834       -3272.02     /gpfs/hpu/PipelineChallengePart2/SANE_a+0.94_288x128x128_IHARM/m_1_1_160/image_a+0.94_0798_163_0_230.e9_7.2e9_1.13867e+28_160.dat
        34        1.39062        3.90925        201.737         57.548        23.4361        38.4104       -5443.57     /gpfs/hpu/PipelineChallengePart2/SANE_a+0.94_288x128x128_IHARM/m_1_1_160/image_a+0.94_0804_163_0_230.e9_7.2e9_1.13867e+28_160.dat
        35        1.10484        3.40721        201.642        51.0539        16.4572        31.7303       -4545.33     /gpfs/hpu/PipelineChallengePart2/SANE_a+0.94_288x128x128_IHARM/m_1_1_160/image_a+0.94_0810_163_0_230.e9_7.2e9_1.13867e+28_160.dat
        36       0.947446        3.48325        203.353         39.137        11.3064        23.6153       -3501.82     /gpfs/hpu/PipelineChallengePart2/SANE_a+0.94_288x128x128_IHARM/m_1_1_160/image_a+0.94_0816_163_0_230.e9_7.2e9_1.13867e+28_160.dat
        37        0.96952        3.52107        198.451        18.4735        6.60847        11.8351       -2009.34     /gpfs/hpu/PipelineChallengePart2/SANE_a+0.94_288x128x128_IHARM/m_1_1_160/image_a+0.94_0822_163_0_230.e9_7.2e9_1.13867e+28_160.dat
        38       0.892591        3.43439        207.232        72.8587         20.568        43.7031       -6059.97     /gpfs/hpu/PipelineChallengePart2/SANE_a+0.94_288x128x128_IHARM/m_1_1_160/image_a+0.94_0828_163_0_230.e9_7.2e9_1.13867e+28_160.dat
        39       0.897707        3.37667        193.017        63.9529        16.4642        37.5008       -5263.91     /gpfs/hpu/PipelineChallengePart2/SANE_a+0.94_288x128x128_IHARM/m_1_1_160/image_a+0.94_0834_163_0_230.e9_7.2e9_1.13867e+28_160.dat
        40       0.831406        3.33138        190.289        13.7309        9.22857        11.1328        -1906.6     /gpfs/hpu/PipelineChallengePart2/SANE_a+0.94_288x128x128_IHARM/m_1_1_160/image_a+0.94_0840_163_0_230.e9_7.2e9_1.13867e+28_160.dat
        41        1.13365        3.59597        196.351        25.7277        10.8636        17.3809       -2742.94     /gpfs/hpu/PipelineChallengePart2/SANE_a+0.94_288x128x128_IHARM/m_1_1_160/image_a+0.94_0846_163_0_230.e9_7.2e9_1.13867e+28_160.dat
        42        1.27302        3.42639        199.483        43.8421        20.4912        30.6894       -4459.73     /gpfs/hpu/PipelineChallengePart2/SANE_a+0.94_288x128x128_IHARM/m_1_1_160/image_a+0.94_0852_163_0_230.e9_7.2e9_1.13867e+28_160.dat
        43        1.09018        3.27024        197.096        20.4871        33.6092        27.3474       -4019.45     /gpfs/hpu/PipelineChallengePart2/SANE_a+0.94_288x128x128_IHARM/m_1_1_160/image_a+0.94_0858_163_0_230.e9_7.2e9_1.13867e+28_160.dat
        44        1.21961        3.66796        204.988        62.1577        57.8704        59.1062       -8063.91     /gpfs/hpu/PipelineChallengePart2/SANE_a+0.94_288x128x128_IHARM/m_1_1_160/image_a+0.94_0864_163_0_230.e9_7.2e9_1.13867e+28_160.dat
        45        1.02337        3.59201        197.442        52.3833        26.8805        37.9655       -5339.83     /gpfs/hpu/PipelineChallengePart2/SANE_a+0.94_288x128x128_IHARM/m_1_1_160/image_a+0.94_0870_163_0_230.e9_7.2e9_1.13867e+28_160.dat
        46        1.22776        3.69536        194.717        26.1813        41.3696        34.0929       -4871.59     /gpfs/hpu/PipelineChallengePart2/SANE_a+0.94_288x128x128_IHARM/m_1_1_160/image_a+0.94_0876_163_0_230.e9_7.2e9_1.13867e+28_160.dat
        47       0.841333        3.15407        197.219        21.5583        19.1313        19.9913       -3042.21     /gpfs/hpu/PipelineChallengePart2/SANE_a+0.94_288x128x128_IHARM/m_1_1_160/image_a+0.94_0882_163_0_230.e9_7.2e9_1.13867e+28_160.dat
        48       0.791827        3.25609         196.18        25.1667        14.6636        19.1866       -2927.23     /gpfs/hpu/PipelineChallengePart2/SANE_a+0.94_288x128x128_IHARM/m_1_1_160/image_a+0.94_0888_163_0_230.e9_7.2e9_1.13867e+28_160.dat
        49       0.797384        3.26233        210.404        29.5057        17.5021        22.6625       -3366.32     /gpfs/hpu/PipelineChallengePart2/SANE_a+0.94_288x128x128_IHARM/m_1_1_160/image_a+0.94_0894_163_0_230.e9_7.2e9_1.13867e+28_160.dat
        50        1.32817        3.80967         202.73        45.2286        17.6514        29.7724       -4367.72     /gpfs/hpu/PipelineChallengePart2/SANE_a+0.94_288x128x128_IHARM/m_1_1_160/image_a+0.94_0900_163_0_230.e9_7.2e9_1.13867e+28_160.dat
        51        1.04048        3.18145        196.241         15.952        19.7356        17.8119       -2784.95     /gpfs/hpu/PipelineChallengePart2/SANE_a+0.94_288x128x128_IHARM/m_1_1_160/image_a+0.94_0906_163_0_230.e9_7.2e9_1.13867e+28_160.dat
        52        1.08081        3.26709        198.746        49.0132        24.7045        35.2813       -5027.07     /gpfs/hpu/PipelineChallengePart2/SANE_a+0.94_288x128x128_IHARM/m_1_1_160/image_a+0.94_0912_163_0_230.e9_7.2e9_1.13867e+28_160.dat
        53        1.18096        3.28242        197.506        43.7608        29.6339        35.6008       -5089.37     /gpfs/hpu/PipelineChallengePart2/SANE_a+0.94_288x128x128_IHARM/m_1_1_160/image_a+0.94_0918_163_0_230.e9_7.2e9_1.13867e+28_160.dat
        54        1.03357         3.2983        197.398        40.2454        46.7995        43.3189        -6046.1     /gpfs/hpu/PipelineChallengePart2/SANE_a+0.94_288x128x128_IHARM/m_1_1_160/image_a+0.94_0924_163_0_230.e9_7.2e9_1.13867e+28_160.dat
        55       0.888277        3.21425        199.387        37.9405        20.1774        27.8812        -4035.9     /gpfs/hpu/PipelineChallengePart2/SANE_a+0.94_288x128x128_IHARM/m_1_1_160/image_a+0.94_0930_163_0_230.e9_7.2e9_1.13867e+28_160.dat
        56       0.767701        3.21375        194.629        38.0485        26.2403        31.2105       -4456.97     /gpfs/hpu/PipelineChallengePart2/SANE_a+0.94_288x128x128_IHARM/m_1_1_160/image_a+0.94_0936_163_0_230.e9_7.2e9_1.13867e+28_160.dat
        57       0.838845            3.3        203.996        30.5159        57.6196        44.8247       -6227.98     /gpfs/hpu/PipelineChallengePart2/SANE_a+0.94_288x128x128_IHARM/m_1_1_160/image_a+0.94_0942_163_0_230.e9_7.2e9_1.13867e+28_160.dat
        58       0.855381        3.21461        201.865        21.2191        54.6444        39.0584       -5470.37     /gpfs/hpu/PipelineChallengePart2/SANE_a+0.94_288x128x128_IHARM/m_1_1_160/image_a+0.94_0948_163_0_230.e9_7.2e9_1.13867e+28_160.dat
        59       0.825835        3.22766         196.56          16.65        30.1813        23.7769       -3530.29     /gpfs/hpu/PipelineChallengePart2/SANE_a+0.94_288x128x128_IHARM/m_1_1_160/image_a+0.94_0954_163_0_230.e9_7.2e9_1.13867e+28_160.dat
        60        1.14774        3.37842        203.858        39.3951        59.4179        49.7675       -6873.28     /gpfs/hpu/PipelineChallengePart2/SANE_a+0.94_288x128x128_IHARM/m_1_1_160/image_a+0.94_0960_163_0_230.e9_7.2e9_1.13867e+28_160.dat
        61       0.855587        3.30403        192.266        26.7889        20.9469        23.3122       -3468.07     /gpfs/hpu/PipelineChallengePart2/SANE_a+0.94_288x128x128_IHARM/m_1_1_160/image_a+0.94_0966_163_0_230.e9_7.2e9_1.13867e+28_160.dat
        62        1.09963        3.57646        55.4677        38.9443        732.069        413.589       -53293.7     /gpfs/hpu/PipelineChallengePart2/SANE_a+0.94_288x128x128_IHARM/m_1_1_160/image_a+0.94_0972_163_0_230.e9_7.2e9_1.13867e+28_160.dat
        63       0.953131        3.84131        57.8367        113.575        507.669        325.513       -44014.5     /gpfs/hpu/PipelineChallengePart2/SANE_a+0.94_288x128x128_IHARM/m_1_1_160/image_a+0.94_0978_163_0_230.e9_7.2e9_1.13867e+28_160.dat
        64        2.29818        8.02179         182.38        228.079        345.934        289.176         -38454     /gpfs/hpu/PipelineChallengePart2/SANE_a+0.94_288x128x128_IHARM/m_1_1_160/image_a+0.94_0984_163_0_230.e9_7.2e9_1.13867e+28_160.dat
        65        1.61121        3.63188        189.666        75.7105        28.5272        49.2853       -6871.09     /gpfs/hpu/PipelineChallengePart2/SANE_a+0.94_288x128x128_IHARM/m_1_1_160/image_a+0.94_0990_163_0_230.e9_7.2e9_1.13867e+28_160.dat
        66        0.92413        3.42014        197.103        28.3166        24.4318        25.8811       -3794.62     /gpfs/hpu/PipelineChallengePart2/SANE_a+0.94_288x128x128_IHARM/m_1_1_160/image_a+0.94_0996_163_0_230.e9_7.2e9_1.13867e+28_160.dat
        67         1.1575        3.52824        202.069        33.4647        46.9082        40.3463       -5680.23     /gpfs/hpu/PipelineChallengePart2/SANE_a+0.94_288x128x128_IHARM/m_1_1_160/image_a+0.94_1002_163_0_230.e9_7.2e9_1.13867e+28_160.dat
        68         1.1409         3.5371        202.411        27.0821        38.5001        32.9426       -4764.27     /gpfs/hpu/PipelineChallengePart2/SANE_a+0.94_288x128x128_IHARM/m_1_1_160/image_a+0.94_1008_163_0_230.e9_7.2e9_1.13867e+28_160.dat
        69       0.855046        3.20631        200.619        25.0829        55.4785        41.2372       -5760.68     /gpfs/hpu/PipelineChallengePart2/SANE_a+0.94_288x128x128_IHARM/m_1_1_160/image_a+0.94_1014_163_0_230.e9_7.2e9_1.13867e+28_160.dat
        70        1.27798        3.69511        200.432        76.7582        88.0047        81.9415       -11005.6     /gpfs/hpu/PipelineChallengePart2/SANE_a+0.94_288x128x128_IHARM/m_1_1_160/image_a+0.94_1020_163_0_230.e9_7.2e9_1.13867e+28_160.dat
        71        1.00766        3.61994        199.946        57.6437        34.8631        44.6372       -6199.93     /gpfs/hpu/PipelineChallengePart2/SANE_a+0.94_288x128x128_IHARM/m_1_1_160/image_a+0.94_1026_163_0_230.e9_7.2e9_1.13867e+28_160.dat
        72         1.0192        3.58211        204.147        59.7768        35.0888         45.713       -6321.92     /gpfs/hpu/PipelineChallengePart2/SANE_a+0.94_288x128x128_IHARM/m_1_1_160/image_a+0.94_1032_163_0_230.e9_7.2e9_1.13867e+28_160.dat
        73        1.67184        3.84342        200.226        42.1242        35.1592        37.8593       -5428.41     /gpfs/hpu/PipelineChallengePart2/SANE_a+0.94_288x128x128_IHARM/m_1_1_160/image_a+0.94_1038_163_0_230.e9_7.2e9_1.13867e+28_160.dat
        74        1.38221        3.84111        196.436        34.6377        31.0229        32.2739       -4669.59     /gpfs/hpu/PipelineChallengePart2/SANE_a+0.94_288x128x128_IHARM/m_1_1_160/image_a+0.94_1044_163_0_230.e9_7.2e9_1.13867e+28_160.dat
        75        0.73428        3.57397         199.41        21.6543        23.3004        22.2904       -3332.15     /gpfs/hpu/PipelineChallengePart2/SANE_a+0.94_288x128x128_IHARM/m_1_1_160/image_a+0.94_1050_163_0_230.e9_7.2e9_1.13867e+28_160.dat
        76       0.812187        3.70571        199.625        25.5471        25.8491          25.41       -3758.86     /gpfs/hpu/PipelineChallengePart2/SANE_a+0.94_288x128x128_IHARM/m_1_1_160/image_a+0.94_1056_163_0_230.e9_7.2e9_1.13867e+28_160.dat
        77       0.922276        3.61292        196.664        37.7571        29.3243        32.7493       -4682.48     /gpfs/hpu/PipelineChallengePart2/SANE_a+0.94_288x128x128_IHARM/m_1_1_160/image_a+0.94_1062_163_0_230.e9_7.2e9_1.13867e+28_160.dat
        78       0.767443        3.35962        193.061         34.697        25.5218        29.3234       -4246.36     /gpfs/hpu/PipelineChallengePart2/SANE_a+0.94_288x128x128_IHARM/m_1_1_160/image_a+0.94_1068_163_0_230.e9_7.2e9_1.13867e+28_160.dat
        79       0.725558        3.32333        194.319        33.3372        23.0858        27.3972       -3999.86     /gpfs/hpu/PipelineChallengePart2/SANE_a+0.94_288x128x128_IHARM/m_1_1_160/image_a+0.94_1074_163_0_230.e9_7.2e9_1.13867e+28_160.dat
        80       0.690588        3.19702        200.861         35.156         18.383        25.6653       -3776.95     /gpfs/hpu/PipelineChallengePart2/SANE_a+0.94_288x128x128_IHARM/m_1_1_160/image_a+0.94_1080_163_0_230.e9_7.2e9_1.13867e+28_160.dat
        81       0.647382         3.1955         197.79         23.928        15.5853        19.1316       -2938.59     /gpfs/hpu/PipelineChallengePart2/SANE_a+0.94_288x128x128_IHARM/m_1_1_160/image_a+0.94_1086_163_0_230.e9_7.2e9_1.13867e+28_160.dat
        82       0.600939        3.14033        195.055        33.3748         16.213        23.6946        -3524.9     /gpfs/hpu/PipelineChallengePart2/SANE_a+0.94_288x128x128_IHARM/m_1_1_160/image_a+0.94_1092_163_0_230.e9_7.2e9_1.13867e+28_160.dat
        83       0.644391        3.17553        203.073        30.0426        16.2379        22.2184       -3331.18     /gpfs/hpu/PipelineChallengePart2/SANE_a+0.94_288x128x128_IHARM/m_1_1_160/image_a+0.94_1098_163_0_230.e9_7.2e9_1.13867e+28_160.dat
        84       0.714725        3.18758        194.515        32.2015        12.1997        20.9982       -3182.02     /gpfs/hpu/PipelineChallengePart2/SANE_a+0.94_288x128x128_IHARM/m_1_1_160/image_a+0.94_1104_163_0_230.e9_7.2e9_1.13867e+28_160.dat
        85       0.557396        3.15142        200.222        24.8156        17.1274         20.363       -3089.22     /gpfs/hpu/PipelineChallengePart2/SANE_a+0.94_288x128x128_IHARM/m_1_1_160/image_a+0.94_1110_163_0_230.e9_7.2e9_1.13867e+28_160.dat
        86       0.580784         2.9593        186.329        30.3467           20.5        24.6609       -3629.18     /gpfs/hpu/PipelineChallengePart2/SANE_a+0.94_288x128x128_IHARM/m_1_1_160/image_a+0.94_1116_163_0_230.e9_7.2e9_1.13867e+28_160.dat
        87       0.625209        3.25247        206.791        46.3948        68.6453        57.8904       -7893.32     /gpfs/hpu/PipelineChallengePart2/SANE_a+0.94_288x128x128_IHARM/m_1_1_160/image_a+0.94_1122_163_0_230.e9_7.2e9_1.13867e+28_160.dat
        88        1.47187         4.3084        203.027        103.702        63.3676        80.6538       -10976.7     /gpfs/hpu/PipelineChallengePart2/SANE_a+0.94_288x128x128_IHARM/m_1_1_160/image_a+0.94_1128_163_0_230.e9_7.2e9_1.13867e+28_160.dat
        89        1.21231        3.85207        204.157        103.639        48.9022        72.7977       -9916.67     /gpfs/hpu/PipelineChallengePart2/SANE_a+0.94_288x128x128_IHARM/m_1_1_160/image_a+0.94_1134_163_0_230.e9_7.2e9_1.13867e+28_160.dat
        90        1.05679        4.02172        188.677        53.1481        21.0101        35.1305       -5042.61     /gpfs/hpu/PipelineChallengePart2/SANE_a+0.94_288x128x128_IHARM/m_1_1_160/image_a+0.94_1140_163_0_230.e9_7.2e9_1.13867e+28_160.dat
        91        1.15905        3.92574        199.355        137.261        150.855        143.003       -18932.4     /gpfs/hpu/PipelineChallengePart2/SANE_a+0.94_288x128x128_IHARM/m_1_1_160/image_a+0.94_1146_163_0_230.e9_7.2e9_1.13867e+28_160.dat
        92        1.18515        4.16742        198.169        87.6153        55.2312         69.059       -9406.93     /gpfs/hpu/PipelineChallengePart2/SANE_a+0.94_288x128x128_IHARM/m_1_1_160/image_a+0.94_1152_163_0_230.e9_7.2e9_1.13867e+28_160.dat
        93        0.80014        3.63954         189.63        67.4206        42.1921        52.9743       -7258.68     /gpfs/hpu/PipelineChallengePart2/SANE_a+0.94_288x128x128_IHARM/m_1_1_160/image_a+0.94_1158_163_0_230.e9_7.2e9_1.13867e+28_160.dat
        94        0.83583        3.31137        183.588         112.37        49.6862        77.1249       -10359.1     /gpfs/hpu/PipelineChallengePart2/SANE_a+0.94_288x128x128_IHARM/m_1_1_160/image_a+0.94_1164_163_0_230.e9_7.2e9_1.13867e+28_160.dat
        95       0.859692        3.83906        191.868        77.8943        55.5244        64.8718       -8793.39     /gpfs/hpu/PipelineChallengePart2/SANE_a+0.94_288x128x128_IHARM/m_1_1_160/image_a+0.94_1170_163_0_230.e9_7.2e9_1.13867e+28_160.dat
        96       0.674761         3.4251        181.313        23.4903        25.1343        24.1037       -3559.51     /gpfs/hpu/PipelineChallengePart2/SANE_a+0.94_288x128x128_IHARM/m_1_1_160/image_a+0.94_1176_163_0_230.e9_7.2e9_1.13867e+28_160.dat
        97       0.746505        3.66093        183.651        55.0408        54.8548        54.2926       -7422.66     /gpfs/hpu/PipelineChallengePart2/SANE_a+0.94_288x128x128_IHARM/m_1_1_160/image_a+0.94_1182_163_0_230.e9_7.2e9_1.13867e+28_160.dat
        98       0.787603        3.66611        190.662         42.006        40.3716        40.6273       -5688.52     /gpfs/hpu/PipelineChallengePart2/SANE_a+0.94_288x128x128_IHARM/m_1_1_160/image_a+0.94_1188_163_0_230.e9_7.2e9_1.13867e+28_160.dat
        99       0.793454        3.44328        182.336        35.4029        24.6298        29.1563       -4245.11     /gpfs/hpu/PipelineChallengePart2/SANE_a+0.94_288x128x128_IHARM/m_1_1_160/image_a+0.94_1194_163_0_230.e9_7.2e9_1.13867e+28_160.dat
       100       0.949643        3.40585        195.954        31.7432        38.2512        34.8917       -4968.55     /gpfs/hpu/PipelineChallengePart2/SANE_a+0.94_288x128x128_IHARM/m_1_1_160/image_SANE_a+0.94_0600_163_0_230.e9_6.2e9_9.46e+27_1_160.dat
       101       0.921456        3.52889        201.633        10.6974        15.1784        12.9966       -2169.12     /gpfs/hpu/PipelineChallengePart2/SANE_a+0.94_288x128x128_IHARM/m_1_1_160/image_SANE_a+0.94_0606_163_0_230.e9_6.2e9_9.46e+27_1_160.dat
       102       0.718773        3.41749        207.572        9.08677        17.2264        13.3849       -2201.88     /gpfs/hpu/PipelineChallengePart2/SANE_a+0.94_288x128x128_IHARM/m_1_1_160/image_SANE_a+0.94_0612_163_0_230.e9_6.2e9_9.46e+27_1_160.dat
       103       0.893158        3.67396        194.406        7.46166        15.3959        11.6677       -1992.55     /gpfs/hpu/PipelineChallengePart2/SANE_a+0.94_288x128x128_IHARM/m_1_1_160/image_SANE_a+0.94_0618_163_0_230.e9_6.2e9_9.46e+27_1_160.dat
       104       0.894589        3.85083        197.334        15.2493        8.37788        11.3512       -1928.17     /gpfs/hpu/PipelineChallengePart2/SANE_a+0.94_288x128x128_IHARM/m_1_1_160/image_SANE_a+0.94_0624_163_0_230.e9_6.2e9_9.46e+27_1_160.dat
       105       0.698807        3.59085        197.439        7.65926        5.59496          6.452       -1294.55     /gpfs/hpu/PipelineChallengePart2/SANE_a+0.94_288x128x128_IHARM/m_1_1_160/image_SANE_a+0.94_0630_163_0_230.e9_6.2e9_9.46e+27_1_160.dat
       106       0.951911        3.91595        192.785        34.1874        9.97573        20.6824          -3109     /gpfs/hpu/PipelineChallengePart2/SANE_a+0.94_288x128x128_IHARM/m_1_1_160/image_SANE_a+0.94_0636_163_0_230.e9_6.2e9_9.46e+27_1_160.dat
       107        1.59882        4.61657        203.619        98.4752        16.6736        53.0475       -7289.45     /gpfs/hpu/PipelineChallengePart2/SANE_a+0.94_288x128x128_IHARM/m_1_1_160/image_SANE_a+0.94_0642_163_0_230.e9_6.2e9_9.46e+27_1_160.dat
       108        1.13337        4.10487        181.827        20.6994        22.2269        21.2825       -3220.18     /gpfs/hpu/PipelineChallengePart2/SANE_a+0.94_288x128x128_IHARM/m_1_1_160/image_SANE_a+0.94_0648_163_0_230.e9_6.2e9_9.46e+27_1_160.dat
       109        1.00416        4.10747         185.08        25.2145        8.71171         15.987       -2518.15     /gpfs/hpu/PipelineChallengePart2/SANE_a+0.94_288x128x128_IHARM/m_1_1_160/image_SANE_a+0.94_0654_163_0_230.e9_6.2e9_9.46e+27_1_160.dat
       110        1.06487        4.24781        194.284        21.2683        13.0956        16.5952       -2617.55     /gpfs/hpu/PipelineChallengePart2/SANE_a+0.94_288x128x128_IHARM/m_1_1_160/image_SANE_a+0.94_0660_163_0_230.e9_6.2e9_9.46e+27_1_160.dat
       111        1.08119        3.98362        185.293        47.4852        21.1465        32.6727       -4671.38     /gpfs/hpu/PipelineChallengePart2/SANE_a+0.94_288x128x128_IHARM/m_1_1_160/image_SANE_a+0.94_0666_163_0_230.e9_6.2e9_9.46e+27_1_160.dat
       112        1.02174        3.95601        182.023        40.2284        19.9934        28.8044       -4160.32     /gpfs/hpu/PipelineChallengePart2/SANE_a+0.94_288x128x128_IHARM/m_1_1_160/image_SANE_a+0.94_0672_163_0_230.e9_6.2e9_9.46e+27_1_160.dat
       113        1.08946        3.78515        198.708        51.3212        27.5881        37.8736       -5320.34     /gpfs/hpu/PipelineChallengePart2/SANE_a+0.94_288x128x128_IHARM/m_1_1_160/image_SANE_a+0.94_0678_163_0_230.e9_6.2e9_9.46e+27_1_160.dat
       114        1.51128        4.25724        191.994        83.2484        21.8138        49.0221       -6762.87     /gpfs/hpu/PipelineChallengePart2/SANE_a+0.94_288x128x128_IHARM/m_1_1_160/image_SANE_a+0.94_0684_163_0_230.e9_6.2e9_9.46e+27_1_160.dat
       115        2.79536        4.86024        209.283        59.2193        59.7808        58.8265       -8107.62     /gpfs/hpu/PipelineChallengePart2/SANE_a+0.94_288x128x128_IHARM/m_1_1_160/image_SANE_a+0.94_0690_163_0_230.e9_6.2e9_9.46e+27_1_160.dat
       116        2.60148        5.03604        209.446        39.5957        27.2153        32.4299       -4717.95     /gpfs/hpu/PipelineChallengePart2/SANE_a+0.94_288x128x128_IHARM/m_1_1_160/image_SANE_a+0.94_0696_163_0_230.e9_6.2e9_9.46e+27_1_160.dat
       117        1.54713        4.43369        193.476        81.2195        18.1908        46.1543       -6403.95     /gpfs/hpu/PipelineChallengePart2/SANE_a+0.94_288x128x128_IHARM/m_1_1_160/image_SANE_a+0.94_0702_163_0_230.e9_6.2e9_9.46e+27_1_160.dat
       118         1.1181        3.96594        181.939        39.5756        24.9579        31.1993       -4473.45     /gpfs/hpu/PipelineChallengePart2/SANE_a+0.94_288x128x128_IHARM/m_1_1_160/image_SANE_a+0.94_0708_163_0_230.e9_6.2e9_9.46e+27_1_160.dat
       119        1.10195        3.93134        192.528        17.1968        32.5114        25.2824       -3736.66     /gpfs/hpu/PipelineChallengePart2/SANE_a+0.94_288x128x128_IHARM/m_1_1_160/image_SANE_a+0.94_0714_163_0_230.e9_6.2e9_9.46e+27_1_160.dat
       120        1.14381        3.97169        195.936         27.162         24.892         25.614       -3804.74     /gpfs/hpu/PipelineChallengePart2/SANE_a+0.94_288x128x128_IHARM/m_1_1_160/image_SANE_a+0.94_0720_163_0_230.e9_6.2e9_9.46e+27_1_160.dat
       121        2.02854        4.03548        193.184         39.921        63.1961        52.0473       -7285.16     /gpfs/hpu/PipelineChallengePart2/SANE_a+0.94_288x128x128_IHARM/m_1_1_160/image_SANE_a+0.94_0726_163_0_230.e9_6.2e9_9.46e+27_1_160.dat
       122        1.20257        3.78205        187.681        19.2682        39.8123        30.1595       -4376.67     /gpfs/hpu/PipelineChallengePart2/SANE_a+0.94_288x128x128_IHARM/m_1_1_160/image_SANE_a+0.94_0732_163_0_230.e9_6.2e9_9.46e+27_1_160.dat
       123        1.55827        3.51977        192.774        63.0056        120.237        93.2366       -12453.7     /gpfs/hpu/PipelineChallengePart2/SANE_a+0.94_288x128x128_IHARM/m_1_1_160/image_SANE_a+0.94_0738_163_0_230.e9_6.2e9_9.46e+27_1_160.dat
       124        1.42331        3.94178          215.6        20.4573        14.5328        17.0104       -2707.98     /gpfs/hpu/PipelineChallengePart2/SANE_a+0.94_288x128x128_IHARM/m_1_1_160/image_SANE_a+0.94_0744_163_0_230.e9_6.2e9_9.46e+27_1_160.dat
       125        1.83295        4.03622        183.853        59.7217        38.4063        47.4837       -6681.15     /gpfs/hpu/PipelineChallengePart2/SANE_a+0.94_288x128x128_IHARM/m_1_1_160/image_SANE_a+0.94_0750_163_0_230.e9_6.2e9_9.46e+27_1_160.dat
       126         1.3456        3.76276        190.998        43.6847        19.1541        29.8954       -4338.03     /gpfs/hpu/PipelineChallengePart2/SANE_a+0.94_288x128x128_IHARM/m_1_1_160/image_SANE_a+0.94_0756_163_0_230.e9_6.2e9_9.46e+27_1_160.dat
       127        1.60621        3.87093        84.6908        75.7069        408.459        254.894       -33079.8     /gpfs/hpu/PipelineChallengePart2/SANE_a+0.94_288x128x128_IHARM/m_1_1_160/image_SANE_a+0.94_0762_163_0_230.e9_6.2e9_9.46e+27_1_160.dat
       128        1.40246        4.23465        200.858        64.3667        34.6639         47.535       -6559.39     /gpfs/hpu/PipelineChallengePart2/SANE_a+0.94_288x128x128_IHARM/m_1_1_160/image_SANE_a+0.94_0768_163_0_230.e9_6.2e9_9.46e+27_1_160.dat
       129        0.98602        4.02201        194.705        28.3313        14.6338        20.5852       -3105.73     /gpfs/hpu/PipelineChallengePart2/SANE_a+0.94_288x128x128_IHARM/m_1_1_160/image_SANE_a+0.94_0774_163_0_230.e9_6.2e9_9.46e+27_1_160.dat
       130        1.23955        4.03684        185.499        39.5238        16.1775        26.4243       -3894.65     /gpfs/hpu/PipelineChallengePart2/SANE_a+0.94_288x128x128_IHARM/m_1_1_160/image_SANE_a+0.94_0780_163_0_230.e9_6.2e9_9.46e+27_1_160.dat
       131        2.66008        4.29099        185.417        50.6823        38.6995        43.6013       -6190.54     /gpfs/hpu/PipelineChallengePart2/SANE_a+0.94_288x128x128_IHARM/m_1_1_160/image_SANE_a+0.94_0786_163_0_230.e9_6.2e9_9.46e+27_1_160.dat
       132        1.85402        4.21457        200.618        81.8809        53.3138        65.4577       -8906.47     /gpfs/hpu/PipelineChallengePart2/SANE_a+0.94_288x128x128_IHARM/m_1_1_160/image_SANE_a+0.94_0792_163_0_230.e9_6.2e9_9.46e+27_1_160.dat
       133        1.80923        3.00942        204.681        391.469        754.332        583.237       -75278.6     /gpfs/hpu/PipelineChallengePart2/SANE_a+0.94_288x128x128_IHARM/m_1_1_160/image_SANE_a+0.94_0798_163_0_230.e9_6.2e9_9.46e+27_1_160.dat
       134        1.43838        4.42075        200.508        56.4242        25.4414        38.9932       -5504.44     /gpfs/hpu/PipelineChallengePart2/SANE_a+0.94_288x128x128_IHARM/m_1_1_160/image_SANE_a+0.94_0804_163_0_230.e9_6.2e9_9.46e+27_1_160.dat
       135        1.15526        3.88192        201.828        49.0602        20.0431        32.7796       -4676.51     /gpfs/hpu/PipelineChallengePart2/SANE_a+0.94_288x128x128_IHARM/m_1_1_160/image_SANE_a+0.94_0810_163_0_230.e9_6.2e9_9.46e+27_1_160.dat
       136       0.975327        3.96161        201.122        32.0896        9.25229        19.3531       -2956.05     /gpfs/hpu/PipelineChallengePart2/SANE_a+0.94_288x128x128_IHARM/m_1_1_160/image_SANE_a+0.94_0816_163_0_230.e9_6.2e9_9.46e+27_1_160.dat
       137        1.00836        3.98267        195.636        13.8318        6.42455        9.66044       -1736.59     /gpfs/hpu/PipelineChallengePart2/SANE_a+0.94_288x128x128_IHARM/m_1_1_160/image_SANE_a+0.94_0822_163_0_230.e9_6.2e9_9.46e+27_1_160.dat
       138       0.915003         3.9361        207.654        64.9862        17.4239        38.4821       -5392.86     /gpfs/hpu/PipelineChallengePart2/SANE_a+0.94_288x128x128_IHARM/m_1_1_160/image_SANE_a+0.94_0828_163_0_230.e9_6.2e9_9.46e+27_1_160.dat
       139       0.988123        3.90829        192.735         60.626        15.4971          35.49       -5005.32     /gpfs/hpu/PipelineChallengePart2/SANE_a+0.94_288x128x128_IHARM/m_1_1_160/image_SANE_a+0.94_0834_163_0_230.e9_6.2e9_9.46e+27_1_160.dat
       140       0.918254        3.88697        193.073        11.0904        12.6015        11.7777        -1990.6     /gpfs/hpu/PipelineChallengePart2/SANE_a+0.94_288x128x128_IHARM/m_1_1_160/image_SANE_a+0.94_0840_163_0_230.e9_6.2e9_9.46e+27_1_160.dat
       141         1.2308         4.1223        194.903        21.2991        11.2981        15.6362       -2526.15     /gpfs/hpu/PipelineChallengePart2/SANE_a+0.94_288x128x128_IHARM/m_1_1_160/image_SANE_a+0.94_0846_163_0_230.e9_6.2e9_9.46e+27_1_160.dat
       142        1.36646        3.90245        196.355        42.0583        12.2303        25.4213        -3797.2     /gpfs/hpu/PipelineChallengePart2/SANE_a+0.94_288x128x128_IHARM/m_1_1_160/image_SANE_a+0.94_0852_163_0_230.e9_6.2e9_9.46e+27_1_160.dat
       143        1.15389        3.67897        192.733        14.0418        23.8139         19.165        -2982.1     /gpfs/hpu/PipelineChallengePart2/SANE_a+0.94_288x128x128_IHARM/m_1_1_160/image_SANE_a+0.94_0858_163_0_230.e9_6.2e9_9.46e+27_1_160.dat
       144         1.2038         4.1874        206.889        49.9779        51.4621        50.1931       -6932.17     /gpfs/hpu/PipelineChallengePart2/SANE_a+0.94_288x128x128_IHARM/m_1_1_160/image_SANE_a+0.94_0864_163_0_230.e9_6.2e9_9.46e+27_1_160.dat
       145       0.961495        4.08746        196.835        42.0398        29.9549        35.0051       -4957.31     /gpfs/hpu/PipelineChallengePart2/SANE_a+0.94_288x128x128_IHARM/m_1_1_160/image_SANE_a+0.94_0870_163_0_230.e9_6.2e9_9.46e+27_1_160.dat
       146        1.22969        4.19132        195.153        21.2086        41.9219        32.1686       -4615.17     /gpfs/hpu/PipelineChallengePart2/SANE_a+0.94_288x128x128_IHARM/m_1_1_160/image_SANE_a+0.94_0876_163_0_230.e9_6.2e9_9.46e+27_1_160.dat
       147       0.931755        3.65156        196.526        19.9616         18.887        19.1452       -2935.98     /gpfs/hpu/PipelineChallengePart2/SANE_a+0.94_288x128x128_IHARM/m_1_1_160/image_SANE_a+0.94_0882_163_0_230.e9_6.2e9_9.46e+27_1_160.dat
       148       0.911112        3.75409        195.105         26.603        12.5171        18.6671        -2859.4     /gpfs/hpu/PipelineChallengePart2/SANE_a+0.94_288x128x128_IHARM/m_1_1_160/image_SANE_a+0.94_0888_163_0_230.e9_6.2e9_9.46e+27_1_160.dat
       149       0.803396        3.74372        208.455        25.9092        16.1918        20.3456       -3067.51     /gpfs/hpu/PipelineChallengePart2/SANE_a+0.94_288x128x128_IHARM/m_1_1_160/image_SANE_a+0.94_0894_163_0_230.e9_6.2e9_9.46e+27_1_160.dat
       150        1.48496        4.35732        203.087        42.8602        14.9717        27.2634       -4049.34     /gpfs/hpu/PipelineChallengePart2/SANE_a+0.94_288x128x128_IHARM/m_1_1_160/image_SANE_a+0.94_0900_163_0_230.e9_6.2e9_9.46e+27_1_160.dat
       151        1.03626        3.64505        194.381        11.5103        15.2599        13.4041       -2225.44     /gpfs/hpu/PipelineChallengePart2/SANE_a+0.94_288x128x128_IHARM/m_1_1_160/image_SANE_a+0.94_0906_163_0_230.e9_6.2e9_9.46e+27_1_160.dat
       152        1.23452        3.77351        197.926        45.7217        20.7412        31.6649       -4570.82     /gpfs/hpu/PipelineChallengePart2/SANE_a+0.94_288x128x128_IHARM/m_1_1_160/image_SANE_a+0.94_0912_163_0_230.e9_6.2e9_9.46e+27_1_160.dat
       153         1.1535        3.74517         196.42         40.044        25.0647        31.4664       -4564.29     /gpfs/hpu/PipelineChallengePart2/SANE_a+0.94_288x128x128_IHARM/m_1_1_160/image_SANE_a+0.94_0918_163_0_230.e9_6.2e9_9.46e+27_1_160.dat
       154        1.12084        3.82698        197.156        39.4217        47.9432        43.5695       -6092.32     /gpfs/hpu/PipelineChallengePart2/SANE_a+0.94_288x128x128_IHARM/m_1_1_160/image_SANE_a+0.94_0924_163_0_230.e9_6.2e9_9.46e+27_1_160.dat
       155       0.837799        3.71086        197.164        32.2624        19.4482        24.9481       -3664.53     /gpfs/hpu/PipelineChallengePart2/SANE_a+0.94_288x128x128_IHARM/m_1_1_160/image_SANE_a+0.94_0930_163_0_230.e9_6.2e9_9.46e+27_1_160.dat
       156       0.812923        3.66547        195.051         30.921        26.9526        28.4097       -4097.74     /gpfs/hpu/PipelineChallengePart2/SANE_a+0.94_288x128x128_IHARM/m_1_1_160/image_SANE_a+0.94_0936_163_0_230.e9_6.2e9_9.46e+27_1_160.dat
       157       0.869587        3.78517        203.934        26.3122        53.7759        40.8654       -5729.81     /gpfs/hpu/PipelineChallengePart2/SANE_a+0.94_288x128x128_IHARM/m_1_1_160/image_SANE_a+0.94_0942_163_0_230.e9_6.2e9_9.46e+27_1_160.dat
       158       0.781902        3.67344        201.384        14.7653        52.5328        35.0305       -4961.56     /gpfs/hpu/PipelineChallengePart2/SANE_a+0.94_288x128x128_IHARM/m_1_1_160/image_SANE_a+0.94_0948_163_0_230.e9_6.2e9_9.46e+27_1_160.dat
       159       0.821727        3.70017         196.46        12.7303        29.5926        21.7061       -3267.68     /gpfs/hpu/PipelineChallengePart2/SANE_a+0.94_288x128x128_IHARM/m_1_1_160/image_SANE_a+0.94_0954_163_0_230.e9_6.2e9_9.46e+27_1_160.dat
       160        1.18638        3.85718         204.11         28.869        55.6605        43.0283       -6018.39     /gpfs/hpu/PipelineChallengePart2/SANE_a+0.94_288x128x128_IHARM/m_1_1_160/image_SANE_a+0.94_0960_163_0_230.e9_6.2e9_9.46e+27_1_160.dat
       161       0.976744        3.77999        192.724        20.1735        21.6258        20.7221       -3136.06     /gpfs/hpu/PipelineChallengePart2/SANE_a+0.94_288x128x128_IHARM/m_1_1_160/image_SANE_a+0.94_0966_163_0_230.e9_6.2e9_9.46e+27_1_160.dat
       162        0.86428        3.64428        202.775        30.2387        15.9922        22.1731       -3335.85     /gpfs/hpu/PipelineChallengePart2/SANE_a+0.94_288x128x128_IHARM/m_1_1_160/image_SANE_a+0.94_0972_163_0_230.e9_6.2e9_9.46e+27_1_160.dat
       163        1.39864        4.34641        199.577        38.7132        12.3718        24.0024       -3618.48     /gpfs/hpu/PipelineChallengePart2/SANE_a+0.94_288x128x128_IHARM/m_1_1_160/image_SANE_a+0.94_0978_163_0_230.e9_6.2e9_9.46e+27_1_160.dat
       164        1.12806        4.00566         198.97        27.3811        14.3905        20.0288       -3109.38     /gpfs/hpu/PipelineChallengePart2/SANE_a+0.94_288x128x128_IHARM/m_1_1_160/image_SANE_a+0.94_0984_163_0_230.e9_6.2e9_9.46e+27_1_160.dat
       165        1.53967         4.1515        191.469        51.0293        31.1635        39.6781        -5642.4     /gpfs/hpu/PipelineChallengePart2/SANE_a+0.94_288x128x128_IHARM/m_1_1_160/image_SANE_a+0.94_0990_163_0_230.e9_6.2e9_9.46e+27_1_160.dat
       166       0.981436         3.9479         195.14        29.2393        22.6021        25.3034       -3722.77     /gpfs/hpu/PipelineChallengePart2/SANE_a+0.94_288x128x128_IHARM/m_1_1_160/image_SANE_a+0.94_0996_163_0_230.e9_6.2e9_9.46e+27_1_160.dat
       167        1.18662          3.958        201.455        22.3454        40.6295        31.9774       -4606.28     /gpfs/hpu/PipelineChallengePart2/SANE_a+0.94_288x128x128_IHARM/m_1_1_160/image_SANE_a+0.94_1002_163_0_230.e9_6.2e9_9.46e+27_1_160.dat
       168         1.2731        4.04192        200.893        23.8839        28.0651        25.8657       -3860.54     /gpfs/hpu/PipelineChallengePart2/SANE_a+0.94_288x128x128_IHARM/m_1_1_160/image_SANE_a+0.94_1008_163_0_230.e9_6.2e9_9.46e+27_1_160.dat
       169       0.863599        3.65408        199.423        18.0666        51.8449        36.1341       -5107.24     /gpfs/hpu/PipelineChallengePart2/SANE_a+0.94_288x128x128_IHARM/m_1_1_160/image_SANE_a+0.94_1014_163_0_230.e9_6.2e9_9.46e+27_1_160.dat
       170         1.1176        4.24022        200.671        53.9245        78.2465        66.4526       -9015.41     /gpfs/hpu/PipelineChallengePart2/SANE_a+0.94_288x128x128_IHARM/m_1_1_160/image_SANE_a+0.94_1020_163_0_230.e9_6.2e9_9.46e+27_1_160.dat
       171        1.01673        4.10946        200.725        40.3362        30.4034        34.4863       -4902.76     /gpfs/hpu/PipelineChallengePart2/SANE_a+0.94_288x128x128_IHARM/m_1_1_160/image_SANE_a+0.94_1026_163_0_230.e9_6.2e9_9.46e+27_1_160.dat
       172       0.988203        4.05548        202.509        55.6445        36.6811        44.7273       -6195.83     /gpfs/hpu/PipelineChallengePart2/SANE_a+0.94_288x128x128_IHARM/m_1_1_160/image_SANE_a+0.94_1032_163_0_230.e9_6.2e9_9.46e+27_1_160.dat
       173          1.564        4.39049        198.565        29.9372        39.1775        34.5856       -4988.48     /gpfs/hpu/PipelineChallengePart2/SANE_a+0.94_288x128x128_IHARM/m_1_1_160/image_SANE_a+0.94_1038_163_0_230.e9_6.2e9_9.46e+27_1_160.dat
       174        1.16575        4.42368        195.682        29.6007        33.9841        31.6246       -4575.64     /gpfs/hpu/PipelineChallengePart2/SANE_a+0.94_288x128x128_IHARM/m_1_1_160/image_SANE_a+0.94_1044_163_0_230.e9_6.2e9_9.46e+27_1_160.dat
       175       0.796886        4.19184        199.417        17.9822        21.1226        19.4701       -2977.92     /gpfs/hpu/PipelineChallengePart2/SANE_a+0.94_288x128x128_IHARM/m_1_1_160/image_SANE_a+0.94_1050_163_0_230.e9_6.2e9_9.46e+27_1_160.dat
       176       0.858779        4.18113        198.725        18.3943        24.1613        21.2988       -3217.06     /gpfs/hpu/PipelineChallengePart2/SANE_a+0.94_288x128x128_IHARM/m_1_1_160/image_SANE_a+0.94_1056_163_0_230.e9_6.2e9_9.46e+27_1_160.dat
       177       0.934176         4.1951        197.415        29.0044        29.9691        29.1853       -4233.48     /gpfs/hpu/PipelineChallengePart2/SANE_a+0.94_288x128x128_IHARM/m_1_1_160/image_SANE_a+0.94_1062_163_0_230.e9_6.2e9_9.46e+27_1_160.dat
       178       0.793388        3.86144         190.01        32.1264        26.8333         28.884       -4183.94     /gpfs/hpu/PipelineChallengePart2/SANE_a+0.94_288x128x128_IHARM/m_1_1_160/image_SANE_a+0.94_1068_163_0_230.e9_6.2e9_9.46e+27_1_160.dat
       179        0.78144        3.80023        192.872         28.353        23.5072         25.397       -3742.42     /gpfs/hpu/PipelineChallengePart2/SANE_a+0.94_288x128x128_IHARM/m_1_1_160/image_SANE_a+0.94_1074_163_0_230.e9_6.2e9_9.46e+27_1_160.dat
       180       0.679798        3.62488        198.173         33.061        18.0305        24.5379       -3627.32     /gpfs/hpu/PipelineChallengePart2/SANE_a+0.94_288x128x128_IHARM/m_1_1_160/image_SANE_a+0.94_1080_163_0_230.e9_6.2e9_9.46e+27_1_160.dat
       181       0.634583        3.60528        195.182        21.8627        13.6915        17.1834       -2683.32     /gpfs/hpu/PipelineChallengePart2/SANE_a+0.94_288x128x128_IHARM/m_1_1_160/image_SANE_a+0.94_1086_163_0_230.e9_6.2e9_9.46e+27_1_160.dat
       182       0.672394        3.54663        191.308        33.4273        15.8532        23.5234       -3503.79     /gpfs/hpu/PipelineChallengePart2/SANE_a+0.94_288x128x128_IHARM/m_1_1_160/image_SANE_a+0.94_1092_163_0_230.e9_6.2e9_9.46e+27_1_160.dat
       183       0.676409        3.59446        201.545        23.6453        14.2066        18.2591        -2821.2     /gpfs/hpu/PipelineChallengePart2/SANE_a+0.94_288x128x128_IHARM/m_1_1_160/image_SANE_a+0.94_1098_163_0_230.e9_6.2e9_9.46e+27_1_160.dat
       184       0.719804        3.61855        192.918        26.6263        11.4452        18.0974       -2804.88     /gpfs/hpu/PipelineChallengePart2/SANE_a+0.94_288x128x128_IHARM/m_1_1_160/image_SANE_a+0.94_1104_163_0_230.e9_6.2e9_9.46e+27_1_160.dat
       185       0.559281        3.53925        197.635        22.8811        13.1241        17.3316       -2694.69     /gpfs/hpu/PipelineChallengePart2/SANE_a+0.94_288x128x128_IHARM/m_1_1_160/image_SANE_a+0.94_1110_163_0_230.e9_6.2e9_9.46e+27_1_160.dat
       186        0.55831        3.37895         183.25        34.6562        15.6903        23.9846       -3547.21     /gpfs/hpu/PipelineChallengePart2/SANE_a+0.94_288x128x128_IHARM/m_1_1_160/image_SANE_a+0.94_1116_163_0_230.e9_6.2e9_9.46e+27_1_160.dat
       187       0.640867        3.65491         205.64        29.7674        57.4897        44.4199        -6160.9     /gpfs/hpu/PipelineChallengePart2/SANE_a+0.94_288x128x128_IHARM/m_1_1_160/image_SANE_a+0.94_1122_163_0_230.e9_6.2e9_9.46e+27_1_160.dat
       188        1.36482        4.73194         203.76        83.2871        34.7074        56.0171       -7770.19     /gpfs/hpu/PipelineChallengePart2/SANE_a+0.94_288x128x128_IHARM/m_1_1_160/image_SANE_a+0.94_1128_163_0_230.e9_6.2e9_9.46e+27_1_160.dat
       189        1.18079         4.3607        202.109        71.7564         30.987        48.8488        -6809.5     /gpfs/hpu/PipelineChallengePart2/SANE_a+0.94_288x128x128_IHARM/m_1_1_160/image_SANE_a+0.94_1134_163_0_230.e9_6.2e9_9.46e+27_1_160.dat
       190       0.893226        4.44276        189.035        42.4599        16.8509        28.1014       -4118.74     /gpfs/hpu/PipelineChallengePart2/SANE_a+0.94_288x128x128_IHARM/m_1_1_160/image_SANE_a+0.94_1140_163_0_230.e9_6.2e9_9.46e+27_1_160.dat
       191        1.23487        4.61814        200.408        105.711        83.5872        92.4944         -12422     /gpfs/hpu/PipelineChallengePart2/SANE_a+0.94_288x128x128_IHARM/m_1_1_160/image_SANE_a+0.94_1146_163_0_230.e9_6.2e9_9.46e+27_1_160.dat
       192        1.07353        4.73651        195.832        80.6394        43.7684         59.737        -8191.3     /gpfs/hpu/PipelineChallengePart2/SANE_a+0.94_288x128x128_IHARM/m_1_1_160/image_SANE_a+0.94_1152_163_0_230.e9_6.2e9_9.46e+27_1_160.dat
       193       0.808508        4.26597         191.13        64.8934        43.2296         52.406       -7188.33     /gpfs/hpu/PipelineChallengePart2/SANE_a+0.94_288x128x128_IHARM/m_1_1_160/image_SANE_a+0.94_1158_163_0_230.e9_6.2e9_9.46e+27_1_160.dat
       194       0.818795        3.82848        183.979        105.201        41.3215        69.3933       -9363.44     /gpfs/hpu/PipelineChallengePart2/SANE_a+0.94_288x128x128_IHARM/m_1_1_160/image_SANE_a+0.94_1164_163_0_230.e9_6.2e9_9.46e+27_1_160.dat
       195       0.886672        4.43291        192.917        58.6335        51.0623        53.8463       -7380.98     /gpfs/hpu/PipelineChallengePart2/SANE_a+0.94_288x128x128_IHARM/m_1_1_160/image_SANE_a+0.94_1170_163_0_230.e9_6.2e9_9.46e+27_1_160.dat
       196       0.707942        3.89197        181.872        23.5176        25.2957        24.2032       -3572.81     /gpfs/hpu/PipelineChallengePart2/SANE_a+0.94_288x128x128_IHARM/m_1_1_160/image_SANE_a+0.94_1176_163_0_230.e9_6.2e9_9.46e+27_1_160.dat
       197       0.733848        4.25885        184.939         47.013        50.3663        48.2746       -6653.54     /gpfs/hpu/PipelineChallengePart2/SANE_a+0.94_288x128x128_IHARM/m_1_1_160/image_SANE_a+0.94_1182_163_0_230.e9_6.2e9_9.46e+27_1_160.dat
       198        0.83396        4.20887        189.058        41.8599        47.7749        44.5685       -6183.95     /gpfs/hpu/PipelineChallengePart2/SANE_a+0.94_288x128x128_IHARM/m_1_1_160/image_SANE_a+0.94_1188_163_0_230.e9_6.2e9_9.46e+27_1_160.dat
       199       0.855426        3.96637         180.45        27.9087         30.313        28.8815       -4214.35     /gpfs/hpu/PipelineChallengePart2/SANE_a+0.94_288x128x128_IHARM/m_1_1_160/image_SANE_a+0.94_1194_163_0_230.e9_6.2e9_9.46e+27_1_160.dat
