   # Index         I (Jy)      M/D (uas)       PA (deg)  VA red. chisq  CP red. chisq     red. chisq     log-liklhd     FileName
         0       0.450365        2.94579         194.64        14.9646        14.0002        13.9845       -807.422     /gpfs/hpu/EHT2/KORAL/SANE/SANE_a+0.5_300x192x192_KORAL/m_1_1_1/image_a+0.5_900_163_0_230.e9_6.2e9_1.52109e+27_1.dat
         1       0.477896        2.84656         168.64        25.9643        13.1029        18.3752       -1003.54     /gpfs/hpu/EHT2/KORAL/SANE/SANE_a+0.5_300x192x192_KORAL/m_1_1_1/image_a+0.5_901_163_0_230.e9_6.2e9_1.52109e+27_1.dat
         2       0.543501        2.86011        53.8638        7.62624        28.4364        18.3381       -1009.01     /gpfs/hpu/EHT2/KORAL/SANE/SANE_a+0.5_300x192x192_KORAL/m_1_1_1/image_a+0.5_902_163_0_230.e9_6.2e9_1.52109e+27_1.dat
         3        0.73423        2.59204        153.014        25.2658        20.2661        21.8365       -1220.21     /gpfs/hpu/EHT2/KORAL/SANE/SANE_a+0.5_300x192x192_KORAL/m_1_1_1/image_a+0.5_903_163_0_230.e9_6.2e9_1.52109e+27_1.dat
         4       0.569499        2.76795        118.829        17.7142        19.8718        18.2904       -1023.41     /gpfs/hpu/EHT2/KORAL/SANE/SANE_a+0.5_300x192x192_KORAL/m_1_1_1/image_a+0.5_904_163_0_230.e9_6.2e9_1.52109e+27_1.dat
         5       0.492703        2.82249        100.708        12.8588        13.5579        12.8207       -728.324     /gpfs/hpu/EHT2/KORAL/SANE/SANE_a+0.5_300x192x192_KORAL/m_1_1_1/image_a+0.5_905_163_0_230.e9_6.2e9_1.52109e+27_1.dat
         6       0.486987         2.6664        214.878        5.47372        12.3285        8.90864       -625.024     /gpfs/hpu/EHT2/KORAL/SANE/SANE_a+0.5_300x192x192_KORAL/m_1_1_1/image_a+0.5_906_163_0_230.e9_6.2e9_1.52109e+27_1.dat
         7       0.502799        2.66366        201.157        15.6008        13.8124        14.1669       -826.745     /gpfs/hpu/EHT2/KORAL/SANE/SANE_a+0.5_300x192x192_KORAL/m_1_1_1/image_a+0.5_907_163_0_230.e9_6.2e9_1.52109e+27_1.dat
         8       0.606203        2.87173        213.854         15.996        15.8329         15.405        -877.95     /gpfs/hpu/EHT2/KORAL/SANE/SANE_a+0.5_300x192x192_KORAL/m_1_1_1/image_a+0.5_908_163_0_230.e9_6.2e9_1.52109e+27_1.dat
         9       0.553327        2.96247        202.154        25.7585        16.6934         20.174       -1102.49     /gpfs/hpu/EHT2/KORAL/SANE/SANE_a+0.5_300x192x192_KORAL/m_1_1_1/image_a+0.5_909_163_0_230.e9_6.2e9_1.52109e+27_1.dat
        10       0.597688        2.88995        188.604        29.6492        18.5068        22.8485        -1228.5     /gpfs/hpu/EHT2/KORAL/SANE/SANE_a+0.5_300x192x192_KORAL/m_1_1_1/image_a+0.5_910_163_0_230.e9_6.2e9_1.52109e+27_1.dat
        11       0.545361        2.66582        181.026        26.7537        15.4303        19.9492       -1085.28     /gpfs/hpu/EHT2/KORAL/SANE/SANE_a+0.5_300x192x192_KORAL/m_1_1_1/image_a+0.5_911_163_0_230.e9_6.2e9_1.52109e+27_1.dat
        12        0.60718        3.06298        200.658        20.3988        23.5377        21.4067       -1157.94     /gpfs/hpu/EHT2/KORAL/SANE/SANE_a+0.5_300x192x192_KORAL/m_1_1_1/image_a+0.5_912_163_0_230.e9_6.2e9_1.52109e+27_1.dat
        13       0.528726        2.88272        178.118        26.9126        14.5917        19.5781       -1062.33     /gpfs/hpu/EHT2/KORAL/SANE/SANE_a+0.5_300x192x192_KORAL/m_1_1_1/image_a+0.5_913_163_0_230.e9_6.2e9_1.52109e+27_1.dat
        14       0.514997        2.74075        56.8538        13.2677        27.1113        20.1348       -1092.77     /gpfs/hpu/EHT2/KORAL/SANE/SANE_a+0.5_300x192x192_KORAL/m_1_1_1/image_a+0.5_914_163_0_230.e9_6.2e9_1.52109e+27_1.dat
        15       0.558869        2.84102        57.9364        10.8975        30.2137        20.7198       -1136.19     /gpfs/hpu/EHT2/KORAL/SANE/SANE_a+0.5_300x192x192_KORAL/m_1_1_1/image_a+0.5_915_163_0_230.e9_6.2e9_1.52109e+27_1.dat
        16       0.610387        3.00182        194.567        17.1486        18.4599        17.2972       -981.309     /gpfs/hpu/EHT2/KORAL/SANE/SANE_a+0.5_300x192x192_KORAL/m_1_1_1/image_a+0.5_916_163_0_230.e9_6.2e9_1.52109e+27_1.dat
        17       0.510151        2.95898        185.208        21.0773        12.6237        15.9624        -908.25     /gpfs/hpu/EHT2/KORAL/SANE/SANE_a+0.5_300x192x192_KORAL/m_1_1_1/image_a+0.5_917_163_0_230.e9_6.2e9_1.52109e+27_1.dat
        18       0.539648        2.93165        176.242        35.4482        13.6375        22.8495       -1231.83     /gpfs/hpu/EHT2/KORAL/SANE/SANE_a+0.5_300x192x192_KORAL/m_1_1_1/image_a+0.5_918_163_0_230.e9_6.2e9_1.52109e+27_1.dat
        19       0.441012        2.80662        165.896        36.9603        15.3735        24.4317       -1300.49     /gpfs/hpu/EHT2/KORAL/SANE/SANE_a+0.5_300x192x192_KORAL/m_1_1_1/image_a+0.5_919_163_0_230.e9_6.2e9_1.52109e+27_1.dat
        20       0.631802        2.84423        128.489         27.703        21.1046        23.3553       -1288.11     /gpfs/hpu/EHT2/KORAL/SANE/SANE_a+0.5_300x192x192_KORAL/m_1_1_1/image_a+0.5_920_163_0_230.e9_6.2e9_1.52109e+27_1.dat
        21       0.576829         2.8946        92.6973        16.1397         16.906        16.0333        -917.27     /gpfs/hpu/EHT2/KORAL/SANE/SANE_a+0.5_300x192x192_KORAL/m_1_1_1/image_a+0.5_921_163_0_230.e9_6.2e9_1.52109e+27_1.dat
        22       0.464817        2.98425        81.2694        8.61439        13.4246         10.874       -645.331     /gpfs/hpu/EHT2/KORAL/SANE/SANE_a+0.5_300x192x192_KORAL/m_1_1_1/image_a+0.5_922_163_0_230.e9_6.2e9_1.52109e+27_1.dat
        23       0.501709        2.99847        69.1216        15.1507        19.3171        16.8651       -916.914     /gpfs/hpu/EHT2/KORAL/SANE/SANE_a+0.5_300x192x192_KORAL/m_1_1_1/image_a+0.5_923_163_0_230.e9_6.2e9_1.52109e+27_1.dat
        24       0.590931        3.01504       -306.842        19.8499         21.979        20.3437        -1115.9     /gpfs/hpu/EHT2/KORAL/SANE/SANE_a+0.5_300x192x192_KORAL/m_1_1_1/image_a+0.5_924_163_0_230.e9_6.2e9_1.52109e+27_1.dat
        25       0.670395        2.74893       -174.129        15.5405        15.2968        14.9215       -864.717     /gpfs/hpu/EHT2/KORAL/SANE/SANE_a+0.5_300x192x192_KORAL/m_1_1_1/image_a+0.5_925_163_0_230.e9_6.2e9_1.52109e+27_1.dat
        26       0.552661        2.90871       -178.861        21.8419        13.0715        16.5361       -931.133     /gpfs/hpu/EHT2/KORAL/SANE/SANE_a+0.5_300x192x192_KORAL/m_1_1_1/image_a+0.5_926_163_0_230.e9_6.2e9_1.52109e+27_1.dat
        27       0.568302        2.89487       -183.623        27.4005        13.5616        19.2516       -1055.29     /gpfs/hpu/EHT2/KORAL/SANE/SANE_a+0.5_300x192x192_KORAL/m_1_1_1/image_a+0.5_927_163_0_230.e9_6.2e9_1.52109e+27_1.dat
        28       0.458285        2.76793       -199.378        31.0873        16.1524        22.2451       -1196.85     /gpfs/hpu/EHT2/KORAL/SANE/SANE_a+0.5_300x192x192_KORAL/m_1_1_1/image_a+0.5_928_163_0_230.e9_6.2e9_1.52109e+27_1.dat
        29       0.585448        3.09576       -295.862         16.846        17.3763        16.5931       -912.592     /gpfs/hpu/EHT2/KORAL/SANE/SANE_a+0.5_300x192x192_KORAL/m_1_1_1/image_a+0.5_929_163_0_230.e9_6.2e9_1.52109e+27_1.dat
        30       0.541058        3.13749       -307.671        20.4616        27.2648        23.3961       -1235.76     /gpfs/hpu/EHT2/KORAL/SANE/SANE_a+0.5_300x192x192_KORAL/m_1_1_1/image_a+0.5_930_163_0_230.e9_6.2e9_1.52109e+27_1.dat
        31       0.564566        3.12175       -320.944        22.1215        29.5191        25.3164       -1352.72     /gpfs/hpu/EHT2/KORAL/SANE/SANE_a+0.5_300x192x192_KORAL/m_1_1_1/image_a+0.5_931_163_0_230.e9_6.2e9_1.52109e+27_1.dat
        32       0.473265        2.97774       -182.627        18.4857        15.2247        16.1856       -906.386     /gpfs/hpu/EHT2/KORAL/SANE/SANE_a+0.5_300x192x192_KORAL/m_1_1_1/image_a+0.5_932_163_0_230.e9_6.2e9_1.52109e+27_1.dat
        33       0.600044        2.91783       -186.459        24.0006        19.0482        20.6362       -1127.24     /gpfs/hpu/EHT2/KORAL/SANE/SANE_a+0.5_300x192x192_KORAL/m_1_1_1/image_a+0.5_933_163_0_230.e9_6.2e9_1.52109e+27_1.dat
        34        0.58737        2.92899       -193.354         31.405        12.2104        20.3108       -1105.99     /gpfs/hpu/EHT2/KORAL/SANE/SANE_a+0.5_300x192x192_KORAL/m_1_1_1/image_a+0.5_934_163_0_230.e9_6.2e9_1.52109e+27_1.dat
        35       0.590458        2.97555       -195.215        36.6298        18.5928        25.9799       -1378.22     /gpfs/hpu/EHT2/KORAL/SANE/SANE_a+0.5_300x192x192_KORAL/m_1_1_1/image_a+0.5_935_163_0_230.e9_6.2e9_1.52109e+27_1.dat
        36       0.538889        2.81996       -203.229        25.0027         17.619         20.327       -1096.87     /gpfs/hpu/EHT2/KORAL/SANE/SANE_a+0.5_300x192x192_KORAL/m_1_1_1/image_a+0.5_936_163_0_230.e9_6.2e9_1.52109e+27_1.dat
        37       0.494059        2.89831       -272.775        7.34014        9.50463        8.24756       -516.119     /gpfs/hpu/EHT2/KORAL/SANE/SANE_a+0.5_300x192x192_KORAL/m_1_1_1/image_a+0.5_937_163_0_230.e9_6.2e9_1.52109e+27_1.dat
        38       0.575328        2.98078       -289.341        12.4346         17.949        14.9442       -833.856     /gpfs/hpu/EHT2/KORAL/SANE/SANE_a+0.5_300x192x192_KORAL/m_1_1_1/image_a+0.5_938_163_0_230.e9_6.2e9_1.52109e+27_1.dat
        39       0.548895        2.82538       -179.911        23.1416        13.8137        17.5014        -970.72     /gpfs/hpu/EHT2/KORAL/SANE/SANE_a+0.5_300x192x192_KORAL/m_1_1_1/image_a+0.5_939_163_0_230.e9_6.2e9_1.52109e+27_1.dat
        40       0.486995        3.01614        -159.52        12.9064        18.6051        15.4982       -881.657     /gpfs/hpu/EHT2/KORAL/SANE/SANE_a+0.5_300x192x192_KORAL/m_1_1_1/image_a+0.5_940_163_0_230.e9_6.2e9_1.52109e+27_1.dat
        41       0.547506        3.10966       -174.027         19.168        18.6958        18.3142       -1019.39     /gpfs/hpu/EHT2/KORAL/SANE/SANE_a+0.5_300x192x192_KORAL/m_1_1_1/image_a+0.5_941_163_0_230.e9_6.2e9_1.52109e+27_1.dat
        42       0.627564        3.09137       -184.322         25.861         18.768        21.3112       -1170.21     /gpfs/hpu/EHT2/KORAL/SANE/SANE_a+0.5_300x192x192_KORAL/m_1_1_1/image_a+0.5_942_163_0_230.e9_6.2e9_1.52109e+27_1.dat
        43       0.688838        3.39889       -175.088        18.8783        12.2487        14.7929       -865.073     /gpfs/hpu/EHT2/KORAL/SANE/SANE_a+0.5_300x192x192_KORAL/m_1_1_1/image_a+0.5_943_163_0_230.e9_6.2e9_1.52109e+27_1.dat
        44        0.59036        3.12304        172.519        23.0121        14.9307         18.032       -1014.78     /gpfs/hpu/EHT2/KORAL/SANE/SANE_a+0.5_300x192x192_KORAL/m_1_1_1/image_a+0.5_944_163_0_230.e9_6.2e9_1.52109e+27_1.dat
        45       0.640324        2.93918        160.718        27.2068        13.2456        18.9997       -1051.45     /gpfs/hpu/EHT2/KORAL/SANE/SANE_a+0.5_300x192x192_KORAL/m_1_1_1/image_a+0.5_945_163_0_230.e9_6.2e9_1.52109e+27_1.dat
        46       0.653183        3.12144        64.3449        7.39255        14.0081         10.641       -652.497     /gpfs/hpu/EHT2/KORAL/SANE/SANE_a+0.5_300x192x192_KORAL/m_1_1_1/image_a+0.5_946_163_0_230.e9_6.2e9_1.52109e+27_1.dat
        47       0.644853        3.15519        52.3942        5.03082        16.6467        10.9856       -652.804     /gpfs/hpu/EHT2/KORAL/SANE/SANE_a+0.5_300x192x192_KORAL/m_1_1_1/image_a+0.5_947_163_0_230.e9_6.2e9_1.52109e+27_1.dat
        48       0.678043        3.21829         40.822        16.0081        22.2645        18.7955       -1061.68     /gpfs/hpu/EHT2/KORAL/SANE/SANE_a+0.5_300x192x192_KORAL/m_1_1_1/image_a+0.5_948_163_0_230.e9_6.2e9_1.52109e+27_1.dat
        49       0.447326        2.84767        171.281        21.1056        14.4827        16.9534       -936.166     /gpfs/hpu/EHT2/KORAL/SANE/SANE_a+0.5_300x192x192_KORAL/m_1_1_1/image_a+0.5_949_163_0_230.e9_6.2e9_1.52109e+27_1.dat
        50       0.581209        2.97639        168.353        17.5128        17.1153        16.7505       -945.883     /gpfs/hpu/EHT2/KORAL/SANE/SANE_a+0.5_300x192x192_KORAL/m_1_1_1/image_a+0.5_950_163_0_230.e9_6.2e9_1.52109e+27_1.dat
        51       0.613756        3.01612        157.355        22.6277        10.3725        15.4631       -887.093     /gpfs/hpu/EHT2/KORAL/SANE/SANE_a+0.5_300x192x192_KORAL/m_1_1_1/image_a+0.5_951_163_0_230.e9_6.2e9_1.52109e+27_1.dat
        52       0.460831        2.91257        46.3122        13.7356        30.6124        22.1844       -1191.01     /gpfs/hpu/EHT2/KORAL/SANE/SANE_a+0.5_300x192x192_KORAL/m_1_1_1/image_a+0.5_952_163_0_230.e9_6.2e9_1.52109e+27_1.dat
        53       0.532287        2.90055        54.5765        10.2721        27.8476         19.198       -1042.77     /gpfs/hpu/EHT2/KORAL/SANE/SANE_a+0.5_300x192x192_KORAL/m_1_1_1/image_a+0.5_953_163_0_230.e9_6.2e9_1.52109e+27_1.dat
        54       0.473043        2.80764       -172.854        5.47431        17.5843        11.6751       -708.485     /gpfs/hpu/EHT2/KORAL/SANE/SANE_a+0.5_300x192x192_KORAL/m_1_1_1/image_a+0.5_954_163_0_230.e9_6.2e9_1.52109e+27_1.dat
        55       0.547369        2.97371       -182.779        7.75102        11.2448        9.34506       -593.349     /gpfs/hpu/EHT2/KORAL/SANE/SANE_a+0.5_300x192x192_KORAL/m_1_1_1/image_a+0.5_955_163_0_230.e9_6.2e9_1.52109e+27_1.dat
        56       0.524931        2.97815       -194.487         18.958        10.5019        13.9088        -789.28     /gpfs/hpu/EHT2/KORAL/SANE/SANE_a+0.5_300x192x192_KORAL/m_1_1_1/image_a+0.5_956_163_0_230.e9_6.2e9_1.52109e+27_1.dat
        57       0.484406         2.8875       -177.799         12.535        18.9331        15.5066       -869.861     /gpfs/hpu/EHT2/KORAL/SANE/SANE_a+0.5_300x192x192_KORAL/m_1_1_1/image_a+0.5_957_163_0_230.e9_6.2e9_1.52109e+27_1.dat
        58       0.475384        2.76782       -182.364        16.1715        17.2504        16.2287       -900.904     /gpfs/hpu/EHT2/KORAL/SANE/SANE_a+0.5_300x192x192_KORAL/m_1_1_1/image_a+0.5_958_163_0_230.e9_6.2e9_1.52109e+27_1.dat
        59       0.426694         2.8591       -177.882        10.3095        17.1429        13.5805       -776.921     /gpfs/hpu/EHT2/KORAL/SANE/SANE_a+0.5_300x192x192_KORAL/m_1_1_1/image_a+0.5_959_163_0_230.e9_6.2e9_1.52109e+27_1.dat
        60       0.470245        2.88541       -190.451        15.9311        14.7064        14.7834       -831.841     /gpfs/hpu/EHT2/KORAL/SANE/SANE_a+0.5_300x192x192_KORAL/m_1_1_1/image_a+0.5_960_163_0_230.e9_6.2e9_1.52109e+27_1.dat
        61       0.489376        2.89931       -194.794        21.5365        14.8465        17.3354       -959.727     /gpfs/hpu/EHT2/KORAL/SANE/SANE_a+0.5_300x192x192_KORAL/m_1_1_1/image_a+0.5_961_163_0_230.e9_6.2e9_1.52109e+27_1.dat
        62       0.469127        2.92229       -200.381        22.5998        13.5169        17.1057       -942.756     /gpfs/hpu/EHT2/KORAL/SANE/SANE_a+0.5_300x192x192_KORAL/m_1_1_1/image_a+0.5_962_163_0_230.e9_6.2e9_1.52109e+27_1.dat
        63       0.460666        2.80384       -228.335        22.9963        12.2271        16.6021       -923.808     /gpfs/hpu/EHT2/KORAL/SANE/SANE_a+0.5_300x192x192_KORAL/m_1_1_1/image_a+0.5_963_163_0_230.e9_6.2e9_1.52109e+27_1.dat
        64       0.533783        2.96273       -269.595        14.3821        12.6429        13.0126       -747.646     /gpfs/hpu/EHT2/KORAL/SANE/SANE_a+0.5_300x192x192_KORAL/m_1_1_1/image_a+0.5_964_163_0_230.e9_6.2e9_1.52109e+27_1.dat
        65       0.534981        3.07373       -289.728        11.2855        10.3886        10.4571       -620.387     /gpfs/hpu/EHT2/KORAL/SANE/SANE_a+0.5_300x192x192_KORAL/m_1_1_1/image_a+0.5_965_163_0_230.e9_6.2e9_1.52109e+27_1.dat
        66       0.862919        2.98723       -291.943        11.4602        31.0244        21.3952       -1181.43     /gpfs/hpu/EHT2/KORAL/SANE/SANE_a+0.5_300x192x192_KORAL/m_1_1_1/image_a+0.5_966_163_0_230.e9_6.2e9_1.52109e+27_1.dat
        67       0.455785        2.94162       -319.464        7.01811        29.5952        18.6792       -1014.47     /gpfs/hpu/EHT2/KORAL/SANE/SANE_a+0.5_300x192x192_KORAL/m_1_1_1/image_a+0.5_967_163_0_230.e9_6.2e9_1.52109e+27_1.dat
        68       0.646224        3.00029       -218.218         7.2553        10.1616        8.55583       -570.854     /gpfs/hpu/EHT2/KORAL/SANE/SANE_a+0.5_300x192x192_KORAL/m_1_1_1/image_a+0.5_968_163_0_230.e9_6.2e9_1.52109e+27_1.dat
        69       0.676331        3.09811       -214.042        8.09902        10.7919        9.26055       -589.206     /gpfs/hpu/EHT2/KORAL/SANE/SANE_a+0.5_300x192x192_KORAL/m_1_1_1/image_a+0.5_969_163_0_230.e9_6.2e9_1.52109e+27_1.dat
        70       0.580522        3.11246       -237.205        7.57998        9.63672         8.4231       -522.701     /gpfs/hpu/EHT2/KORAL/SANE/SANE_a+0.5_300x192x192_KORAL/m_1_1_1/image_a+0.5_970_163_0_230.e9_6.2e9_1.52109e+27_1.dat
        71       0.567804        3.14405       -259.747        10.9996        17.4123        14.0273       -791.394     /gpfs/hpu/EHT2/KORAL/SANE/SANE_a+0.5_300x192x192_KORAL/m_1_1_1/image_a+0.5_971_163_0_230.e9_6.2e9_1.52109e+27_1.dat
        72       0.965661        3.21526       -151.644        7.62891        24.4351        16.2333       -968.034     /gpfs/hpu/EHT2/KORAL/SANE/SANE_a+0.5_300x192x192_KORAL/m_1_1_1/image_a+0.5_972_163_0_230.e9_6.2e9_1.52109e+27_1.dat
        73       0.592417        2.98863       -171.201        15.7408        16.3812        15.5808       -882.494     /gpfs/hpu/EHT2/KORAL/SANE/SANE_a+0.5_300x192x192_KORAL/m_1_1_1/image_a+0.5_973_163_0_230.e9_6.2e9_1.52109e+27_1.dat
        74       0.496435        3.00457       -184.884        22.5415        16.8744         18.847       -1028.63     /gpfs/hpu/EHT2/KORAL/SANE/SANE_a+0.5_300x192x192_KORAL/m_1_1_1/image_a+0.5_974_163_0_230.e9_6.2e9_1.52109e+27_1.dat
        75       0.685946        2.84808        -245.51         33.474        13.1609        21.7258       -1154.75     /gpfs/hpu/EHT2/KORAL/SANE/SANE_a+0.5_300x192x192_KORAL/m_1_1_1/image_a+0.5_975_163_0_230.e9_6.2e9_1.52109e+27_1.dat
        76       0.945369        2.93673       -269.931         37.136        12.2517        22.8663       -1229.03     /gpfs/hpu/EHT2/KORAL/SANE/SANE_a+0.5_300x192x192_KORAL/m_1_1_1/image_a+0.5_976_163_0_230.e9_6.2e9_1.52109e+27_1.dat
        77       0.565328        2.73964       -149.942        6.91596         12.166        9.46075       -626.664     /gpfs/hpu/EHT2/KORAL/SANE/SANE_a+0.5_300x192x192_KORAL/m_1_1_1/image_a+0.5_977_163_0_230.e9_6.2e9_1.52109e+27_1.dat
        78       0.755392        3.01079        -267.13        13.6644        17.7584        15.3876       -879.579     /gpfs/hpu/EHT2/KORAL/SANE/SANE_a+0.5_300x192x192_KORAL/m_1_1_1/image_a+0.5_978_163_0_230.e9_6.2e9_1.52109e+27_1.dat
        79       0.448386        2.72049       -169.429        13.1944        17.6265        15.1104       -843.896     /gpfs/hpu/EHT2/KORAL/SANE/SANE_a+0.5_300x192x192_KORAL/m_1_1_1/image_a+0.5_979_163_0_230.e9_6.2e9_1.52109e+27_1.dat
        80       0.986243        3.00076       -313.437        9.11375        26.8708        18.1717       -1023.41     /gpfs/hpu/EHT2/KORAL/SANE/SANE_a+0.5_300x192x192_KORAL/m_1_1_1/image_a+0.5_980_163_0_230.e9_6.2e9_1.52109e+27_1.dat
        81       0.647067        2.96513       -319.695        8.64303        34.6414        22.0535       -1226.68     /gpfs/hpu/EHT2/KORAL/SANE/SANE_a+0.5_300x192x192_KORAL/m_1_1_1/image_a+0.5_981_163_0_230.e9_6.2e9_1.52109e+27_1.dat
        82       0.595416        3.15841       -285.417        24.8381        27.4786        25.4435       -1333.77     /gpfs/hpu/EHT2/KORAL/SANE/SANE_a+0.5_300x192x192_KORAL/m_1_1_1/image_a+0.5_982_163_0_230.e9_6.2e9_1.52109e+27_1.dat
        83       0.614161        2.92675       -310.642        32.1401        29.5905        29.7832       -1542.59     /gpfs/hpu/EHT2/KORAL/SANE/SANE_a+0.5_300x192x192_KORAL/m_1_1_1/image_a+0.5_983_163_0_230.e9_6.2e9_1.52109e+27_1.dat
        84       0.620825        2.96884       -334.598        15.6554        27.6775        21.4884       -1166.92     /gpfs/hpu/EHT2/KORAL/SANE/SANE_a+0.5_300x192x192_KORAL/m_1_1_1/image_a+0.5_984_163_0_230.e9_6.2e9_1.52109e+27_1.dat
        85       0.603657        2.92278       -335.549         8.6736        30.0177        19.6334       -1085.89     /gpfs/hpu/EHT2/KORAL/SANE/SANE_a+0.5_300x192x192_KORAL/m_1_1_1/image_a+0.5_985_163_0_230.e9_6.2e9_1.52109e+27_1.dat
        86       0.505221        2.86739       -220.139        22.1434        15.0233        17.6967       -968.128     /gpfs/hpu/EHT2/KORAL/SANE/SANE_a+0.5_300x192x192_KORAL/m_1_1_1/image_a+0.5_986_163_0_230.e9_6.2e9_1.52109e+27_1.dat
        87       0.505356        2.81773       -237.568        16.4243        14.5737        14.9316        -849.59     /gpfs/hpu/EHT2/KORAL/SANE/SANE_a+0.5_300x192x192_KORAL/m_1_1_1/image_a+0.5_987_163_0_230.e9_6.2e9_1.52109e+27_1.dat
        88       0.496304        2.78137       -262.092        15.8886        12.2595        13.4768       -764.071     /gpfs/hpu/EHT2/KORAL/SANE/SANE_a+0.5_300x192x192_KORAL/m_1_1_1/image_a+0.5_988_163_0_230.e9_6.2e9_1.52109e+27_1.dat
        89       0.557953         2.8418       -267.807        12.9396        13.0977        12.6142       -717.394     /gpfs/hpu/EHT2/KORAL/SANE/SANE_a+0.5_300x192x192_KORAL/m_1_1_1/image_a+0.5_989_163_0_230.e9_6.2e9_1.52109e+27_1.dat
        90       0.551547         2.8287       -278.994          13.82        22.5766        17.9923       -995.777     /gpfs/hpu/EHT2/KORAL/SANE/SANE_a+0.5_300x192x192_KORAL/m_1_1_1/image_a+0.5_990_163_0_230.e9_6.2e9_1.52109e+27_1.dat
        91        0.57189        2.96323       -154.661         18.709        13.4237        15.3365       -868.278     /gpfs/hpu/EHT2/KORAL/SANE/SANE_a+0.5_300x192x192_KORAL/m_1_1_1/image_a+0.5_991_163_0_230.e9_6.2e9_1.52109e+27_1.dat
        92       0.495919        2.86886       -185.784        31.7537         11.414        20.0458       -1077.17     /gpfs/hpu/EHT2/KORAL/SANE/SANE_a+0.5_300x192x192_KORAL/m_1_1_1/image_a+0.5_992_163_0_230.e9_6.2e9_1.52109e+27_1.dat
        93       0.530294        2.95299       -167.377        15.0284        13.8482        13.9327       -805.176     /gpfs/hpu/EHT2/KORAL/SANE/SANE_a+0.5_300x192x192_KORAL/m_1_1_1/image_a+0.5_993_163_0_230.e9_6.2e9_1.52109e+27_1.dat
        94       0.667868        2.69508       -194.448        24.0703        14.8995        18.4835       -1052.32     /gpfs/hpu/EHT2/KORAL/SANE/SANE_a+0.5_300x192x192_KORAL/m_1_1_1/image_a+0.5_994_163_0_230.e9_6.2e9_1.52109e+27_1.dat
        95       0.660824         2.6689       -220.108         32.723        19.2455        24.5962       -1353.41     /gpfs/hpu/EHT2/KORAL/SANE/SANE_a+0.5_300x192x192_KORAL/m_1_1_1/image_a+0.5_995_163_0_230.e9_6.2e9_1.52109e+27_1.dat
        96       0.609169        2.81349       -304.761        21.9559        29.7085        25.3429       -1368.56     /gpfs/hpu/EHT2/KORAL/SANE/SANE_a+0.5_300x192x192_KORAL/m_1_1_1/image_a+0.5_996_163_0_230.e9_6.2e9_1.52109e+27_1.dat
        97       0.634334        2.84176       -164.087        12.1885        21.8041        16.8644        -957.14     /gpfs/hpu/EHT2/KORAL/SANE/SANE_a+0.5_300x192x192_KORAL/m_1_1_1/image_a+0.5_997_163_0_230.e9_6.2e9_1.52109e+27_1.dat
        98       0.517321        2.74377       -164.111        13.4409        15.9629        14.3438       -828.255     /gpfs/hpu/EHT2/KORAL/SANE/SANE_a+0.5_300x192x192_KORAL/m_1_1_1/image_a+0.5_998_163_0_230.e9_6.2e9_1.52109e+27_1.dat
        99       0.623574        2.92856        58.3966        12.5365        26.0954        19.2769       -1083.18     /gpfs/hpu/EHT2/KORAL/SANE/SANE_a+0.5_300x192x192_KORAL/m_1_1_1/image_a+0.5_999_163_0_230.e9_6.2e9_1.52109e+27_1.dat
