   # Index         I (Jy)      M/D (uas)       PA (deg)  VA red. chisq  CP red. chisq     red. chisq     log-liklhd     FileName
         0       0.675214        4.01531        -143.25        3.99819        11.0251        7.83177       -1087.12     /gpfs/hpu/EHT2/IHARM_inc+5/SANE_a-0.94_288x128x128_IHARM/m_1_1_160/image_a-0.94_1200_22_0_230.e9_6.2e9_1.64177e+29_160.dat
         1       0.523487        3.64663        -127.67        32.4477        44.3008        38.5148       -4063.92     /gpfs/hpu/EHT2/IHARM_inc+5/SANE_a-0.94_288x128x128_IHARM/m_1_1_160/image_a-0.94_1206_22_0_230.e9_6.2e9_1.64177e+29_160.dat
         2       0.443485        3.37546       -34.6251        10.8029         36.675        24.9785       -2722.05     /gpfs/hpu/EHT2/IHARM_inc+5/SANE_a-0.94_288x128x128_IHARM/m_1_1_160/image_a-0.94_1212_22_0_230.e9_6.2e9_1.64177e+29_160.dat
         3       0.576513        3.51045       -25.1195        9.19105        20.2911        15.2021       -1809.51     /gpfs/hpu/EHT2/IHARM_inc+5/SANE_a-0.94_288x128x128_IHARM/m_1_1_160/image_a-0.94_1218_22_0_230.e9_6.2e9_1.64177e+29_160.dat
         4        0.56192        3.83559        -125.41        4.56196        12.4115        8.84285       -1160.74     /gpfs/hpu/EHT2/IHARM_inc+5/SANE_a-0.94_288x128x128_IHARM/m_1_1_160/image_a-0.94_1224_22_0_230.e9_6.2e9_1.64177e+29_160.dat
         5       0.514245        3.61547       -118.009        7.17812         20.785        14.6103       -1753.45     /gpfs/hpu/EHT2/IHARM_inc+5/SANE_a-0.94_288x128x128_IHARM/m_1_1_160/image_a-0.94_1230_22_0_230.e9_6.2e9_1.64177e+29_160.dat
         6       0.530286        3.45735       -26.0415        25.1288        21.4081        22.6754        -2659.3     /gpfs/hpu/EHT2/IHARM_inc+5/SANE_a-0.94_288x128x128_IHARM/m_1_1_160/image_a-0.94_1236_22_0_230.e9_6.2e9_1.64177e+29_160.dat
         7       0.566423         3.7552       -31.5861        2.76966        12.1049        7.90211       -1070.41     /gpfs/hpu/EHT2/IHARM_inc+5/SANE_a-0.94_288x128x128_IHARM/m_1_1_160/image_a-0.94_1242_22_0_230.e9_6.2e9_1.64177e+29_160.dat
         8       0.542993        4.09357       -32.7606        6.13251        15.2889        11.1135       -1425.28     /gpfs/hpu/EHT2/IHARM_inc+5/SANE_a-0.94_288x128x128_IHARM/m_1_1_160/image_a-0.94_1248_22_0_230.e9_6.2e9_1.64177e+29_160.dat
         9       0.494566        3.69856       -18.3165        6.99664        18.6318        13.3384       -1649.16     /gpfs/hpu/EHT2/IHARM_inc+5/SANE_a-0.94_288x128x128_IHARM/m_1_1_160/image_a-0.94_1254_22_0_230.e9_6.2e9_1.64177e+29_160.dat
        10       0.630157        3.92046        -114.35        2.01507        13.9631         8.6078        -1207.9     /gpfs/hpu/EHT2/IHARM_inc+5/SANE_a-0.94_288x128x128_IHARM/m_1_1_160/image_a-0.94_1260_22_0_230.e9_6.2e9_1.64177e+29_160.dat
        11       0.586106        3.78521       -100.213        7.72458        18.9393         13.822       -1695.79     /gpfs/hpu/EHT2/IHARM_inc+5/SANE_a-0.94_288x128x128_IHARM/m_1_1_160/image_a-0.94_1266_22_0_230.e9_6.2e9_1.64177e+29_160.dat
        12       0.522853        3.70637       -43.5545        8.25075        10.6079        9.42931       -1204.32     /gpfs/hpu/EHT2/IHARM_inc+5/SANE_a-0.94_288x128x128_IHARM/m_1_1_160/image_a-0.94_1272_22_0_230.e9_6.2e9_1.64177e+29_160.dat
        13       0.421947        3.37836       -26.5969        7.40191        27.4585        18.4063       -2161.48     /gpfs/hpu/EHT2/IHARM_inc+5/SANE_a-0.94_288x128x128_IHARM/m_1_1_160/image_a-0.94_1278_22_0_230.e9_6.2e9_1.64177e+29_160.dat
        14       0.602222        3.95095       -87.2279        6.95278        11.4328        9.32847       -1290.59     /gpfs/hpu/EHT2/IHARM_inc+5/SANE_a-0.94_288x128x128_IHARM/m_1_1_160/image_a-0.94_1284_22_0_230.e9_6.2e9_1.64177e+29_160.dat
        15       0.566837        3.79276       -81.0283         2.5015        5.47228        4.10963       -737.378     /gpfs/hpu/EHT2/IHARM_inc+5/SANE_a-0.94_288x128x128_IHARM/m_1_1_160/image_a-0.94_1290_22_0_230.e9_6.2e9_1.64177e+29_160.dat
        16        1.12098        4.25947       -145.978         7.2966        20.8165        14.6787       -1862.18     /gpfs/hpu/EHT2/IHARM_inc+5/SANE_a-0.94_288x128x128_IHARM/m_1_1_160/image_a-0.94_1296_22_0_230.e9_6.2e9_1.64177e+29_160.dat
        17         1.0557        3.76676       -19.0374        18.1673        16.5348        16.9799       -2019.87     /gpfs/hpu/EHT2/IHARM_inc+5/SANE_a-0.94_288x128x128_IHARM/m_1_1_160/image_a-0.94_1302_22_0_230.e9_6.2e9_1.64177e+29_160.dat
        18        1.02924        4.28326       -101.416        8.34961        10.6788        9.51112       -1299.33     /gpfs/hpu/EHT2/IHARM_inc+5/SANE_a-0.94_288x128x128_IHARM/m_1_1_160/image_a-0.94_1308_22_0_230.e9_6.2e9_1.64177e+29_160.dat
        19       0.671484        3.90436       -28.3365        5.62179         13.473        9.88713        -1310.8     /gpfs/hpu/EHT2/IHARM_inc+5/SANE_a-0.94_288x128x128_IHARM/m_1_1_160/image_a-0.94_1314_22_0_230.e9_6.2e9_1.64177e+29_160.dat
        20       0.758625        4.07772       -60.9819        3.52098        23.6033        14.5999       -1806.64     /gpfs/hpu/EHT2/IHARM_inc+5/SANE_a-0.94_288x128x128_IHARM/m_1_1_160/image_a-0.94_1320_22_0_230.e9_6.2e9_1.64177e+29_160.dat
        21       0.623803        3.38228       -91.6319        17.3475        17.2922        17.0472       -2042.43     /gpfs/hpu/EHT2/IHARM_inc+5/SANE_a-0.94_288x128x128_IHARM/m_1_1_160/image_a-0.94_1326_22_0_230.e9_6.2e9_1.64177e+29_160.dat
        22       0.636485        3.85757       -121.045        8.86868        16.9245         13.197       -1598.94     /gpfs/hpu/EHT2/IHARM_inc+5/SANE_a-0.94_288x128x128_IHARM/m_1_1_160/image_a-0.94_1332_22_0_230.e9_6.2e9_1.64177e+29_160.dat
        23       0.467303        3.54301        -31.079        11.9993        26.3454        19.7663       -2356.55     /gpfs/hpu/EHT2/IHARM_inc+5/SANE_a-0.94_288x128x128_IHARM/m_1_1_160/image_a-0.94_1338_22_0_230.e9_6.2e9_1.64177e+29_160.dat
        24        0.49233        4.14178       -7.35201        9.50739        22.9331        16.8029       -1934.87     /gpfs/hpu/EHT2/IHARM_inc+5/SANE_a-0.94_288x128x128_IHARM/m_1_1_160/image_a-0.94_1344_22_0_230.e9_6.2e9_1.64177e+29_160.dat
        25        0.94072        3.42058       -69.1922        34.1428        41.0842        37.4604       -4584.67     /gpfs/hpu/EHT2/IHARM_inc+5/SANE_a-0.94_288x128x128_IHARM/m_1_1_160/image_a-0.94_1350_22_0_230.e9_6.2e9_1.64177e+29_160.dat
        26       0.440582         3.3213        -29.298        11.4111         32.248        22.7858       -2543.55     /gpfs/hpu/EHT2/IHARM_inc+5/SANE_a-0.94_288x128x128_IHARM/m_1_1_160/image_a-0.94_1356_22_0_230.e9_6.2e9_1.64177e+29_160.dat
        27       0.517467        3.73777       -36.0263         3.3784        7.46686        5.59254       -853.255     /gpfs/hpu/EHT2/IHARM_inc+5/SANE_a-0.94_288x128x128_IHARM/m_1_1_160/image_a-0.94_1362_22_0_230.e9_6.2e9_1.64177e+29_160.dat
        28       0.801747         4.2964       -151.177        6.67994        23.9282        16.1386       -1913.34     /gpfs/hpu/EHT2/IHARM_inc+5/SANE_a-0.94_288x128x128_IHARM/m_1_1_160/image_a-0.94_1368_22_0_230.e9_6.2e9_1.64177e+29_160.dat
        29       0.767491         4.0527       -104.265        4.62124        7.52793        6.16089       -934.674     /gpfs/hpu/EHT2/IHARM_inc+5/SANE_a-0.94_288x128x128_IHARM/m_1_1_160/image_a-0.94_1374_22_0_230.e9_6.2e9_1.64177e+29_160.dat
        30       0.545396        3.46471       -27.0078        6.19347        15.1668         11.072       -1412.74     /gpfs/hpu/EHT2/IHARM_inc+5/SANE_a-0.94_288x128x128_IHARM/m_1_1_160/image_a-0.94_1380_22_0_230.e9_6.2e9_1.64177e+29_160.dat
        31       0.591492        3.89571       -125.607        13.8392        19.8809        16.9736       -1933.11     /gpfs/hpu/EHT2/IHARM_inc+5/SANE_a-0.94_288x128x128_IHARM/m_1_1_160/image_a-0.94_1386_22_0_230.e9_6.2e9_1.64177e+29_160.dat
        32       0.752094        3.60435        -41.577        20.1084        36.8924         29.101       -3179.35     /gpfs/hpu/EHT2/IHARM_inc+5/SANE_a-0.94_288x128x128_IHARM/m_1_1_160/image_a-0.94_1392_22_0_230.e9_6.2e9_1.64177e+29_160.dat
        33       0.838672        3.57088        -53.501        10.7808        16.9542        14.0358       -1718.27     /gpfs/hpu/EHT2/IHARM_inc+5/SANE_a-0.94_288x128x128_IHARM/m_1_1_160/image_a-0.94_1398_22_0_230.e9_6.2e9_1.64177e+29_160.dat
        34       0.729772        3.52223       -28.5425        8.11782        12.3621        10.3447       -1380.72     /gpfs/hpu/EHT2/IHARM_inc+5/SANE_a-0.94_288x128x128_IHARM/m_1_1_160/image_a-0.94_1404_22_0_230.e9_6.2e9_1.64177e+29_160.dat
        35       0.576646        3.94669       -135.135          15.51        26.0288        21.1006       -2703.82     /gpfs/hpu/EHT2/IHARM_inc+5/SANE_a-0.94_288x128x128_IHARM/m_1_1_160/image_a-0.94_1410_22_0_230.e9_6.2e9_1.64177e+29_160.dat
        36       0.661698        4.00145       -127.395          3.703        13.9182        9.30879       -1265.69     /gpfs/hpu/EHT2/IHARM_inc+5/SANE_a-0.94_288x128x128_IHARM/m_1_1_160/image_a-0.94_1416_22_0_230.e9_6.2e9_1.64177e+29_160.dat
        37       0.634487        4.32068       -118.664        8.01831        24.1325        16.8275       -1985.08     /gpfs/hpu/EHT2/IHARM_inc+5/SANE_a-0.94_288x128x128_IHARM/m_1_1_160/image_a-0.94_1422_22_0_230.e9_6.2e9_1.64177e+29_160.dat
        38       0.712795        4.00848       -80.7575        10.1479        5.46743        7.39529       -1046.73     /gpfs/hpu/EHT2/IHARM_inc+5/SANE_a-0.94_288x128x128_IHARM/m_1_1_160/image_a-0.94_1428_22_0_230.e9_6.2e9_1.64177e+29_160.dat
        39        0.62126        4.00997       -67.2987        21.2481           7.68        13.3956       -1654.93     /gpfs/hpu/EHT2/IHARM_inc+5/SANE_a-0.94_288x128x128_IHARM/m_1_1_160/image_a-0.94_1434_22_0_230.e9_6.2e9_1.64177e+29_160.dat
        40       0.544452        3.52742       -78.3646        17.1265        13.7216        14.9726       -1800.14     /gpfs/hpu/EHT2/IHARM_inc+5/SANE_a-0.94_288x128x128_IHARM/m_1_1_160/image_a-0.94_1440_22_0_230.e9_6.2e9_1.64177e+29_160.dat
        41       0.378712        4.02834       -295.741        32.1357        45.9687        39.3052       -4614.56     /gpfs/hpu/EHT2/IHARM_inc+5/SANE_a-0.94_288x128x128_IHARM/m_1_1_160/image_a-0.94_1446_22_0_230.e9_6.2e9_1.64177e+29_160.dat
        42       0.640133        3.40895        -309.82         32.505        66.0754        50.6113       -5315.35     /gpfs/hpu/EHT2/IHARM_inc+5/SANE_a-0.94_288x128x128_IHARM/m_1_1_160/image_a-0.94_1452_22_0_230.e9_6.2e9_1.64177e+29_160.dat
        43       0.498467        3.63418       -97.3476        3.90357        37.5707        22.5081       -2498.52     /gpfs/hpu/EHT2/IHARM_inc+5/SANE_a-0.94_288x128x128_IHARM/m_1_1_160/image_a-0.94_1458_22_0_230.e9_6.2e9_1.64177e+29_160.dat
        44       0.604801        3.75254       -47.2125        9.43703        18.4493        14.2868        -1755.9     /gpfs/hpu/EHT2/IHARM_inc+5/SANE_a-0.94_288x128x128_IHARM/m_1_1_160/image_a-0.94_1464_22_0_230.e9_6.2e9_1.64177e+29_160.dat
        45       0.539144        3.92409       -97.2778        11.9189        10.4671        10.9287        -1389.3     /gpfs/hpu/EHT2/IHARM_inc+5/SANE_a-0.94_288x128x128_IHARM/m_1_1_160/image_a-0.94_1470_22_0_230.e9_6.2e9_1.64177e+29_160.dat
        46       0.494963        3.78428       -78.8462        11.0233        13.9485        12.4737       -1517.68     /gpfs/hpu/EHT2/IHARM_inc+5/SANE_a-0.94_288x128x128_IHARM/m_1_1_160/image_a-0.94_1476_22_0_230.e9_6.2e9_1.64177e+29_160.dat
        47       0.789549        3.17536       -28.1703        39.1053        29.5917         33.223       -3666.11     /gpfs/hpu/EHT2/IHARM_inc+5/SANE_a-0.94_288x128x128_IHARM/m_1_1_160/image_a-0.94_1482_22_0_230.e9_6.2e9_1.64177e+29_160.dat
        48       0.507876         3.2407       -31.5706         14.468        30.7654        23.2785        -2594.1     /gpfs/hpu/EHT2/IHARM_inc+5/SANE_a-0.94_288x128x128_IHARM/m_1_1_160/image_a-0.94_1488_22_0_230.e9_6.2e9_1.64177e+29_160.dat
        49       0.434679        3.64367       -51.4422        14.0556         28.743        21.9799       -2407.61     /gpfs/hpu/EHT2/IHARM_inc+5/SANE_a-0.94_288x128x128_IHARM/m_1_1_160/image_a-0.94_1494_22_0_230.e9_6.2e9_1.64177e+29_160.dat
        50       0.548918        3.71424        -49.888        8.15905        13.2099        10.8325       -1357.13     /gpfs/hpu/EHT2/IHARM_inc+5/SANE_a-0.94_288x128x128_IHARM/m_1_1_160/image_a-0.94_1500_22_0_230.e9_6.2e9_1.64177e+29_160.dat
        51        0.53062        3.85028       -72.5919        14.7386        17.0758        15.8053       -2035.65     /gpfs/hpu/EHT2/IHARM_inc+5/SANE_a-0.94_288x128x128_IHARM/m_1_1_160/image_a-0.94_1506_22_0_230.e9_6.2e9_1.64177e+29_160.dat
        52       0.801561        4.00968       -93.9264        6.44848        25.9305        17.1492       -2076.31     /gpfs/hpu/EHT2/IHARM_inc+5/SANE_a-0.94_288x128x128_IHARM/m_1_1_160/image_a-0.94_1512_22_0_230.e9_6.2e9_1.64177e+29_160.dat
        53       0.650169         3.7136       -51.2359        6.44898        26.9882        17.7358       -2119.58     /gpfs/hpu/EHT2/IHARM_inc+5/SANE_a-0.94_288x128x128_IHARM/m_1_1_160/image_a-0.94_1518_22_0_230.e9_6.2e9_1.64177e+29_160.dat
        54       0.629179        3.91978       -89.1126        5.15423        13.4114         9.6519       -1284.78     /gpfs/hpu/EHT2/IHARM_inc+5/SANE_a-0.94_288x128x128_IHARM/m_1_1_160/image_a-0.94_1524_22_0_230.e9_6.2e9_1.64177e+29_160.dat
        55       0.958352        4.18285       -83.9213         7.3028        7.21711        7.14178       -1085.11     /gpfs/hpu/EHT2/IHARM_inc+5/SANE_a-0.94_288x128x128_IHARM/m_1_1_160/image_a-0.94_1530_22_0_230.e9_6.2e9_1.64177e+29_160.dat
        56       0.544597        3.38092       -67.9468         13.159        12.2675        12.4602       -1558.68     /gpfs/hpu/EHT2/IHARM_inc+5/SANE_a-0.94_288x128x128_IHARM/m_1_1_160/image_a-0.94_1536_22_0_230.e9_6.2e9_1.64177e+29_160.dat
        57       0.562946        3.42559       -32.7075        7.33979        20.4736        14.5071        -1829.6     /gpfs/hpu/EHT2/IHARM_inc+5/SANE_a-0.94_288x128x128_IHARM/m_1_1_160/image_a-0.94_1542_22_0_230.e9_6.2e9_1.64177e+29_160.dat
        58       0.599524        3.54581       -58.1271        5.89786        26.7745        17.3803       -2009.81     /gpfs/hpu/EHT2/IHARM_inc+5/SANE_a-0.94_288x128x128_IHARM/m_1_1_160/image_a-0.94_1548_22_0_230.e9_6.2e9_1.64177e+29_160.dat
        59       0.489682        3.58431       -34.7564        7.71725        18.0759        13.3402       -1636.28     /gpfs/hpu/EHT2/IHARM_inc+5/SANE_a-0.94_288x128x128_IHARM/m_1_1_160/image_a-0.94_1554_22_0_230.e9_6.2e9_1.64177e+29_160.dat
        60       0.954225        3.95982       -41.0508        14.8577        33.5986        25.0168       -2764.76     /gpfs/hpu/EHT2/IHARM_inc+5/SANE_a-0.94_288x128x128_IHARM/m_1_1_160/image_a-0.94_1560_22_0_230.e9_6.2e9_1.64177e+29_160.dat
        61       0.556259        3.80164       -123.155        11.5547         22.736        17.5741          -2108     /gpfs/hpu/EHT2/IHARM_inc+5/SANE_a-0.94_288x128x128_IHARM/m_1_1_160/image_a-0.94_1566_22_0_230.e9_6.2e9_1.64177e+29_160.dat
        62       0.553963        3.72257       -72.6671        11.4641        30.0827        21.6081       -2435.52     /gpfs/hpu/EHT2/IHARM_inc+5/SANE_a-0.94_288x128x128_IHARM/m_1_1_160/image_a-0.94_1572_22_0_230.e9_6.2e9_1.64177e+29_160.dat
        63       0.570282        3.66114       -89.3096        5.43525        13.4045        9.76897       -1294.92     /gpfs/hpu/EHT2/IHARM_inc+5/SANE_a-0.94_288x128x128_IHARM/m_1_1_160/image_a-0.94_1578_22_0_230.e9_6.2e9_1.64177e+29_160.dat
        64       0.517801        3.88716       -126.079        16.4961        12.2299        13.8745        -1666.9     /gpfs/hpu/EHT2/IHARM_inc+5/SANE_a-0.94_288x128x128_IHARM/m_1_1_160/image_a-0.94_1584_22_0_230.e9_6.2e9_1.64177e+29_160.dat
        65       0.507767        3.95389        -117.59        2.38504        8.09372        5.51289       -820.972     /gpfs/hpu/EHT2/IHARM_inc+5/SANE_a-0.94_288x128x128_IHARM/m_1_1_160/image_a-0.94_1590_22_0_230.e9_6.2e9_1.64177e+29_160.dat
        66       0.550738        3.84009       -78.3746         13.258        9.78184        11.1247       -1407.58     /gpfs/hpu/EHT2/IHARM_inc+5/SANE_a-0.94_288x128x128_IHARM/m_1_1_160/image_a-0.94_1596_22_0_230.e9_6.2e9_1.64177e+29_160.dat
        67        0.54211        3.35692       -12.2322        5.53225        25.0118        16.2458       -1942.25     /gpfs/hpu/EHT2/IHARM_inc+5/SANE_a-0.94_288x128x128_IHARM/m_1_1_160/image_a-0.94_1602_22_0_230.e9_6.2e9_1.64177e+29_160.dat
        68       0.729167        4.13419       -108.076        21.1057         26.552        23.7971       -2636.87     /gpfs/hpu/EHT2/IHARM_inc+5/SANE_a-0.94_288x128x128_IHARM/m_1_1_160/image_a-0.94_1608_22_0_230.e9_6.2e9_1.64177e+29_160.dat
        69       0.662137        4.18393       -126.063        3.13543         10.407         7.1181       -998.821     /gpfs/hpu/EHT2/IHARM_inc+5/SANE_a-0.94_288x128x128_IHARM/m_1_1_160/image_a-0.94_1614_22_0_230.e9_6.2e9_1.64177e+29_160.dat
        70       0.541831        3.78771       -99.7498        6.31066        14.8813        10.9641       -1347.76     /gpfs/hpu/EHT2/IHARM_inc+5/SANE_a-0.94_288x128x128_IHARM/m_1_1_160/image_a-0.94_1620_22_0_230.e9_6.2e9_1.64177e+29_160.dat
        71       0.518887        3.83881       -84.6931        4.46945        16.6086          11.13       -1374.13     /gpfs/hpu/EHT2/IHARM_inc+5/SANE_a-0.94_288x128x128_IHARM/m_1_1_160/image_a-0.94_1626_22_0_230.e9_6.2e9_1.64177e+29_160.dat
        72       0.461269        3.41713       -51.7815        4.25872        21.7417        13.8851       -1664.54     /gpfs/hpu/EHT2/IHARM_inc+5/SANE_a-0.94_288x128x128_IHARM/m_1_1_160/image_a-0.94_1632_22_0_230.e9_6.2e9_1.64177e+29_160.dat
        73       0.645399        4.07519       -134.022          7.565        13.5831        10.7839       -1435.11     /gpfs/hpu/EHT2/IHARM_inc+5/SANE_a-0.94_288x128x128_IHARM/m_1_1_160/image_a-0.94_1638_22_0_230.e9_6.2e9_1.64177e+29_160.dat
        74       0.428141        3.59276       -15.5468        16.6787         28.202         22.808       -2582.05     /gpfs/hpu/EHT2/IHARM_inc+5/SANE_a-0.94_288x128x128_IHARM/m_1_1_160/image_a-0.94_1644_22_0_230.e9_6.2e9_1.64177e+29_160.dat
        75       0.560043        3.97645        2.71965        13.4215        27.0353        20.7604       -2348.59     /gpfs/hpu/EHT2/IHARM_inc+5/SANE_a-0.94_288x128x128_IHARM/m_1_1_160/image_a-0.94_1650_22_0_230.e9_6.2e9_1.64177e+29_160.dat
        76       0.737891        3.88019       -77.0785        9.20315         13.298        11.3303       -1442.58     /gpfs/hpu/EHT2/IHARM_inc+5/SANE_a-0.94_288x128x128_IHARM/m_1_1_160/image_a-0.94_1656_22_0_230.e9_6.2e9_1.64177e+29_160.dat
        77        0.70823        3.86259       -28.0314        6.17321        10.8159        8.65116       -1175.83     /gpfs/hpu/EHT2/IHARM_inc+5/SANE_a-0.94_288x128x128_IHARM/m_1_1_160/image_a-0.94_1662_22_0_230.e9_6.2e9_1.64177e+29_160.dat
        78       0.618134        3.77678       -53.4486        6.62192        12.0765        9.54304       -1252.62     /gpfs/hpu/EHT2/IHARM_inc+5/SANE_a-0.94_288x128x128_IHARM/m_1_1_160/image_a-0.94_1668_22_0_230.e9_6.2e9_1.64177e+29_160.dat
        79        1.18543         6.5287       -61.3716        65.7004        52.7042         57.474       -6057.63     /gpfs/hpu/EHT2/IHARM_inc+5/SANE_a-0.94_288x128x128_IHARM/m_1_1_160/image_a-0.94_1674_22_0_230.e9_6.2e9_1.64177e+29_160.dat
        80       0.641606        4.00948       -49.8087        6.65052        8.29051        7.45636       -1047.32     /gpfs/hpu/EHT2/IHARM_inc+5/SANE_a-0.94_288x128x128_IHARM/m_1_1_160/image_a-0.94_1680_22_0_230.e9_6.2e9_1.64177e+29_160.dat
        81       0.467109        4.15966       -16.3696         5.3405         18.686        12.6563       -1510.09     /gpfs/hpu/EHT2/IHARM_inc+5/SANE_a-0.94_288x128x128_IHARM/m_1_1_160/image_a-0.94_1686_22_0_230.e9_6.2e9_1.64177e+29_160.dat
        82       0.636947        4.06916        35.0935        15.1893        28.1367        22.1313       -2487.74     /gpfs/hpu/EHT2/IHARM_inc+5/SANE_a-0.94_288x128x128_IHARM/m_1_1_160/image_a-0.94_1692_22_0_230.e9_6.2e9_1.64177e+29_160.dat
        83       0.738288        3.98227        224.598        17.9476        45.9128        33.1727       -3616.23     /gpfs/hpu/EHT2/IHARM_inc+5/SANE_a-0.94_288x128x128_IHARM/m_1_1_160/image_a-0.94_1698_22_0_230.e9_6.2e9_1.64177e+29_160.dat
        84       0.750209        4.19682        240.296        2.92844        12.0071        7.91617       -1126.38     /gpfs/hpu/EHT2/IHARM_inc+5/SANE_a-0.94_288x128x128_IHARM/m_1_1_160/image_a-0.94_1704_22_0_230.e9_6.2e9_1.64177e+29_160.dat
        85       0.993492        4.38595        255.282         5.8106        14.4784        10.5257       -1418.67     /gpfs/hpu/EHT2/IHARM_inc+5/SANE_a-0.94_288x128x128_IHARM/m_1_1_160/image_a-0.94_1710_22_0_230.e9_6.2e9_1.64177e+29_160.dat
        86       0.520982        3.83313        293.426        7.44467        12.3667        10.0578       -1268.06     /gpfs/hpu/EHT2/IHARM_inc+5/SANE_a-0.94_288x128x128_IHARM/m_1_1_160/image_a-0.94_1716_22_0_230.e9_6.2e9_1.64177e+29_160.dat
        87       0.524485        3.52472        308.448        4.27614        14.7294         10.005       -1334.11     /gpfs/hpu/EHT2/IHARM_inc+5/SANE_a-0.94_288x128x128_IHARM/m_1_1_160/image_a-0.94_1722_22_0_230.e9_6.2e9_1.64177e+29_160.dat
        88        1.07967        4.50357        289.697         9.2101        23.1528        16.7968       -2235.81     /gpfs/hpu/EHT2/IHARM_inc+5/SANE_a-0.94_288x128x128_IHARM/m_1_1_160/image_a-0.94_1728_22_0_230.e9_6.2e9_1.64177e+29_160.dat
        89       0.679618        3.99912        325.409         5.6527        10.8307        8.43556       -1159.05     /gpfs/hpu/EHT2/IHARM_inc+5/SANE_a-0.94_288x128x128_IHARM/m_1_1_160/image_a-0.94_1734_22_0_230.e9_6.2e9_1.64177e+29_160.dat
        90       0.489118        3.77858        269.482        10.6948        21.5157        16.5277       -1914.39     /gpfs/hpu/EHT2/IHARM_inc+5/SANE_a-0.94_288x128x128_IHARM/m_1_1_160/image_a-0.94_1740_22_0_230.e9_6.2e9_1.64177e+29_160.dat
        91       0.440862        3.77565        329.316        7.34659        16.7983        12.4725       -1521.98     /gpfs/hpu/EHT2/IHARM_inc+5/SANE_a-0.94_288x128x128_IHARM/m_1_1_160/image_a-0.94_1746_22_0_230.e9_6.2e9_1.64177e+29_160.dat
        92        0.64589        3.54578        312.106        5.14679        14.4996         10.252       -1334.37     /gpfs/hpu/EHT2/IHARM_inc+5/SANE_a-0.94_288x128x128_IHARM/m_1_1_160/image_a-0.94_1752_22_0_230.e9_6.2e9_1.64177e+29_160.dat
        93       0.716907        3.64672        263.196        10.3627        25.0995        18.3717       -2133.35     /gpfs/hpu/EHT2/IHARM_inc+5/SANE_a-0.94_288x128x128_IHARM/m_1_1_160/image_a-0.94_1758_22_0_230.e9_6.2e9_1.64177e+29_160.dat
        94       0.485491        3.49678        290.053        17.4227        24.7897        21.2362       -2438.52     /gpfs/hpu/EHT2/IHARM_inc+5/SANE_a-0.94_288x128x128_IHARM/m_1_1_160/image_a-0.94_1764_22_0_230.e9_6.2e9_1.64177e+29_160.dat
        95       0.445995        3.52702         312.11        11.4659         25.067        18.8282       -2127.49     /gpfs/hpu/EHT2/IHARM_inc+5/SANE_a-0.94_288x128x128_IHARM/m_1_1_160/image_a-0.94_1770_22_0_230.e9_6.2e9_1.64177e+29_160.dat
        96        0.63317        3.97555        232.273        7.60757        17.6194        13.0399       -1573.43     /gpfs/hpu/EHT2/IHARM_inc+5/SANE_a-0.94_288x128x128_IHARM/m_1_1_160/image_a-0.94_1776_22_0_230.e9_6.2e9_1.64177e+29_160.dat
        97       0.585362        3.91838        266.155        10.1933        14.9276        12.6595       -1515.26     /gpfs/hpu/EHT2/IHARM_inc+5/SANE_a-0.94_288x128x128_IHARM/m_1_1_160/image_a-0.94_1782_22_0_230.e9_6.2e9_1.64177e+29_160.dat
        98       0.786154        3.62533        254.467        10.2975        13.6614        12.0024        -1574.7     /gpfs/hpu/EHT2/IHARM_inc+5/SANE_a-0.94_288x128x128_IHARM/m_1_1_160/image_a-0.94_1788_22_0_230.e9_6.2e9_1.64177e+29_160.dat
        99        1.20273         3.5844        325.404        20.3203        37.4635        29.5087       -3392.34     /gpfs/hpu/EHT2/IHARM_inc+5/SANE_a-0.94_288x128x128_IHARM/m_1_1_160/image_a-0.94_1794_22_0_230.e9_6.2e9_1.64177e+29_160.dat
