   # Index         I (Jy)      M/D (uas)       PA (deg)  VA red. chisq  CP red. chisq     red. chisq     log-liklhd     FileName
         0        1.56949        5.01477       -35.9332        30.2678        33.4216        31.6622       -4497.47     /gpfs/hpu/EHT2/IHARM/MAD/MAD_a-0.94_384x192x192_IHARM/m_1_1_40/image_a-0.94_0000_17_0_230.e9_6.2e9_2.37889e+25_40.dat
         1       0.762501        3.85507       -32.0283        50.4481        30.3607        38.6125       -5232.01     /gpfs/hpu/EHT2/IHARM/MAD/MAD_a-0.94_384x192x192_IHARM/m_1_1_40/image_a-0.94_0001_17_0_230.e9_6.2e9_2.37889e+25_40.dat
         2        1.06823        3.56998        9.03259        6.76066        15.2347         11.413       -2002.21     /gpfs/hpu/EHT2/IHARM/MAD/MAD_a-0.94_384x192x192_IHARM/m_1_1_40/image_a-0.94_0002_17_0_230.e9_6.2e9_2.37889e+25_40.dat
         3        3.88323        9.08535        56.1033        31.6442        51.5917        42.4046       -6508.91     /gpfs/hpu/EHT2/IHARM/MAD/MAD_a-0.94_384x192x192_IHARM/m_1_1_40/image_a-0.94_0003_17_0_230.e9_6.2e9_2.37889e+25_40.dat
         4       0.721557        4.41843        -345.17        9.52503        17.8766        14.0754        -2166.2     /gpfs/hpu/EHT2/IHARM/MAD/MAD_a-0.94_384x192x192_IHARM/m_1_1_40/image_a-0.94_0004_17_0_230.e9_6.2e9_2.37889e+25_40.dat
         5       0.907224        4.20464       -359.998        5.34939        20.9802        14.0174       -3495.72     /gpfs/hpu/EHT2/IHARM/MAD/MAD_a-0.94_384x192x192_IHARM/m_1_1_40/image_a-0.94_0005_17_0_230.e9_6.2e9_2.37889e+25_40.dat
         6       0.849478        3.72419       -313.013        6.53029         23.328        15.8359       -2520.54     /gpfs/hpu/EHT2/IHARM/MAD/MAD_a-0.94_384x192x192_IHARM/m_1_1_40/image_a-0.94_0006_17_0_230.e9_6.2e9_2.37889e+25_40.dat
         7        1.00811        3.93705       -311.476        23.9733        220.991        133.757       -17918.1     /gpfs/hpu/EHT2/IHARM/MAD/MAD_a-0.94_384x192x192_IHARM/m_1_1_40/image_a-0.94_0007_17_0_230.e9_6.2e9_2.37889e+25_40.dat
         8       0.615727         3.5311       -136.989        10.1334         10.795        10.3799       -1659.47     /gpfs/hpu/EHT2/IHARM/MAD/MAD_a-0.94_384x192x192_IHARM/m_1_1_40/image_a-0.94_0008_17_0_230.e9_6.2e9_2.37889e+25_40.dat
         9       0.492713        3.61928       -137.763        5.00679        9.95931        7.71297       -1319.89     /gpfs/hpu/EHT2/IHARM/MAD/MAD_a-0.94_384x192x192_IHARM/m_1_1_40/image_a-0.94_0009_17_0_230.e9_6.2e9_2.37889e+25_40.dat
        10       0.794103        3.73835       -157.396        16.3179        17.8968        17.0019       -2577.29     /gpfs/hpu/EHT2/IHARM/MAD/MAD_a-0.94_384x192x192_IHARM/m_1_1_40/image_a-0.94_0010_17_0_230.e9_6.2e9_2.37889e+25_40.dat
        11        1.13432        4.56256       -153.785        10.2425        49.6562        32.1387        -4468.5     /gpfs/hpu/EHT2/IHARM/MAD/MAD_a-0.94_384x192x192_IHARM/m_1_1_40/image_a-0.94_0011_17_0_230.e9_6.2e9_2.37889e+25_40.dat
        12       0.814453        3.59498       -89.0681          10.91        21.6992        16.8055       -2718.99     /gpfs/hpu/EHT2/IHARM/MAD/MAD_a-0.94_384x192x192_IHARM/m_1_1_40/image_a-0.94_0012_17_0_230.e9_6.2e9_2.37889e+25_40.dat
        13       0.788481        4.11109       -28.8317        5.03514        11.3976        8.52871        -1606.5     /gpfs/hpu/EHT2/IHARM/MAD/MAD_a-0.94_384x192x192_IHARM/m_1_1_40/image_a-0.94_0013_17_0_230.e9_6.2e9_2.37889e+25_40.dat
        14       0.734347        3.78665       -98.1672        2.18069        6.39675        4.50973       -1029.55     /gpfs/hpu/EHT2/IHARM/MAD/MAD_a-0.94_384x192x192_IHARM/m_1_1_40/image_a-0.94_0014_17_0_230.e9_6.2e9_2.37889e+25_40.dat
        15       0.617746        3.97667       -88.5278        5.83774         18.004        12.5642       -1973.72     /gpfs/hpu/EHT2/IHARM/MAD/MAD_a-0.94_384x192x192_IHARM/m_1_1_40/image_a-0.94_0015_17_0_230.e9_6.2e9_2.37889e+25_40.dat
        16       0.599985        4.08564       -90.8519        5.92726        22.1384        14.9125       -2274.45     /gpfs/hpu/EHT2/IHARM/MAD/MAD_a-0.94_384x192x192_IHARM/m_1_1_40/image_a-0.94_0016_17_0_230.e9_6.2e9_2.37889e+25_40.dat
        17        1.03197         4.2188       -26.6597        10.1916        7.20608        8.39979        -1478.2     /gpfs/hpu/EHT2/IHARM/MAD/MAD_a-0.94_384x192x192_IHARM/m_1_1_40/image_a-0.94_0017_17_0_230.e9_6.2e9_2.37889e+25_40.dat
        18       0.826323        3.44969       -42.7209        32.5195        12.2808        20.8171       -3037.55     /gpfs/hpu/EHT2/IHARM/MAD/MAD_a-0.94_384x192x192_IHARM/m_1_1_40/image_a-0.94_0018_17_0_230.e9_6.2e9_2.37889e+25_40.dat
        19       0.558954         4.0711       -25.5933        12.3369        10.7844        11.3197       -1789.73     /gpfs/hpu/EHT2/IHARM/MAD/MAD_a-0.94_384x192x192_IHARM/m_1_1_40/image_a-0.94_0019_17_0_230.e9_6.2e9_2.37889e+25_40.dat
        20       0.578732        3.97731       -20.6111        7.94818        9.01445        8.44737       -1461.99     /gpfs/hpu/EHT2/IHARM/MAD/MAD_a-0.94_384x192x192_IHARM/m_1_1_40/image_a-0.94_0020_17_0_230.e9_6.2e9_2.37889e+25_40.dat
        21       0.839463        3.53128       -249.246        15.1605        60.2814        40.1856       -5841.92     /gpfs/hpu/EHT2/IHARM/MAD/MAD_a-0.94_384x192x192_IHARM/m_1_1_40/image_a-0.94_0021_17_0_230.e9_6.2e9_2.37889e+25_40.dat
        22       0.729589        4.24646       -100.928         5.6612        22.7858          15.16       -2296.27     /gpfs/hpu/EHT2/IHARM/MAD/MAD_a-0.94_384x192x192_IHARM/m_1_1_40/image_a-0.94_0022_17_0_230.e9_6.2e9_2.37889e+25_40.dat
        23       0.760174        4.41027       -68.7551        6.20231        15.8657        11.5259       -1831.51     /gpfs/hpu/EHT2/IHARM/MAD/MAD_a-0.94_384x192x192_IHARM/m_1_1_40/image_a-0.94_0023_17_0_230.e9_6.2e9_2.37889e+25_40.dat
        24        0.67355        4.01806       -57.1516        4.87058        10.5366        7.97705       -1435.25     /gpfs/hpu/EHT2/IHARM/MAD/MAD_a-0.94_384x192x192_IHARM/m_1_1_40/image_a-0.94_0024_17_0_230.e9_6.2e9_2.37889e+25_40.dat
        25       0.648381        3.63125       -86.6234        5.02414        6.58904        5.83744       -1156.52     /gpfs/hpu/EHT2/IHARM/MAD/MAD_a-0.94_384x192x192_IHARM/m_1_1_40/image_a-0.94_0025_17_0_230.e9_6.2e9_2.37889e+25_40.dat
        26       0.823248        3.37961       -56.7151         15.915        16.3521        15.9659       -2503.34     /gpfs/hpu/EHT2/IHARM/MAD/MAD_a-0.94_384x192x192_IHARM/m_1_1_40/image_a-0.94_0026_17_0_230.e9_6.2e9_2.37889e+25_40.dat
        27       0.736352        3.40472       -41.6655        4.29205        5.03592        4.65552       -1063.37     /gpfs/hpu/EHT2/IHARM/MAD/MAD_a-0.94_384x192x192_IHARM/m_1_1_40/image_a-0.94_0027_17_0_230.e9_6.2e9_2.37889e+25_40.dat
        28        1.03862        3.61169       -40.9341        6.66213        9.99158        8.44139       -1649.94     /gpfs/hpu/EHT2/IHARM/MAD/MAD_a-0.94_384x192x192_IHARM/m_1_1_40/image_a-0.94_0028_17_0_230.e9_6.2e9_2.37889e+25_40.dat
        29       0.726388        3.73399       -53.6045        12.2379        20.6184        16.7715       -2468.69     /gpfs/hpu/EHT2/IHARM/MAD/MAD_a-0.94_384x192x192_IHARM/m_1_1_40/image_a-0.94_0029_17_0_230.e9_6.2e9_2.37889e+25_40.dat
        30        1.27143        3.87152       -39.0482        4.44624        16.1311        10.9206        -1957.4     /gpfs/hpu/EHT2/IHARM/MAD/MAD_a-0.94_384x192x192_IHARM/m_1_1_40/image_a-0.94_0030_17_0_230.e9_6.2e9_2.37889e+25_40.dat
        31       0.598953        4.05632       -82.1181        3.11111        2.60403        2.79001       -727.737     /gpfs/hpu/EHT2/IHARM/MAD/MAD_a-0.94_384x192x192_IHARM/m_1_1_40/image_a-0.94_0031_17_0_230.e9_6.2e9_2.37889e+25_40.dat
        32       0.735411        4.07648       -68.2269        4.90136        8.14399        6.65351        -1238.1     /gpfs/hpu/EHT2/IHARM/MAD/MAD_a-0.94_384x192x192_IHARM/m_1_1_40/image_a-0.94_0032_17_0_230.e9_6.2e9_2.37889e+25_40.dat
        33       0.711516        3.57209       -55.7378        15.0556        5.02878         9.2707       -1580.27     /gpfs/hpu/EHT2/IHARM/MAD/MAD_a-0.94_384x192x192_IHARM/m_1_1_40/image_a-0.94_0033_17_0_230.e9_6.2e9_2.37889e+25_40.dat
        34       0.600529        3.49487       -39.3585        5.26656        14.1702        10.1771       -1695.51     /gpfs/hpu/EHT2/IHARM/MAD/MAD_a-0.94_384x192x192_IHARM/m_1_1_40/image_a-0.94_0034_17_0_230.e9_6.2e9_2.37889e+25_40.dat
        35       0.703678        3.57141       -14.7412        8.63129        8.67081        8.54854       -1512.19     /gpfs/hpu/EHT2/IHARM/MAD/MAD_a-0.94_384x192x192_IHARM/m_1_1_40/image_a-0.94_0035_17_0_230.e9_6.2e9_2.37889e+25_40.dat
        36       0.716159        3.51681       -97.6093        31.7868        78.0049         57.223       -7688.03     /gpfs/hpu/EHT2/IHARM/MAD/MAD_a-0.94_384x192x192_IHARM/m_1_1_40/image_a-0.94_0036_17_0_230.e9_6.2e9_2.37889e+25_40.dat
        37       0.809548        3.77508       -87.0366        6.05206        19.5649        13.5283       -2187.38     /gpfs/hpu/EHT2/IHARM/MAD/MAD_a-0.94_384x192x192_IHARM/m_1_1_40/image_a-0.94_0037_17_0_230.e9_6.2e9_2.37889e+25_40.dat
        38       0.723314        3.42714         45.663        14.0295        12.9837        13.2748       -2127.23     /gpfs/hpu/EHT2/IHARM/MAD/MAD_a-0.94_384x192x192_IHARM/m_1_1_40/image_a-0.94_0038_17_0_230.e9_6.2e9_2.37889e+25_40.dat
        39       0.747743        4.46491       -64.1419        7.51672        44.4305        28.0493       -3876.77     /gpfs/hpu/EHT2/IHARM/MAD/MAD_a-0.94_384x192x192_IHARM/m_1_1_40/image_a-0.94_0039_17_0_230.e9_6.2e9_2.37889e+25_40.dat
        40        1.34663        4.70755       -19.9395        35.3472        24.6972        28.9677       -4143.38     /gpfs/hpu/EHT2/IHARM/MAD/MAD_a-0.94_384x192x192_IHARM/m_1_1_40/image_a-0.94_0040_17_0_230.e9_6.2e9_2.37889e+25_40.dat
        41       0.620385        4.04289        -43.871        5.06252        8.93031        7.16198       -1286.71     /gpfs/hpu/EHT2/IHARM/MAD/MAD_a-0.94_384x192x192_IHARM/m_1_1_40/image_a-0.94_0041_17_0_230.e9_6.2e9_2.37889e+25_40.dat
        42         1.2491        4.37073       -39.0463        15.1362        10.6815        12.4635       -1995.11     /gpfs/hpu/EHT2/IHARM/MAD/MAD_a-0.94_384x192x192_IHARM/m_1_1_40/image_a-0.94_0042_17_0_230.e9_6.2e9_2.37889e+25_40.dat
        43       0.747558        3.77511       -29.4112        8.69974        5.89003        7.02428       -1292.36     /gpfs/hpu/EHT2/IHARM/MAD/MAD_a-0.94_384x192x192_IHARM/m_1_1_40/image_a-0.94_0043_17_0_230.e9_6.2e9_2.37889e+25_40.dat
        44       0.895189        3.37323        -83.888        9.25098        20.2711        15.2956       -2514.42     /gpfs/hpu/EHT2/IHARM/MAD/MAD_a-0.94_384x192x192_IHARM/m_1_1_40/image_a-0.94_0044_17_0_230.e9_6.2e9_2.37889e+25_40.dat
        45       0.592286        3.49377        19.4009        22.5092        21.0573        21.4246       -3094.46     /gpfs/hpu/EHT2/IHARM/MAD/MAD_a-0.94_384x192x192_IHARM/m_1_1_40/image_a-0.94_0045_17_0_230.e9_6.2e9_2.37889e+25_40.dat
        46       0.780479        3.19089       -50.2557        6.22517         24.102        16.1374       -3069.67     /gpfs/hpu/EHT2/IHARM/MAD/MAD_a-0.94_384x192x192_IHARM/m_1_1_40/image_a-0.94_0046_17_0_230.e9_6.2e9_2.37889e+25_40.dat
        47        2.22621          6.135       -133.777        21.5872        100.354        65.3322       -8852.85     /gpfs/hpu/EHT2/IHARM/MAD/MAD_a-0.94_384x192x192_IHARM/m_1_1_40/image_a-0.94_0047_17_0_230.e9_6.2e9_2.37889e+25_40.dat
        48       0.984811        4.50312       -6.80623        8.49238        31.6564        21.3311       -3422.77     /gpfs/hpu/EHT2/IHARM/MAD/MAD_a-0.94_384x192x192_IHARM/m_1_1_40/image_a-0.94_0048_17_0_230.e9_6.2e9_2.37889e+25_40.dat
        49        1.84559        5.48375       -79.6938        31.4755        30.0214        30.2808       -4422.32     /gpfs/hpu/EHT2/IHARM/MAD/MAD_a-0.94_384x192x192_IHARM/m_1_1_40/image_a-0.94_0049_17_0_230.e9_6.2e9_2.37889e+25_40.dat
        50       0.906661        4.10124       -2.42245        12.3543        15.5832        14.0082       -2228.68     /gpfs/hpu/EHT2/IHARM/MAD/MAD_a-0.94_384x192x192_IHARM/m_1_1_40/image_a-0.94_0050_17_0_230.e9_6.2e9_2.37889e+25_40.dat
        51       0.521443        4.08996       -4.62337        6.37481        11.2013        8.99397       -1508.71     /gpfs/hpu/EHT2/IHARM/MAD/MAD_a-0.94_384x192x192_IHARM/m_1_1_40/image_a-0.94_0051_17_0_230.e9_6.2e9_2.37889e+25_40.dat
        52        1.00481        3.84555       -69.3074        13.6188        7.93645        10.2786       -1760.22     /gpfs/hpu/EHT2/IHARM/MAD/MAD_a-0.94_384x192x192_IHARM/m_1_1_40/image_a-0.94_0052_17_0_230.e9_6.2e9_2.37889e+25_40.dat
        53       0.739381        3.76849       -56.4667        6.74794          6.208        6.36432       -1239.55     /gpfs/hpu/EHT2/IHARM/MAD/MAD_a-0.94_384x192x192_IHARM/m_1_1_40/image_a-0.94_0053_17_0_230.e9_6.2e9_2.37889e+25_40.dat
        54       0.459944         3.8744       -22.0132        6.90437        8.13405        7.50754       -1314.69     /gpfs/hpu/EHT2/IHARM/MAD/MAD_a-0.94_384x192x192_IHARM/m_1_1_40/image_a-0.94_0054_17_0_230.e9_6.2e9_2.37889e+25_40.dat
        55       0.921292        3.90277       -75.5392         6.0739        7.38722        6.73389       -1383.75     /gpfs/hpu/EHT2/IHARM/MAD/MAD_a-0.94_384x192x192_IHARM/m_1_1_40/image_a-0.94_0055_17_0_230.e9_6.2e9_2.37889e+25_40.dat
        56       0.624368        3.91419       -54.3881        4.84493        11.9947        8.78071       -1563.26     /gpfs/hpu/EHT2/IHARM/MAD/MAD_a-0.94_384x192x192_IHARM/m_1_1_40/image_a-0.94_0056_17_0_230.e9_6.2e9_2.37889e+25_40.dat
        57       0.589806         4.2428        -123.32        4.23479        11.7221        8.36656       -1401.91     /gpfs/hpu/EHT2/IHARM/MAD/MAD_a-0.94_384x192x192_IHARM/m_1_1_40/image_a-0.94_0057_17_0_230.e9_6.2e9_2.37889e+25_40.dat
        58        0.64822        3.65425       -71.6893        3.01932        5.49784         4.3674       -999.153     /gpfs/hpu/EHT2/IHARM/MAD/MAD_a-0.94_384x192x192_IHARM/m_1_1_40/image_a-0.94_0058_17_0_230.e9_6.2e9_2.37889e+25_40.dat
        59       0.951014        3.79362       -49.4074        10.1918        11.8163        10.9756       -1870.52     /gpfs/hpu/EHT2/IHARM/MAD/MAD_a-0.94_384x192x192_IHARM/m_1_1_40/image_a-0.94_0059_17_0_230.e9_6.2e9_2.37889e+25_40.dat
        60       0.728317        3.97046       -36.9788        4.54155        17.8684        11.9321       -1966.99     /gpfs/hpu/EHT2/IHARM/MAD/MAD_a-0.94_384x192x192_IHARM/m_1_1_40/image_a-0.94_0060_17_0_230.e9_6.2e9_2.37889e+25_40.dat
        61       0.725509        3.46203       -27.8078        14.0337        19.3476        16.8322       -2603.59     /gpfs/hpu/EHT2/IHARM/MAD/MAD_a-0.94_384x192x192_IHARM/m_1_1_40/image_a-0.94_0061_17_0_230.e9_6.2e9_2.37889e+25_40.dat
        62       0.857857        5.15292        -66.578        10.1812        13.6289        11.9838        -1920.7     /gpfs/hpu/EHT2/IHARM/MAD/MAD_a-0.94_384x192x192_IHARM/m_1_1_40/image_a-0.94_0062_17_0_230.e9_6.2e9_2.37889e+25_40.dat
        63       0.656381        4.19946       -72.7993        7.80481        15.3364         11.918       -1889.26     /gpfs/hpu/EHT2/IHARM/MAD/MAD_a-0.94_384x192x192_IHARM/m_1_1_40/image_a-0.94_0063_17_0_230.e9_6.2e9_2.37889e+25_40.dat
        64       0.484369        3.90701       0.729246         11.163        11.7306        11.3445       -1828.84     /gpfs/hpu/EHT2/IHARM/MAD/MAD_a-0.94_384x192x192_IHARM/m_1_1_40/image_a-0.94_0064_17_0_230.e9_6.2e9_2.37889e+25_40.dat
        65       0.873246        3.60119       -33.8474        14.8183        18.8817        16.9086       -2631.79     /gpfs/hpu/EHT2/IHARM/MAD/MAD_a-0.94_384x192x192_IHARM/m_1_1_40/image_a-0.94_0065_17_0_230.e9_6.2e9_2.37889e+25_40.dat
        66       0.939407        3.79769       -81.8188        14.4169        21.1351        17.9953       -2727.72     /gpfs/hpu/EHT2/IHARM/MAD/MAD_a-0.94_384x192x192_IHARM/m_1_1_40/image_a-0.94_0066_17_0_230.e9_6.2e9_2.37889e+25_40.dat
        67        1.16287        3.26504        5.11239        14.6178        16.7847        15.6509       -2579.05     /gpfs/hpu/EHT2/IHARM/MAD/MAD_a-0.94_384x192x192_IHARM/m_1_1_40/image_a-0.94_0067_17_0_230.e9_6.2e9_2.37889e+25_40.dat
        68        1.25705         4.1182       -17.0342        7.96245        14.5454        11.5437        -2057.9     /gpfs/hpu/EHT2/IHARM/MAD/MAD_a-0.94_384x192x192_IHARM/m_1_1_40/image_a-0.94_0068_17_0_230.e9_6.2e9_2.37889e+25_40.dat
        69       0.542472        3.87862       -63.2838        12.4583        9.28966        10.5366       -1702.42     /gpfs/hpu/EHT2/IHARM/MAD/MAD_a-0.94_384x192x192_IHARM/m_1_1_40/image_a-0.94_0069_17_0_230.e9_6.2e9_2.37889e+25_40.dat
        70       0.585823        4.19468       -4.31761        15.2833        17.8636        16.5393       -2484.44     /gpfs/hpu/EHT2/IHARM/MAD/MAD_a-0.94_384x192x192_IHARM/m_1_1_40/image_a-0.94_0070_17_0_230.e9_6.2e9_2.37889e+25_40.dat
        71       0.580036        3.74656        7.02127         8.8514        16.2675        12.8873       -2078.78     /gpfs/hpu/EHT2/IHARM/MAD/MAD_a-0.94_384x192x192_IHARM/m_1_1_40/image_a-0.94_0071_17_0_230.e9_6.2e9_2.37889e+25_40.dat
        72       0.813037        4.18952       -117.726        18.4763        41.2142        30.9557       -4607.65     /gpfs/hpu/EHT2/IHARM/MAD/MAD_a-0.94_384x192x192_IHARM/m_1_1_40/image_a-0.94_0072_17_0_230.e9_6.2e9_2.37889e+25_40.dat
        73       0.535297        3.86277       -103.972        7.62191        13.6081        10.8739       -1737.42     /gpfs/hpu/EHT2/IHARM/MAD/MAD_a-0.94_384x192x192_IHARM/m_1_1_40/image_a-0.94_0073_17_0_230.e9_6.2e9_2.37889e+25_40.dat
        74       0.497895        3.96762        -101.41        4.53665        11.0887         8.1422       -1392.93     /gpfs/hpu/EHT2/IHARM/MAD/MAD_a-0.94_384x192x192_IHARM/m_1_1_40/image_a-0.94_0074_17_0_230.e9_6.2e9_2.37889e+25_40.dat
        75       0.602382        4.07903       -90.3303        7.62046        21.1483        15.0859       -2331.83     /gpfs/hpu/EHT2/IHARM/MAD/MAD_a-0.94_384x192x192_IHARM/m_1_1_40/image_a-0.94_0075_17_0_230.e9_6.2e9_2.37889e+25_40.dat
        76       0.661353        4.10167       -114.315        7.66394        8.04394        7.78316       -1358.41     /gpfs/hpu/EHT2/IHARM/MAD/MAD_a-0.94_384x192x192_IHARM/m_1_1_40/image_a-0.94_0076_17_0_230.e9_6.2e9_2.37889e+25_40.dat
        77       0.665194        3.99893       -92.9999        4.35511         8.3381        6.52753       -1209.03     /gpfs/hpu/EHT2/IHARM/MAD/MAD_a-0.94_384x192x192_IHARM/m_1_1_40/image_a-0.94_0077_17_0_230.e9_6.2e9_2.37889e+25_40.dat
        78       0.895097        4.49952       -10.5881        21.6513         16.837        18.6985       -2834.94     /gpfs/hpu/EHT2/IHARM/MAD/MAD_a-0.94_384x192x192_IHARM/m_1_1_40/image_a-0.94_0078_17_0_230.e9_6.2e9_2.37889e+25_40.dat
        79       0.836397         3.7307       -129.024         10.956        29.1118        20.9666        -3041.9     /gpfs/hpu/EHT2/IHARM/MAD/MAD_a-0.94_384x192x192_IHARM/m_1_1_40/image_a-0.94_0079_17_0_230.e9_6.2e9_2.37889e+25_40.dat
        80        1.03377        4.38879       -39.0327        4.00924        12.7891         8.8659       -1595.09     /gpfs/hpu/EHT2/IHARM/MAD/MAD_a-0.94_384x192x192_IHARM/m_1_1_40/image_a-0.94_0080_17_0_230.e9_6.2e9_2.37889e+25_40.dat
        81       0.458893        3.67571       -26.5001        12.9562         23.919        18.9238       -2724.72     /gpfs/hpu/EHT2/IHARM/MAD/MAD_a-0.94_384x192x192_IHARM/m_1_1_40/image_a-0.94_0081_17_0_230.e9_6.2e9_2.37889e+25_40.dat
        82       0.704555        3.80889       -66.6207        4.85064         18.423        12.3747       -1904.44     /gpfs/hpu/EHT2/IHARM/MAD/MAD_a-0.94_384x192x192_IHARM/m_1_1_40/image_a-0.94_0082_17_0_230.e9_6.2e9_2.37889e+25_40.dat
        83       0.736296        3.38574       -76.1878        7.39269        12.4725         10.141       -1764.81     /gpfs/hpu/EHT2/IHARM/MAD/MAD_a-0.94_384x192x192_IHARM/m_1_1_40/image_a-0.94_0083_17_0_230.e9_6.2e9_2.37889e+25_40.dat
        84       0.599774        2.88343       -78.3295        17.4189         18.356        17.7309       -2581.56     /gpfs/hpu/EHT2/IHARM/MAD/MAD_a-0.94_384x192x192_IHARM/m_1_1_40/image_a-0.94_0084_17_0_230.e9_6.2e9_2.37889e+25_40.dat
        85       0.639005        3.58872        -25.986        7.99896        13.6917        11.0823       -1827.67     /gpfs/hpu/EHT2/IHARM/MAD/MAD_a-0.94_384x192x192_IHARM/m_1_1_40/image_a-0.94_0085_17_0_230.e9_6.2e9_2.37889e+25_40.dat
        86       0.558599        3.52303        -29.228        9.88275        8.74034        9.12445       -1529.58     /gpfs/hpu/EHT2/IHARM/MAD/MAD_a-0.94_384x192x192_IHARM/m_1_1_40/image_a-0.94_0086_17_0_230.e9_6.2e9_2.37889e+25_40.dat
        87        0.85628        3.85517       -28.2066        3.19264        10.1589        7.04593       -1294.18     /gpfs/hpu/EHT2/IHARM/MAD/MAD_a-0.94_384x192x192_IHARM/m_1_1_40/image_a-0.94_0087_17_0_230.e9_6.2e9_2.37889e+25_40.dat
        88        1.16129        4.33604        11.4449        6.21612        23.0076        15.5221        -2469.5     /gpfs/hpu/EHT2/IHARM/MAD/MAD_a-0.94_384x192x192_IHARM/m_1_1_40/image_a-0.94_0088_17_0_230.e9_6.2e9_2.37889e+25_40.dat
        89       0.952545        4.05605        26.0958        8.12883        5.94747        6.81136       -1244.72     /gpfs/hpu/EHT2/IHARM/MAD/MAD_a-0.94_384x192x192_IHARM/m_1_1_40/image_a-0.94_0089_17_0_230.e9_6.2e9_2.37889e+25_40.dat
        90       0.855764        3.54032        15.9856        11.1688        5.64777        7.94852       -1416.77     /gpfs/hpu/EHT2/IHARM/MAD/MAD_a-0.94_384x192x192_IHARM/m_1_1_40/image_a-0.94_0090_17_0_230.e9_6.2e9_2.37889e+25_40.dat
        91       0.590996        3.38646       -39.6835        19.0407        20.7695        19.7753       -2842.53     /gpfs/hpu/EHT2/IHARM/MAD/MAD_a-0.94_384x192x192_IHARM/m_1_1_40/image_a-0.94_0091_17_0_230.e9_6.2e9_2.37889e+25_40.dat
        92       0.941621        3.74055        29.4449         26.132        62.8696          46.34       -6370.22     /gpfs/hpu/EHT2/IHARM/MAD/MAD_a-0.94_384x192x192_IHARM/m_1_1_40/image_a-0.94_0092_17_0_230.e9_6.2e9_2.37889e+25_40.dat
        93       0.796577        3.92729        327.477        3.24228        27.8764        16.9661       -2792.26     /gpfs/hpu/EHT2/IHARM/MAD/MAD_a-0.94_384x192x192_IHARM/m_1_1_40/image_a-0.94_0093_17_0_230.e9_6.2e9_2.37889e+25_40.dat
        94        1.05914        3.90642        235.596        18.4079        42.4395        31.6109       -4934.24     /gpfs/hpu/EHT2/IHARM/MAD/MAD_a-0.94_384x192x192_IHARM/m_1_1_40/image_a-0.94_0094_17_0_230.e9_6.2e9_2.37889e+25_40.dat
        95        1.07931        3.78916        275.999        4.20856        8.55759        6.58726       -1284.97     /gpfs/hpu/EHT2/IHARM/MAD/MAD_a-0.94_384x192x192_IHARM/m_1_1_40/image_a-0.94_0095_17_0_230.e9_6.2e9_2.37889e+25_40.dat
        96       0.885028        4.01366        248.283        5.75977        33.7152        21.3086       -3184.66     /gpfs/hpu/EHT2/IHARM/MAD/MAD_a-0.94_384x192x192_IHARM/m_1_1_40/image_a-0.94_0096_17_0_230.e9_6.2e9_2.37889e+25_40.dat
        97       0.836793         3.8321        317.674        3.06338        10.7026        7.29422       -1478.27     /gpfs/hpu/EHT2/IHARM/MAD/MAD_a-0.94_384x192x192_IHARM/m_1_1_40/image_a-0.94_0097_17_0_230.e9_6.2e9_2.37889e+25_40.dat
        98       0.880747         3.6439        312.695        4.69964        48.1379        28.9117       -4523.52     /gpfs/hpu/EHT2/IHARM/MAD/MAD_a-0.94_384x192x192_IHARM/m_1_1_40/image_a-0.94_0098_17_0_230.e9_6.2e9_2.37889e+25_40.dat
        99       0.855887        3.63478        339.814        13.0635        19.8061         16.672       -2632.51     /gpfs/hpu/EHT2/IHARM/MAD/MAD_a-0.94_384x192x192_IHARM/m_1_1_40/image_a-0.94_0099_17_0_230.e9_6.2e9_2.37889e+25_40.dat
