   # Index         I (Jy)      M/D (uas)       PA (deg)  VA red. chisq  CP red. chisq     red. chisq     log-liklhd     FileName
         0       0.443498        2.95147       -202.756        4.74495        7.19005        6.04813        -1208.7     /gpfs/hpu/EHT2/IHARM_inc+5/SANE_a0_288x128x128_IHARM/m_1_1_160/image_a0_1000_158_0_230.e9_6.2e9_7.42089e+29_160.dat
         1       0.445368        2.87044       -201.471        2.92037        10.0616        6.85877       -1326.87     /gpfs/hpu/EHT2/IHARM_inc+5/SANE_a0_288x128x128_IHARM/m_1_1_160/image_a0_1010_158_0_230.e9_6.2e9_7.42089e+29_160.dat
         2       0.417535        2.96249       -194.814        3.77263        5.80963        4.86048       -1072.44     /gpfs/hpu/EHT2/IHARM_inc+5/SANE_a0_288x128x128_IHARM/m_1_1_160/image_a0_1020_158_0_230.e9_6.2e9_7.42089e+29_160.dat
         3       0.532947        3.27902       -272.052        5.22706         16.949        11.6865        -1868.3     /gpfs/hpu/EHT2/IHARM_inc+5/SANE_a0_288x128x128_IHARM/m_1_1_160/image_a0_1030_158_0_230.e9_6.2e9_7.42089e+29_160.dat
         4       0.695404        3.09412        -200.88        3.64935         12.926        8.76724        -1683.6     /gpfs/hpu/EHT2/IHARM_inc+5/SANE_a0_288x128x128_IHARM/m_1_1_160/image_a0_1040_158_0_230.e9_6.2e9_7.42089e+29_160.dat
         5       0.457943        3.07704        -197.65        5.91772        4.44859        5.02863       -1090.59     /gpfs/hpu/EHT2/IHARM_inc+5/SANE_a0_288x128x128_IHARM/m_1_1_160/image_a0_1050_158_0_230.e9_6.2e9_7.42089e+29_160.dat
         6       0.562204        3.37353       -186.698        7.44604        8.96408        8.20068       -1507.88     /gpfs/hpu/EHT2/IHARM_inc+5/SANE_a0_288x128x128_IHARM/m_1_1_160/image_a0_1060_158_0_230.e9_6.2e9_7.42089e+29_160.dat
         7       0.511333        3.13368       -205.055        3.68628         6.5208        5.21896       -1070.96     /gpfs/hpu/EHT2/IHARM_inc+5/SANE_a0_288x128x128_IHARM/m_1_1_160/image_a0_1070_158_0_230.e9_6.2e9_7.42089e+29_160.dat
         8        0.56001        3.08158       -181.553         7.2031        6.93619        6.96744        -1367.9     /gpfs/hpu/EHT2/IHARM_inc+5/SANE_a0_288x128x128_IHARM/m_1_1_160/image_a0_1080_158_0_230.e9_6.2e9_7.42089e+29_160.dat
         9       0.408621        2.96118       -223.077        2.59378        2.74743        2.64791       -741.889     /gpfs/hpu/EHT2/IHARM_inc+5/SANE_a0_288x128x128_IHARM/m_1_1_160/image_a0_1090_158_0_230.e9_6.2e9_7.42089e+29_160.dat
        10       0.410282        2.91636       -250.745        5.11551           12.1        8.94018       -1522.26     /gpfs/hpu/EHT2/IHARM_inc+5/SANE_a0_288x128x128_IHARM/m_1_1_160/image_a0_1100_158_0_230.e9_6.2e9_7.42089e+29_160.dat
        11       0.462532         2.8423       -216.273        5.80801        10.5979        8.40312       -1479.67     /gpfs/hpu/EHT2/IHARM_inc+5/SANE_a0_288x128x128_IHARM/m_1_1_160/image_a0_1110_158_0_230.e9_6.2e9_7.42089e+29_160.dat
        12       0.482244        2.96089       -246.733        6.25319         7.2695        6.74307       -1273.33     /gpfs/hpu/EHT2/IHARM_inc+5/SANE_a0_288x128x128_IHARM/m_1_1_160/image_a0_1120_158_0_230.e9_6.2e9_7.42089e+29_160.dat
        13       0.420091        2.91366        -226.77        7.79322        6.52715        6.99444       -1292.34     /gpfs/hpu/EHT2/IHARM_inc+5/SANE_a0_288x128x128_IHARM/m_1_1_160/image_a0_1130_158_0_230.e9_6.2e9_7.42089e+29_160.dat
        14       0.432586        3.17438       -186.589        4.13599        3.82248         3.9115       -922.062     /gpfs/hpu/EHT2/IHARM_inc+5/SANE_a0_288x128x128_IHARM/m_1_1_160/image_a0_1140_158_0_230.e9_6.2e9_7.42089e+29_160.dat
        15       0.629658        3.54278       -184.841        5.53809        5.28754        5.33167       -1093.23     /gpfs/hpu/EHT2/IHARM_inc+5/SANE_a0_288x128x128_IHARM/m_1_1_160/image_a0_1150_158_0_230.e9_6.2e9_7.42089e+29_160.dat
        16        0.40952        2.92059       -193.057        4.80479        5.03409        4.87426        -1054.8     /gpfs/hpu/EHT2/IHARM_inc+5/SANE_a0_288x128x128_IHARM/m_1_1_160/image_a0_1160_158_0_230.e9_6.2e9_7.42089e+29_160.dat
        17       0.408433        2.97762       -228.905         3.6993        3.05269        3.29475       -821.025     /gpfs/hpu/EHT2/IHARM_inc+5/SANE_a0_288x128x128_IHARM/m_1_1_160/image_a0_1170_158_0_230.e9_6.2e9_7.42089e+29_160.dat
        18       0.409588        3.03646       -191.822        5.64361        4.12275        4.72906       -999.165     /gpfs/hpu/EHT2/IHARM_inc+5/SANE_a0_288x128x128_IHARM/m_1_1_160/image_a0_1180_158_0_230.e9_6.2e9_7.42089e+29_160.dat
        19       0.458034        3.34901       -189.052        11.1868        6.35189        8.36107       -1470.56     /gpfs/hpu/EHT2/IHARM_inc+5/SANE_a0_288x128x128_IHARM/m_1_1_160/image_a0_1190_158_0_230.e9_6.2e9_7.42089e+29_160.dat
        20       0.409359        3.01684        -202.94        2.00928        4.56632        3.40784       -832.943     /gpfs/hpu/EHT2/IHARM_inc+5/SANE_a0_288x128x128_IHARM/m_1_1_160/image_a0_1200_158_0_230.e9_6.2e9_7.42089e+29_160.dat
        21       0.588904        3.38257       -161.849         9.3077        8.46802        8.72786        -1580.8     /gpfs/hpu/EHT2/IHARM_inc+5/SANE_a0_288x128x128_IHARM/m_1_1_160/image_a0_1210_158_0_230.e9_6.2e9_7.42089e+29_160.dat
        22       0.397839        3.20981       -217.383          3.032        3.45232        3.22921       -780.135     /gpfs/hpu/EHT2/IHARM_inc+5/SANE_a0_288x128x128_IHARM/m_1_1_160/image_a0_1220_158_0_230.e9_6.2e9_7.42089e+29_160.dat
        23       0.390686        3.08953       -231.468        6.99108        7.48342        7.18048       -1292.38     /gpfs/hpu/EHT2/IHARM_inc+5/SANE_a0_288x128x128_IHARM/m_1_1_160/image_a0_1230_158_0_230.e9_6.2e9_7.42089e+29_160.dat
        24       0.437312        2.98146       -231.558        3.34775        4.94643        4.19684       -959.151     /gpfs/hpu/EHT2/IHARM_inc+5/SANE_a0_288x128x128_IHARM/m_1_1_160/image_a0_1240_158_0_230.e9_6.2e9_7.42089e+29_160.dat
        25        0.46959        3.11085       -185.524        6.89504        3.64603        5.00372       -1061.38     /gpfs/hpu/EHT2/IHARM_inc+5/SANE_a0_288x128x128_IHARM/m_1_1_160/image_a0_1250_158_0_230.e9_6.2e9_7.42089e+29_160.dat
        26        0.36925        2.91716       -254.343        8.54532        6.42632        7.26283       -1285.03     /gpfs/hpu/EHT2/IHARM_inc+5/SANE_a0_288x128x128_IHARM/m_1_1_160/image_a0_1260_158_0_230.e9_6.2e9_7.42089e+29_160.dat
        27       0.536691        2.85632       -215.335         5.3408        33.7308        21.0739       -3279.03     /gpfs/hpu/EHT2/IHARM_inc+5/SANE_a0_288x128x128_IHARM/m_1_1_160/image_a0_1270_158_0_230.e9_6.2e9_7.42089e+29_160.dat
        28       0.429565        2.90844       -213.681        3.60472        10.5077        7.40231        -1340.7     /gpfs/hpu/EHT2/IHARM_inc+5/SANE_a0_288x128x128_IHARM/m_1_1_160/image_a0_1280_158_0_230.e9_6.2e9_7.42089e+29_160.dat
        29        0.51954        2.90484       -214.406        3.96745        7.58353        5.93163       -1204.06     /gpfs/hpu/EHT2/IHARM_inc+5/SANE_a0_288x128x128_IHARM/m_1_1_160/image_a0_1290_158_0_230.e9_6.2e9_7.42089e+29_160.dat
        30       0.437884        3.11532       -249.317        5.06082        5.15386        5.05137       -1029.22     /gpfs/hpu/EHT2/IHARM_inc+5/SANE_a0_288x128x128_IHARM/m_1_1_160/image_a0_1300_158_0_230.e9_6.2e9_7.42089e+29_160.dat
        31       0.422858        3.13633       -217.755        7.38103         4.1322        5.48393          -1068     /gpfs/hpu/EHT2/IHARM_inc+5/SANE_a0_288x128x128_IHARM/m_1_1_160/image_a0_1310_158_0_230.e9_6.2e9_7.42089e+29_160.dat
        32       0.469175        3.10737       -215.796         3.3724        4.53667        3.97946       -880.782     /gpfs/hpu/EHT2/IHARM_inc+5/SANE_a0_288x128x128_IHARM/m_1_1_160/image_a0_1320_158_0_230.e9_6.2e9_7.42089e+29_160.dat
        33       0.432582        2.98678       -222.782        4.48326        3.07876        3.64749       -850.887     /gpfs/hpu/EHT2/IHARM_inc+5/SANE_a0_288x128x128_IHARM/m_1_1_160/image_a0_1330_158_0_230.e9_6.2e9_7.42089e+29_160.dat
        34       0.460668        3.07108       -245.203        15.3076         8.1378        11.1328       -1808.76     /gpfs/hpu/EHT2/IHARM_inc+5/SANE_a0_288x128x128_IHARM/m_1_1_160/image_a0_1340_158_0_230.e9_6.2e9_7.42089e+29_160.dat
        35       0.556513        3.12601       -247.542        5.51351         12.126        9.12636        -1528.8     /gpfs/hpu/EHT2/IHARM_inc+5/SANE_a0_288x128x128_IHARM/m_1_1_160/image_a0_1350_158_0_230.e9_6.2e9_7.42089e+29_160.dat
        36       0.573604        2.86269        -180.99        6.62868         5.4509        5.89312       -1281.01     /gpfs/hpu/EHT2/IHARM_inc+5/SANE_a0_288x128x128_IHARM/m_1_1_160/image_a0_1360_158_0_230.e9_6.2e9_7.42089e+29_160.dat
        37       0.535529        3.22511       -191.535        4.36493        3.51069        3.83679        -947.28     /gpfs/hpu/EHT2/IHARM_inc+5/SANE_a0_288x128x128_IHARM/m_1_1_160/image_a0_1370_158_0_230.e9_6.2e9_7.42089e+29_160.dat
        38       0.438681        3.01751       -168.889        6.74862        6.22259        6.37427       -1234.65     /gpfs/hpu/EHT2/IHARM_inc+5/SANE_a0_288x128x128_IHARM/m_1_1_160/image_a0_1380_158_0_230.e9_6.2e9_7.42089e+29_160.dat
        39       0.462808        2.84044       -183.877        6.05334        4.89931        5.33795       -1092.52     /gpfs/hpu/EHT2/IHARM_inc+5/SANE_a0_288x128x128_IHARM/m_1_1_160/image_a0_1390_158_0_230.e9_6.2e9_7.42089e+29_160.dat
        40       0.410175        3.11736       -185.225        3.89294        4.89947        4.40593       -945.618     /gpfs/hpu/EHT2/IHARM_inc+5/SANE_a0_288x128x128_IHARM/m_1_1_160/image_a0_1400_158_0_230.e9_6.2e9_7.42089e+29_160.dat
        41       0.410286        3.02873       -193.106        2.99019        5.88565         4.5652       -952.627     /gpfs/hpu/EHT2/IHARM_inc+5/SANE_a0_288x128x128_IHARM/m_1_1_160/image_a0_1410_158_0_230.e9_6.2e9_7.42089e+29_160.dat
        42       0.425786        3.05489       -228.903        5.73249        5.54471        5.55865       -1107.79     /gpfs/hpu/EHT2/IHARM_inc+5/SANE_a0_288x128x128_IHARM/m_1_1_160/image_a0_1420_158_0_230.e9_6.2e9_7.42089e+29_160.dat
        43        0.62727        3.16157       -149.267        5.22422        5.86173        5.51577       -1197.34     /gpfs/hpu/EHT2/IHARM_inc+5/SANE_a0_288x128x128_IHARM/m_1_1_160/image_a0_1430_158_0_230.e9_6.2e9_7.42089e+29_160.dat
        44        0.60649        3.30606       -164.301        5.83191        7.51934        6.70034       -1332.19     /gpfs/hpu/EHT2/IHARM_inc+5/SANE_a0_288x128x128_IHARM/m_1_1_160/image_a0_1440_158_0_230.e9_6.2e9_7.42089e+29_160.dat
        45       0.479805        3.14053       -188.741        9.91324        8.34244        8.91924       -1548.13     /gpfs/hpu/EHT2/IHARM_inc+5/SANE_a0_288x128x128_IHARM/m_1_1_160/image_a0_1450_158_0_230.e9_6.2e9_7.42089e+29_160.dat
        46       0.439598        3.10292       -192.552         5.8458        4.72455        5.15116       -1033.27     /gpfs/hpu/EHT2/IHARM_inc+5/SANE_a0_288x128x128_IHARM/m_1_1_160/image_a0_1460_158_0_230.e9_6.2e9_7.42089e+29_160.dat
        47       0.404454        3.21026       -236.675        4.10539        5.28654        4.71298       -960.313     /gpfs/hpu/EHT2/IHARM_inc+5/SANE_a0_288x128x128_IHARM/m_1_1_160/image_a0_1470_158_0_230.e9_6.2e9_7.42089e+29_160.dat
        48       0.618665         2.8912       -188.181        9.37845        8.26614        8.64605       -1617.92     /gpfs/hpu/EHT2/IHARM_inc+5/SANE_a0_288x128x128_IHARM/m_1_1_160/image_a0_1480_158_0_230.e9_6.2e9_7.42089e+29_160.dat
        49       0.532206        3.10471       -192.149         10.001        4.20022        6.65217       -1297.22     /gpfs/hpu/EHT2/IHARM_inc+5/SANE_a0_288x128x128_IHARM/m_1_1_160/image_a0_1490_158_0_230.e9_6.2e9_7.42089e+29_160.dat
        50       0.449586        2.98564       -203.267        7.65428        5.04114        6.10761       -1189.75     /gpfs/hpu/EHT2/IHARM_inc+5/SANE_a0_288x128x128_IHARM/m_1_1_160/image_a0_1500_158_0_230.e9_6.2e9_7.42089e+29_160.dat
        51       0.437344          3.184       -208.151        2.43456        5.30763        4.00384       -894.287     /gpfs/hpu/EHT2/IHARM_inc+5/SANE_a0_288x128x128_IHARM/m_1_1_160/image_a0_1510_158_0_230.e9_6.2e9_7.42089e+29_160.dat
        52       0.428756        3.21853       -188.942        5.61825        3.68544        4.47478       -955.388     /gpfs/hpu/EHT2/IHARM_inc+5/SANE_a0_288x128x128_IHARM/m_1_1_160/image_a0_1520_158_0_230.e9_6.2e9_7.42089e+29_160.dat
        53       0.539668         3.0371        -198.61        2.39154         4.7168         3.6565       -939.331     /gpfs/hpu/EHT2/IHARM_inc+5/SANE_a0_288x128x128_IHARM/m_1_1_160/image_a0_1530_158_0_230.e9_6.2e9_7.42089e+29_160.dat
        54       0.394465        3.06611       -213.212        5.55611        5.69292        5.56503        -1085.3     /gpfs/hpu/EHT2/IHARM_inc+5/SANE_a0_288x128x128_IHARM/m_1_1_160/image_a0_1540_158_0_230.e9_6.2e9_7.42089e+29_160.dat
        55       0.487876        3.22553       -214.374        2.90623        4.70596        3.87253        -885.21     /gpfs/hpu/EHT2/IHARM_inc+5/SANE_a0_288x128x128_IHARM/m_1_1_160/image_a0_1550_158_0_230.e9_6.2e9_7.42089e+29_160.dat
        56       0.411364        3.00119       -233.499        5.80702        6.51991        6.13346       -1177.28     /gpfs/hpu/EHT2/IHARM_inc+5/SANE_a0_288x128x128_IHARM/m_1_1_160/image_a0_1560_158_0_230.e9_6.2e9_7.42089e+29_160.dat
        57       0.626306        2.83751       -249.207        8.53365        10.6572        9.61207       -1725.32     /gpfs/hpu/EHT2/IHARM_inc+5/SANE_a0_288x128x128_IHARM/m_1_1_160/image_a0_1570_158_0_230.e9_6.2e9_7.42089e+29_160.dat
        58       0.381213        2.90818       -248.208        8.67102        5.69423        6.90969       -1241.93     /gpfs/hpu/EHT2/IHARM_inc+5/SANE_a0_288x128x128_IHARM/m_1_1_160/image_a0_1580_158_0_230.e9_6.2e9_7.42089e+29_160.dat
        59       0.411245        3.05928       -221.971        6.53337        6.52288         6.4485       -1199.21     /gpfs/hpu/EHT2/IHARM_inc+5/SANE_a0_288x128x128_IHARM/m_1_1_160/image_a0_1590_158_0_230.e9_6.2e9_7.42089e+29_160.dat
        60       0.504949        3.12107       -228.156        3.75626        4.67036        4.21947       -955.142     /gpfs/hpu/EHT2/IHARM_inc+5/SANE_a0_288x128x128_IHARM/m_1_1_160/image_a0_1600_158_0_230.e9_6.2e9_7.42089e+29_160.dat
        61       0.520799        3.09885        -166.03        3.44781        7.42161        5.61733       -1176.06     /gpfs/hpu/EHT2/IHARM_inc+5/SANE_a0_288x128x128_IHARM/m_1_1_160/image_a0_1610_158_0_230.e9_6.2e9_7.42089e+29_160.dat
        62       0.678317        2.96232       -209.768        6.75802        6.51325        6.54007       -1357.28     /gpfs/hpu/EHT2/IHARM_inc+5/SANE_a0_288x128x128_IHARM/m_1_1_160/image_a0_1620_158_0_230.e9_6.2e9_7.42089e+29_160.dat
        63       0.578352        3.20959       -194.516        4.55503         4.4534        4.44338        -1049.9     /gpfs/hpu/EHT2/IHARM_inc+5/SANE_a0_288x128x128_IHARM/m_1_1_160/image_a0_1630_158_0_230.e9_6.2e9_7.42089e+29_160.dat
        64       0.401078        3.02493       -255.443        6.15707        5.99839        5.99429       -1127.75     /gpfs/hpu/EHT2/IHARM_inc+5/SANE_a0_288x128x128_IHARM/m_1_1_160/image_a0_1640_158_0_230.e9_6.2e9_7.42089e+29_160.dat
        65       0.371358        3.04097       -236.663        5.70287        8.01535        6.92067       -1239.27     /gpfs/hpu/EHT2/IHARM_inc+5/SANE_a0_288x128x128_IHARM/m_1_1_160/image_a0_1650_158_0_230.e9_6.2e9_7.42089e+29_160.dat
        66       0.407486        3.20739       -194.442        5.12243        3.70857        4.27372       -960.188     /gpfs/hpu/EHT2/IHARM_inc+5/SANE_a0_288x128x128_IHARM/m_1_1_160/image_a0_1660_158_0_230.e9_6.2e9_7.42089e+29_160.dat
        67       0.498124        3.05876        -177.66        6.00841        6.49819        6.20826       -1238.55     /gpfs/hpu/EHT2/IHARM_inc+5/SANE_a0_288x128x128_IHARM/m_1_1_160/image_a0_1670_158_0_230.e9_6.2e9_7.42089e+29_160.dat
        68       0.469451        3.09246       -168.629         1.4343        6.01545        3.96614       -958.449     /gpfs/hpu/EHT2/IHARM_inc+5/SANE_a0_288x128x128_IHARM/m_1_1_160/image_a0_1680_158_0_230.e9_6.2e9_7.42089e+29_160.dat
        69       0.438045        3.06583       -169.565        9.06977        4.37625        6.34834       -1234.28     /gpfs/hpu/EHT2/IHARM_inc+5/SANE_a0_288x128x128_IHARM/m_1_1_160/image_a0_1690_158_0_230.e9_6.2e9_7.42089e+29_160.dat
        70       0.451038          3.028        -160.15        6.50471        6.87799        6.63374       -1308.48     /gpfs/hpu/EHT2/IHARM_inc+5/SANE_a0_288x128x128_IHARM/m_1_1_160/image_a0_1700_158_0_230.e9_6.2e9_7.42089e+29_160.dat
        71       0.517731        3.09281       -180.501        4.94133        8.58213        6.90748       -1346.72     /gpfs/hpu/EHT2/IHARM_inc+5/SANE_a0_288x128x128_IHARM/m_1_1_160/image_a0_1710_158_0_230.e9_6.2e9_7.42089e+29_160.dat
        72       0.403657        3.05364       -196.273        5.32231        4.19385        4.62999       -983.726     /gpfs/hpu/EHT2/IHARM_inc+5/SANE_a0_288x128x128_IHARM/m_1_1_160/image_a0_1720_158_0_230.e9_6.2e9_7.42089e+29_160.dat
        73       0.420831        2.91193       -199.371        3.07355        14.6698        9.48913       -1611.14     /gpfs/hpu/EHT2/IHARM_inc+5/SANE_a0_288x128x128_IHARM/m_1_1_160/image_a0_1730_158_0_230.e9_6.2e9_7.42089e+29_160.dat
        74       0.405215        3.03699        -206.72        1.63728        7.68741        4.98408       -1052.65     /gpfs/hpu/EHT2/IHARM_inc+5/SANE_a0_288x128x128_IHARM/m_1_1_160/image_a0_1740_158_0_230.e9_6.2e9_7.42089e+29_160.dat
        75       0.409343        3.04308       -220.964        5.46151        6.13774        5.77173       -1103.28     /gpfs/hpu/EHT2/IHARM_inc+5/SANE_a0_288x128x128_IHARM/m_1_1_160/image_a0_1750_158_0_230.e9_6.2e9_7.42089e+29_160.dat
        76       0.687077        3.19732       -155.035        3.87153         9.4232        6.91393       -1395.25     /gpfs/hpu/EHT2/IHARM_inc+5/SANE_a0_288x128x128_IHARM/m_1_1_160/image_a0_1760_158_0_230.e9_6.2e9_7.42089e+29_160.dat
        77       0.460979        3.10583       -169.038         7.4919        4.63934        5.81396       -1182.78     /gpfs/hpu/EHT2/IHARM_inc+5/SANE_a0_288x128x128_IHARM/m_1_1_160/image_a0_1770_158_0_230.e9_6.2e9_7.42089e+29_160.dat
        78       0.437825        3.20336       -273.051        2.30733        5.90756        4.28277       -912.242     /gpfs/hpu/EHT2/IHARM_inc+5/SANE_a0_288x128x128_IHARM/m_1_1_160/image_a0_1780_158_0_230.e9_6.2e9_7.42089e+29_160.dat
        79       0.381083        2.96911        -240.63        9.00577        9.18471         8.9964       -1525.39     /gpfs/hpu/EHT2/IHARM_inc+5/SANE_a0_288x128x128_IHARM/m_1_1_160/image_a0_1790_158_0_230.e9_6.2e9_7.42089e+29_160.dat
        80       0.517841        3.05519       -212.568        3.91241        11.3611        8.00993       -1464.18     /gpfs/hpu/EHT2/IHARM_inc+5/SANE_a0_288x128x128_IHARM/m_1_1_160/image_a0_1800_158_0_230.e9_6.2e9_7.42089e+29_160.dat
        81       0.590327         2.9795       -209.727         6.1034        42.2407        26.1382       -3799.42     /gpfs/hpu/EHT2/IHARM_inc+5/SANE_a0_288x128x128_IHARM/m_1_1_160/image_a0_1810_158_0_230.e9_6.2e9_7.42089e+29_160.dat
        82       0.367479        3.25801       -160.044        3.71851        4.73991        4.24189        -947.09     /gpfs/hpu/EHT2/IHARM_inc+5/SANE_a0_288x128x128_IHARM/m_1_1_160/image_a0_1820_158_0_230.e9_6.2e9_7.42089e+29_160.dat
        83       0.383366         3.2469       -216.496        4.72157        3.01949        3.71733       -841.425     /gpfs/hpu/EHT2/IHARM_inc+5/SANE_a0_288x128x128_IHARM/m_1_1_160/image_a0_1830_158_0_230.e9_6.2e9_7.42089e+29_160.dat
        84       0.418034        3.14019        -192.75        4.32236        4.00322        4.09249       -887.504     /gpfs/hpu/EHT2/IHARM_inc+5/SANE_a0_288x128x128_IHARM/m_1_1_160/image_a0_1840_158_0_230.e9_6.2e9_7.42089e+29_160.dat
        85       0.609554        3.26654       -182.873        11.6556        7.30777        9.09526       -1629.43     /gpfs/hpu/EHT2/IHARM_inc+5/SANE_a0_288x128x128_IHARM/m_1_1_160/image_a0_1850_158_0_230.e9_6.2e9_7.42089e+29_160.dat
        86       0.576533        2.95195       -230.975        10.5134        7.49057        8.70415       -1571.93     /gpfs/hpu/EHT2/IHARM_inc+5/SANE_a0_288x128x128_IHARM/m_1_1_160/image_a0_1860_158_0_230.e9_6.2e9_7.42089e+29_160.dat
        87       0.580977        3.14359       -182.572         10.541        6.07692        7.92942       -1485.89     /gpfs/hpu/EHT2/IHARM_inc+5/SANE_a0_288x128x128_IHARM/m_1_1_160/image_a0_1870_158_0_230.e9_6.2e9_7.42089e+29_160.dat
        88       0.344432        3.04637       -262.356        11.8887        10.4754        10.9585       -1769.86     /gpfs/hpu/EHT2/IHARM_inc+5/SANE_a0_288x128x128_IHARM/m_1_1_160/image_a0_1880_158_0_230.e9_6.2e9_7.42089e+29_160.dat
        89       0.503614        2.85839        -220.83        3.97959        10.7848        7.71823       -1442.62     /gpfs/hpu/EHT2/IHARM_inc+5/SANE_a0_288x128x128_IHARM/m_1_1_160/image_a0_1890_158_0_230.e9_6.2e9_7.42089e+29_160.dat
        90       0.471613        3.19129       -183.921        1.79387        7.05918        4.70206       -1069.09     /gpfs/hpu/EHT2/IHARM_inc+5/SANE_a0_288x128x128_IHARM/m_1_1_160/image_a0_1900_158_0_230.e9_6.2e9_7.42089e+29_160.dat
        91        0.44016        3.11953       -178.212        4.52522        7.41582        6.07896       -1192.44     /gpfs/hpu/EHT2/IHARM_inc+5/SANE_a0_288x128x128_IHARM/m_1_1_160/image_a0_1910_158_0_230.e9_6.2e9_7.42089e+29_160.dat
        92        0.44003        3.14562       -189.846        3.96056        4.60774        4.27277       -940.822     /gpfs/hpu/EHT2/IHARM_inc+5/SANE_a0_288x128x128_IHARM/m_1_1_160/image_a0_1920_158_0_230.e9_6.2e9_7.42089e+29_160.dat
        93        0.43995        3.10367        -178.87        2.26871        10.7257        6.94718       -1304.25     /gpfs/hpu/EHT2/IHARM_inc+5/SANE_a0_288x128x128_IHARM/m_1_1_160/image_a0_1930_158_0_230.e9_6.2e9_7.42089e+29_160.dat
        94       0.402394        3.09147       -192.294        3.61895        2.70394        3.06602       -783.886     /gpfs/hpu/EHT2/IHARM_inc+5/SANE_a0_288x128x128_IHARM/m_1_1_160/image_a0_1940_158_0_230.e9_6.2e9_7.42089e+29_160.dat
        95       0.447344        3.07153       -190.939        4.12716        3.60563        3.78703       -908.509     /gpfs/hpu/EHT2/IHARM_inc+5/SANE_a0_288x128x128_IHARM/m_1_1_160/image_a0_1950_158_0_230.e9_6.2e9_7.42089e+29_160.dat
        96       0.414918        3.22922       -188.234         4.1626        3.82832        3.92624        -907.17     /gpfs/hpu/EHT2/IHARM_inc+5/SANE_a0_288x128x128_IHARM/m_1_1_160/image_a0_1960_158_0_230.e9_6.2e9_7.42089e+29_160.dat
        97       0.451397        3.12136       -192.692         10.286        4.93053         7.1815       -1345.02     /gpfs/hpu/EHT2/IHARM_inc+5/SANE_a0_288x128x128_IHARM/m_1_1_160/image_a0_1970_158_0_230.e9_6.2e9_7.42089e+29_160.dat
        98       0.462898        3.13474       -186.801        4.97759        4.68107        4.75238       -1027.61     /gpfs/hpu/EHT2/IHARM_inc+5/SANE_a0_288x128x128_IHARM/m_1_1_160/image_a0_1980_158_0_230.e9_6.2e9_7.42089e+29_160.dat
        99       0.434686         3.0676       -181.701        3.75776        6.66042        5.32749       -1079.13     /gpfs/hpu/EHT2/IHARM_inc+5/SANE_a0_288x128x128_IHARM/m_1_1_160/image_a0_1990_158_0_230.e9_6.2e9_7.42089e+29_160.dat
