   # Index         I (Jy)      M/D (uas)       PA (deg)  VA red. chisq  CP red. chisq     red. chisq     log-liklhd     FileName
         0       0.452718        3.14309        -299.43        4.94821        5.23993        5.05068       -1088.68     /gpfs/hpu/EHT2/IHARM/SANE/SANE_a-0.5_288x128x128_IHARM/m_1_1_80/image_a-0.5_1000_17_0_230.e9_6.2e9_1.47946e+29_80.dat
         1       0.575669        3.18956       -282.303         3.3087        20.6302        12.9073       -2134.01     /gpfs/hpu/EHT2/IHARM/SANE/SANE_a-0.5_288x128x128_IHARM/m_1_1_80/image_a-0.5_1006_17_0_230.e9_6.2e9_1.47946e+29_80.dat
         2       0.483961        3.10784       -359.972        6.02011        57.7657        34.7412          -5151     /gpfs/hpu/EHT2/IHARM/SANE/SANE_a-0.5_288x128x128_IHARM/m_1_1_80/image_a-0.5_1012_17_0_230.e9_6.2e9_1.47946e+29_80.dat
         3       0.440243        3.07462       -325.066         4.2323        21.8903        14.0069       -2188.58     /gpfs/hpu/EHT2/IHARM/SANE/SANE_a-0.5_288x128x128_IHARM/m_1_1_80/image_a-0.5_1018_17_0_230.e9_6.2e9_1.47946e+29_80.dat
         4       0.452088        3.24682       -336.978         5.7185         11.384        8.80189       -1544.34     /gpfs/hpu/EHT2/IHARM/SANE/SANE_a-0.5_288x128x128_IHARM/m_1_1_80/image_a-0.5_1024_17_0_230.e9_6.2e9_1.47946e+29_80.dat
         5        0.77423        3.63474       -342.764        3.98252        15.6368        10.4194       -1785.87     /gpfs/hpu/EHT2/IHARM/SANE/SANE_a-0.5_288x128x128_IHARM/m_1_1_80/image_a-0.5_1030_17_0_230.e9_6.2e9_1.47946e+29_80.dat
         6       0.734442        3.36642       -316.657        5.52681         45.571        27.7426       -4099.51     /gpfs/hpu/EHT2/IHARM/SANE/SANE_a-0.5_288x128x128_IHARM/m_1_1_80/image_a-0.5_1036_17_0_230.e9_6.2e9_1.47946e+29_80.dat
         7       0.616436        3.27495        -309.22        6.67289        26.2992        17.5132       -2708.83     /gpfs/hpu/EHT2/IHARM/SANE/SANE_a-0.5_288x128x128_IHARM/m_1_1_80/image_a-0.5_1042_17_0_230.e9_6.2e9_1.47946e+29_80.dat
         8       0.514672        3.21116        -307.64          5.709        44.8776        27.4354        -3853.1     /gpfs/hpu/EHT2/IHARM/SANE/SANE_a-0.5_288x128x128_IHARM/m_1_1_80/image_a-0.5_1048_17_0_230.e9_6.2e9_1.47946e+29_80.dat
         9       0.368282         3.1263       -261.315        8.74444        23.3753          16.78       -2533.91     /gpfs/hpu/EHT2/IHARM/SANE/SANE_a-0.5_288x128x128_IHARM/m_1_1_80/image_a-0.5_1054_17_0_230.e9_6.2e9_1.47946e+29_80.dat
        10       0.793026        3.06228       -142.081        6.66948        42.3771        26.4584       -3852.97     /gpfs/hpu/EHT2/IHARM/SANE/SANE_a-0.5_288x128x128_IHARM/m_1_1_80/image_a-0.5_1060_17_0_230.e9_6.2e9_1.47946e+29_80.dat
        11       0.650059        3.12895       -10.0358        3.48033        29.0372        17.6594       -2710.04     /gpfs/hpu/EHT2/IHARM/SANE/SANE_a-0.5_288x128x128_IHARM/m_1_1_80/image_a-0.5_1066_17_0_230.e9_6.2e9_1.47946e+29_80.dat
        12       0.632451        2.93452       -40.2246        3.88816        23.1208        14.5432       -2370.82     /gpfs/hpu/EHT2/IHARM/SANE/SANE_a-0.5_288x128x128_IHARM/m_1_1_80/image_a-0.5_1072_17_0_230.e9_6.2e9_1.47946e+29_80.dat
        13       0.601287        2.91546       -26.7214          4.672        26.0459        16.5091       -2582.23     /gpfs/hpu/EHT2/IHARM/SANE/SANE_a-0.5_288x128x128_IHARM/m_1_1_80/image_a-0.5_1078_17_0_230.e9_6.2e9_1.47946e+29_80.dat
        14       0.584124        3.06252        17.4324        3.04338         27.335        16.5237       -2596.81     /gpfs/hpu/EHT2/IHARM/SANE/SANE_a-0.5_288x128x128_IHARM/m_1_1_80/image_a-0.5_1084_17_0_230.e9_6.2e9_1.47946e+29_80.dat
        15       0.601366        3.34051        5.23299        7.79136        35.7732        23.2677       -3667.55     /gpfs/hpu/EHT2/IHARM/SANE/SANE_a-0.5_288x128x128_IHARM/m_1_1_80/image_a-0.5_1090_17_0_230.e9_6.2e9_1.47946e+29_80.dat
        16       0.479847        3.24199        6.53831        6.76734        27.2282         18.071       -2703.57     /gpfs/hpu/EHT2/IHARM/SANE/SANE_a-0.5_288x128x128_IHARM/m_1_1_80/image_a-0.5_1096_17_0_230.e9_6.2e9_1.47946e+29_80.dat
        17       0.472634        2.89237        110.871         9.9435        59.8559        37.5971       -5356.74     /gpfs/hpu/EHT2/IHARM/SANE/SANE_a-0.5_288x128x128_IHARM/m_1_1_80/image_a-0.5_1102_17_0_230.e9_6.2e9_1.47946e+29_80.dat
        18       0.641141        3.24712        1.03132         5.7073         131.35        75.5526       -11000.9     /gpfs/hpu/EHT2/IHARM/SANE/SANE_a-0.5_288x128x128_IHARM/m_1_1_80/image_a-0.5_1108_17_0_230.e9_6.2e9_1.47946e+29_80.dat
        19          0.537        3.24354        51.3572        5.72983        35.3955         22.168       -3247.65     /gpfs/hpu/EHT2/IHARM/SANE/SANE_a-0.5_288x128x128_IHARM/m_1_1_80/image_a-0.5_1114_17_0_230.e9_6.2e9_1.47946e+29_80.dat
        20       0.587584        3.49783        32.8788        4.33227        44.0124          26.36       -4442.65     /gpfs/hpu/EHT2/IHARM/SANE/SANE_a-0.5_288x128x128_IHARM/m_1_1_80/image_a-0.5_1120_17_0_230.e9_6.2e9_1.47946e+29_80.dat
        21       0.540958         3.1947         63.683        2.50443        11.6036         7.5374       -1425.77     /gpfs/hpu/EHT2/IHARM/SANE/SANE_a-0.5_288x128x128_IHARM/m_1_1_80/image_a-0.5_1126_17_0_230.e9_6.2e9_1.47946e+29_80.dat
        22       0.359477        3.25389        24.0166        7.72874        11.0837        9.50215       -1566.11     /gpfs/hpu/EHT2/IHARM/SANE/SANE_a-0.5_288x128x128_IHARM/m_1_1_80/image_a-0.5_1132_17_0_230.e9_6.2e9_1.47946e+29_80.dat
        23       0.450841        3.25644        64.5718        4.74738        11.5437        8.47176       -1478.31     /gpfs/hpu/EHT2/IHARM/SANE/SANE_a-0.5_288x128x128_IHARM/m_1_1_80/image_a-0.5_1138_17_0_230.e9_6.2e9_1.47946e+29_80.dat
        24        1.15477        3.66123        59.7306        4.34511         30.159        18.6567       -3085.73     /gpfs/hpu/EHT2/IHARM/SANE/SANE_a-0.5_288x128x128_IHARM/m_1_1_80/image_a-0.5_1144_17_0_230.e9_6.2e9_1.47946e+29_80.dat
        25       0.744515        2.89485        -9.0979        3.85219        50.6514        29.8471       -4367.11     /gpfs/hpu/EHT2/IHARM/SANE/SANE_a-0.5_288x128x128_IHARM/m_1_1_80/image_a-0.5_1150_17_0_230.e9_6.2e9_1.47946e+29_80.dat
        26       0.942059        3.69731        114.955        9.55959           62.4        38.8471       -5293.65     /gpfs/hpu/EHT2/IHARM/SANE/SANE_a-0.5_288x128x128_IHARM/m_1_1_80/image_a-0.5_1156_17_0_230.e9_6.2e9_1.47946e+29_80.dat
        27       0.668294        2.94036        221.412        3.97204        21.5591        13.7104       -2281.52     /gpfs/hpu/EHT2/IHARM/SANE/SANE_a-0.5_288x128x128_IHARM/m_1_1_80/image_a-0.5_1162_17_0_230.e9_6.2e9_1.47946e+29_80.dat
        28       0.621065        3.22222        140.477         6.1899        29.9022        19.3098       -2949.04     /gpfs/hpu/EHT2/IHARM/SANE/SANE_a-0.5_288x128x128_IHARM/m_1_1_80/image_a-0.5_1168_17_0_230.e9_6.2e9_1.47946e+29_80.dat
        29        0.68917        3.20684        154.728        4.38249        34.4513        21.0613       -3144.26     /gpfs/hpu/EHT2/IHARM/SANE/SANE_a-0.5_288x128x128_IHARM/m_1_1_80/image_a-0.5_1174_17_0_230.e9_6.2e9_1.47946e+29_80.dat
        30       0.909665        3.23402         44.967        5.74111        60.1121        35.9265       -5067.14     /gpfs/hpu/EHT2/IHARM/SANE/SANE_a-0.5_288x128x128_IHARM/m_1_1_80/image_a-0.5_1180_17_0_230.e9_6.2e9_1.47946e+29_80.dat
        31       0.969923         3.3355        44.4008        4.70203        58.6193        34.6475       -5112.59     /gpfs/hpu/EHT2/IHARM/SANE/SANE_a-0.5_288x128x128_IHARM/m_1_1_80/image_a-0.5_1186_17_0_230.e9_6.2e9_1.47946e+29_80.dat
        32       0.747397        3.20447       -20.0496         8.5743        25.8006        18.0562       -2919.02     /gpfs/hpu/EHT2/IHARM/SANE/SANE_a-0.5_288x128x128_IHARM/m_1_1_80/image_a-0.5_1192_17_0_230.e9_6.2e9_1.47946e+29_80.dat
        33       0.586396        3.20243       -14.8821        5.47988        17.9688        12.3631       -2051.25     /gpfs/hpu/EHT2/IHARM/SANE/SANE_a-0.5_288x128x128_IHARM/m_1_1_80/image_a-0.5_1198_17_0_230.e9_6.2e9_1.47946e+29_80.dat
        34       0.434145        2.88274       -30.6672        7.69499        37.5328        24.2052       -3450.47     /gpfs/hpu/EHT2/IHARM/SANE/SANE_a-0.5_288x128x128_IHARM/m_1_1_80/image_a-0.5_1204_17_0_230.e9_6.2e9_1.47946e+29_80.dat
        35        0.67148        3.24386         -46.05        6.02403        27.2766        17.7772       -2694.26     /gpfs/hpu/EHT2/IHARM/SANE/SANE_a-0.5_288x128x128_IHARM/m_1_1_80/image_a-0.5_1210_17_0_230.e9_6.2e9_1.47946e+29_80.dat
        36       0.533121        3.26806       -26.2038        4.49397        10.5766         7.8243       -1444.67     /gpfs/hpu/EHT2/IHARM/SANE/SANE_a-0.5_288x128x128_IHARM/m_1_1_80/image_a-0.5_1216_17_0_230.e9_6.2e9_1.47946e+29_80.dat
        37       0.539198        3.33259        1.97354        3.11431        7.06983        5.27769       -1129.44     /gpfs/hpu/EHT2/IHARM/SANE/SANE_a-0.5_288x128x128_IHARM/m_1_1_80/image_a-0.5_1222_17_0_230.e9_6.2e9_1.47946e+29_80.dat
        38       0.545396        3.35379        -13.666         3.8804        12.5793          8.674        -1532.1     /gpfs/hpu/EHT2/IHARM/SANE/SANE_a-0.5_288x128x128_IHARM/m_1_1_80/image_a-0.5_1228_17_0_230.e9_6.2e9_1.47946e+29_80.dat
        39       0.788683        3.24569       -16.8739          5.987        23.2684        15.5308        -2511.2     /gpfs/hpu/EHT2/IHARM/SANE/SANE_a-0.5_288x128x128_IHARM/m_1_1_80/image_a-0.5_1234_17_0_230.e9_6.2e9_1.47946e+29_80.dat
        40       0.681162        3.14982       -14.6096        4.18351        25.3814        15.9285       -2538.74     /gpfs/hpu/EHT2/IHARM/SANE/SANE_a-0.5_288x128x128_IHARM/m_1_1_80/image_a-0.5_1240_17_0_230.e9_6.2e9_1.47946e+29_80.dat
        41       0.467733        3.05747       -4.48391        5.25369        19.0479        12.8659       -2034.72     /gpfs/hpu/EHT2/IHARM/SANE/SANE_a-0.5_288x128x128_IHARM/m_1_1_80/image_a-0.5_1246_17_0_230.e9_6.2e9_1.47946e+29_80.dat
        42       0.594218        3.17744        25.3214        4.28222        21.1551        13.6194       -2169.48     /gpfs/hpu/EHT2/IHARM/SANE/SANE_a-0.5_288x128x128_IHARM/m_1_1_80/image_a-0.5_1252_17_0_230.e9_6.2e9_1.47946e+29_80.dat
        43       0.912102        3.14097        19.2524        6.22302        35.1764        22.2589       -3395.93     /gpfs/hpu/EHT2/IHARM/SANE/SANE_a-0.5_288x128x128_IHARM/m_1_1_80/image_a-0.5_1258_17_0_230.e9_6.2e9_1.47946e+29_80.dat
        44       0.451041        3.02437       -32.1742        6.17075        20.9297        14.3087       -2265.21     /gpfs/hpu/EHT2/IHARM/SANE/SANE_a-0.5_288x128x128_IHARM/m_1_1_80/image_a-0.5_1264_17_0_230.e9_6.2e9_1.47946e+29_80.dat
        45       0.638254         3.1485        -28.668        3.68293        19.6946        12.5481       -2080.17     /gpfs/hpu/EHT2/IHARM/SANE/SANE_a-0.5_288x128x128_IHARM/m_1_1_80/image_a-0.5_1270_17_0_230.e9_6.2e9_1.47946e+29_80.dat
        46       0.622731        3.33613       -8.63975        5.56741        25.9279        16.8297       -2629.82     /gpfs/hpu/EHT2/IHARM/SANE/SANE_a-0.5_288x128x128_IHARM/m_1_1_80/image_a-0.5_1276_17_0_230.e9_6.2e9_1.47946e+29_80.dat
        47       0.773237        3.61688        16.1942        5.19484        33.9538         21.135        -3196.4     /gpfs/hpu/EHT2/IHARM/SANE/SANE_a-0.5_288x128x128_IHARM/m_1_1_80/image_a-0.5_1282_17_0_230.e9_6.2e9_1.47946e+29_80.dat
        48       0.833447        3.60772        34.1253        8.47797         31.553        21.2155       -3137.69     /gpfs/hpu/EHT2/IHARM/SANE/SANE_a-0.5_288x128x128_IHARM/m_1_1_80/image_a-0.5_1288_17_0_230.e9_6.2e9_1.47946e+29_80.dat
        49       0.776178        3.16413        -45.169        4.07057        21.8135        13.8944       -2342.41     /gpfs/hpu/EHT2/IHARM/SANE/SANE_a-0.5_288x128x128_IHARM/m_1_1_80/image_a-0.5_1294_17_0_230.e9_6.2e9_1.47946e+29_80.dat
        50       0.459656        3.34236       -41.5569        4.47912        11.0987        8.10842       -1435.11     /gpfs/hpu/EHT2/IHARM/SANE/SANE_a-0.5_288x128x128_IHARM/m_1_1_80/image_a-0.5_1300_17_0_230.e9_6.2e9_1.47946e+29_80.dat
        51       0.419491        3.18117       -57.5107        3.91347        6.87008        5.51134       -1092.76     /gpfs/hpu/EHT2/IHARM/SANE/SANE_a-0.5_288x128x128_IHARM/m_1_1_80/image_a-0.5_1306_17_0_230.e9_6.2e9_1.47946e+29_80.dat
        52       0.633848         3.4844       -15.2548        3.45904         6.8407        5.29892       -1150.08     /gpfs/hpu/EHT2/IHARM/SANE/SANE_a-0.5_288x128x128_IHARM/m_1_1_80/image_a-0.5_1312_17_0_230.e9_6.2e9_1.47946e+29_80.dat
        53       0.619401        3.56112        13.8588        8.36236        20.3588        14.9367       -2445.24     /gpfs/hpu/EHT2/IHARM/SANE/SANE_a-0.5_288x128x128_IHARM/m_1_1_80/image_a-0.5_1318_17_0_230.e9_6.2e9_1.47946e+29_80.dat
        54       0.452502        3.03293        109.478        6.54363        29.6399        19.3164       -2934.65     /gpfs/hpu/EHT2/IHARM/SANE/SANE_a-0.5_288x128x128_IHARM/m_1_1_80/image_a-0.5_1324_17_0_230.e9_6.2e9_1.47946e+29_80.dat
        55       0.809249        3.20365        142.111        2.13517        6.51322        4.54551       -1194.12     /gpfs/hpu/EHT2/IHARM/SANE/SANE_a-0.5_288x128x128_IHARM/m_1_1_80/image_a-0.5_1330_17_0_230.e9_6.2e9_1.47946e+29_80.dat
        56       0.596913        3.24624        210.623        9.18017        34.6293        23.2303       -3416.36     /gpfs/hpu/EHT2/IHARM/SANE/SANE_a-0.5_288x128x128_IHARM/m_1_1_80/image_a-0.5_1336_17_0_230.e9_6.2e9_1.47946e+29_80.dat
        57       0.593129        3.06029        249.809        10.8809        35.5057        24.4518       -3618.37     /gpfs/hpu/EHT2/IHARM/SANE/SANE_a-0.5_288x128x128_IHARM/m_1_1_80/image_a-0.5_1342_17_0_230.e9_6.2e9_1.47946e+29_80.dat
        58       0.666431        3.35833        357.147        5.46589        32.9465        20.6914        -3185.7     /gpfs/hpu/EHT2/IHARM/SANE/SANE_a-0.5_288x128x128_IHARM/m_1_1_80/image_a-0.5_1348_17_0_230.e9_6.2e9_1.47946e+29_80.dat
        59       0.587909        3.47548        359.997        4.94342        33.5546        20.8044       -3145.12     /gpfs/hpu/EHT2/IHARM/SANE/SANE_a-0.5_288x128x128_IHARM/m_1_1_80/image_a-0.5_1354_17_0_230.e9_6.2e9_1.47946e+29_80.dat
        60       0.745512        3.18403        291.807        5.43511        50.3356        30.3543       -4738.41     /gpfs/hpu/EHT2/IHARM/SANE/SANE_a-0.5_288x128x128_IHARM/m_1_1_80/image_a-0.5_1360_17_0_230.e9_6.2e9_1.47946e+29_80.dat
        61       0.782109        3.44778        359.985        11.7077        35.8175         24.982       -3792.55     /gpfs/hpu/EHT2/IHARM/SANE/SANE_a-0.5_288x128x128_IHARM/m_1_1_80/image_a-0.5_1366_17_0_230.e9_6.2e9_1.47946e+29_80.dat
        62       0.437768        3.25875        359.929         4.4361        14.4739        9.96798       -1717.16     /gpfs/hpu/EHT2/IHARM/SANE/SANE_a-0.5_288x128x128_IHARM/m_1_1_80/image_a-0.5_1372_17_0_230.e9_6.2e9_1.47946e+29_80.dat
        63        0.59373        3.30044        359.982        10.1737        38.1576        25.6223        -3764.1     /gpfs/hpu/EHT2/IHARM/SANE/SANE_a-0.5_288x128x128_IHARM/m_1_1_80/image_a-0.5_1378_17_0_230.e9_6.2e9_1.47946e+29_80.dat
        64       0.483131        3.34329        302.243        4.40506        13.8211        9.59136       -1634.07     /gpfs/hpu/EHT2/IHARM/SANE/SANE_a-0.5_288x128x128_IHARM/m_1_1_80/image_a-0.5_1384_17_0_230.e9_6.2e9_1.47946e+29_80.dat
        65        0.46599        3.16037        305.839        5.40089         22.095         14.625       -2335.19     /gpfs/hpu/EHT2/IHARM/SANE/SANE_a-0.5_288x128x128_IHARM/m_1_1_80/image_a-0.5_1390_17_0_230.e9_6.2e9_1.47946e+29_80.dat
        66       0.521089         3.2583        323.973        2.86165         13.553        8.77626       -1533.63     /gpfs/hpu/EHT2/IHARM/SANE/SANE_a-0.5_288x128x128_IHARM/m_1_1_80/image_a-0.5_1396_17_0_230.e9_6.2e9_1.47946e+29_80.dat
        67       0.577491        3.10859        303.958        6.53731        21.7916        14.9465       -2339.74     /gpfs/hpu/EHT2/IHARM/SANE/SANE_a-0.5_288x128x128_IHARM/m_1_1_80/image_a-0.5_1402_17_0_230.e9_6.2e9_1.47946e+29_80.dat
        68       0.483313        3.32495        332.073        5.85336        30.6787        19.5966       -2915.34     /gpfs/hpu/EHT2/IHARM/SANE/SANE_a-0.5_288x128x128_IHARM/m_1_1_80/image_a-0.5_1408_17_0_230.e9_6.2e9_1.47946e+29_80.dat
        69       0.678636        3.31668         282.36        9.91008        60.6787        38.0405       -5580.64     /gpfs/hpu/EHT2/IHARM/SANE/SANE_a-0.5_288x128x128_IHARM/m_1_1_80/image_a-0.5_1414_17_0_230.e9_6.2e9_1.47946e+29_80.dat
        70       0.942849        3.42953        163.295        6.22238        28.1127         18.328       -3083.15     /gpfs/hpu/EHT2/IHARM/SANE/SANE_a-0.5_288x128x128_IHARM/m_1_1_80/image_a-0.5_1420_17_0_230.e9_6.2e9_1.47946e+29_80.dat
        71       0.687501        3.19567       -133.643        7.60515        68.3044        41.2893       -5954.84     /gpfs/hpu/EHT2/IHARM/SANE/SANE_a-0.5_288x128x128_IHARM/m_1_1_80/image_a-0.5_1426_17_0_230.e9_6.2e9_1.47946e+29_80.dat
        72       0.556926        3.39777        -10.718        2.76566        21.3297        13.0622       -2120.78     /gpfs/hpu/EHT2/IHARM/SANE/SANE_a-0.5_288x128x128_IHARM/m_1_1_80/image_a-0.5_1432_17_0_230.e9_6.2e9_1.47946e+29_80.dat
        73       0.583977        3.58945       -6.07446        5.67489        14.6601        10.6061       -1867.92     /gpfs/hpu/EHT2/IHARM/SANE/SANE_a-0.5_288x128x128_IHARM/m_1_1_80/image_a-0.5_1438_17_0_230.e9_6.2e9_1.47946e+29_80.dat
        74       0.640585        3.43641        21.5291        2.72416        5.92385        4.47168       -1089.37     /gpfs/hpu/EHT2/IHARM/SANE/SANE_a-0.5_288x128x128_IHARM/m_1_1_80/image_a-0.5_1444_17_0_230.e9_6.2e9_1.47946e+29_80.dat
        75       0.659957        3.10103        22.7349         3.6884        32.5154        19.6846       -3090.89     /gpfs/hpu/EHT2/IHARM/SANE/SANE_a-0.5_288x128x128_IHARM/m_1_1_80/image_a-0.5_1450_17_0_230.e9_6.2e9_1.47946e+29_80.dat
        76       0.458476         3.1322        16.9504        3.25255         7.2036        5.41177       -1150.12     /gpfs/hpu/EHT2/IHARM/SANE/SANE_a-0.5_288x128x128_IHARM/m_1_1_80/image_a-0.5_1456_17_0_230.e9_6.2e9_1.47946e+29_80.dat
        77       0.420191        3.10201       -52.9307         7.3076         26.226        17.7463       -2671.05     /gpfs/hpu/EHT2/IHARM/SANE/SANE_a-0.5_288x128x128_IHARM/m_1_1_80/image_a-0.5_1462_17_0_230.e9_6.2e9_1.47946e+29_80.dat
        78       0.475574        3.02994       -36.0352        9.85768         43.105        28.2389        -4071.1     /gpfs/hpu/EHT2/IHARM/SANE/SANE_a-0.5_288x128x128_IHARM/m_1_1_80/image_a-0.5_1468_17_0_230.e9_6.2e9_1.47946e+29_80.dat
        79       0.509649         3.1028       -22.4553        8.37136        31.8937        21.3591       -3300.99     /gpfs/hpu/EHT2/IHARM/SANE/SANE_a-0.5_288x128x128_IHARM/m_1_1_80/image_a-0.5_1474_17_0_230.e9_6.2e9_1.47946e+29_80.dat
        80       0.791515        3.83821        83.0544        9.95456        102.388        61.2687       -9671.18     /gpfs/hpu/EHT2/IHARM/SANE/SANE_a-0.5_288x128x128_IHARM/m_1_1_80/image_a-0.5_1480_17_0_230.e9_6.2e9_1.47946e+29_80.dat
        81       0.697516        3.61229        223.532        10.3282        65.6321        40.9772       -6083.86     /gpfs/hpu/EHT2/IHARM/SANE/SANE_a-0.5_288x128x128_IHARM/m_1_1_80/image_a-0.5_1486_17_0_230.e9_6.2e9_1.47946e+29_80.dat
        82       0.390999         3.5236       -55.2295        10.4202         40.972        27.2948       -3818.89     /gpfs/hpu/EHT2/IHARM/SANE/SANE_a-0.5_288x128x128_IHARM/m_1_1_80/image_a-0.5_1492_17_0_230.e9_6.2e9_1.47946e+29_80.dat
        83       0.461938        3.09084       -24.4559        15.8988        39.0826        28.6072       -4028.42     /gpfs/hpu/EHT2/IHARM/SANE/SANE_a-0.5_288x128x128_IHARM/m_1_1_80/image_a-0.5_1498_17_0_230.e9_6.2e9_1.47946e+29_80.dat
        84       0.600656        3.20282       -32.8931        8.28495        35.1287         23.122       -3369.74     /gpfs/hpu/EHT2/IHARM/SANE/SANE_a-0.5_288x128x128_IHARM/m_1_1_80/image_a-0.5_1504_17_0_230.e9_6.2e9_1.47946e+29_80.dat
        85       0.592175        3.52168        71.1848        4.58814        29.4841         18.386       -2857.26     /gpfs/hpu/EHT2/IHARM/SANE/SANE_a-0.5_288x128x128_IHARM/m_1_1_80/image_a-0.5_1510_17_0_230.e9_6.2e9_1.47946e+29_80.dat
        86       0.830241        3.41124        -146.25        8.11869         73.714        44.5211       -6869.61     /gpfs/hpu/EHT2/IHARM/SANE/SANE_a-0.5_288x128x128_IHARM/m_1_1_80/image_a-0.5_1516_17_0_230.e9_6.2e9_1.47946e+29_80.dat
        87       0.681565        3.35514       -125.772        7.64945        28.7974        19.3248       -2944.86     /gpfs/hpu/EHT2/IHARM/SANE/SANE_a-0.5_288x128x128_IHARM/m_1_1_80/image_a-0.5_1522_17_0_230.e9_6.2e9_1.47946e+29_80.dat
        88       0.686741        3.20312       -231.337        5.71754        49.9338        30.2526       -4318.02     /gpfs/hpu/EHT2/IHARM/SANE/SANE_a-0.5_288x128x128_IHARM/m_1_1_80/image_a-0.5_1528_17_0_230.e9_6.2e9_1.47946e+29_80.dat
        89       0.523012         3.2917       -320.726        6.34333         15.339        11.2723       -1915.08     /gpfs/hpu/EHT2/IHARM/SANE/SANE_a-0.5_288x128x128_IHARM/m_1_1_80/image_a-0.5_1534_17_0_230.e9_6.2e9_1.47946e+29_80.dat
        90       0.855519         3.3125       -271.249        7.02347        52.1239        32.0347       -4877.16     /gpfs/hpu/EHT2/IHARM/SANE/SANE_a-0.5_288x128x128_IHARM/m_1_1_80/image_a-0.5_1540_17_0_230.e9_6.2e9_1.47946e+29_80.dat
        91        0.81126        3.31946       -126.211         6.5678        34.9346        22.2731       -3443.04     /gpfs/hpu/EHT2/IHARM/SANE/SANE_a-0.5_288x128x128_IHARM/m_1_1_80/image_a-0.5_1546_17_0_230.e9_6.2e9_1.47946e+29_80.dat
        92       0.613331        3.12592       -66.0908        18.4293        67.3753        45.4424       -6435.41     /gpfs/hpu/EHT2/IHARM/SANE/SANE_a-0.5_288x128x128_IHARM/m_1_1_80/image_a-0.5_1552_17_0_230.e9_6.2e9_1.47946e+29_80.dat
        93       0.766218        3.09717       -3.87862        4.71389         36.136        22.1418       -3725.72     /gpfs/hpu/EHT2/IHARM/SANE/SANE_a-0.5_288x128x128_IHARM/m_1_1_80/image_a-0.5_1558_17_0_230.e9_6.2e9_1.47946e+29_80.dat
        94       0.638038        3.07728      -0.879414        3.22728        31.1085        18.7028       -2887.34     /gpfs/hpu/EHT2/IHARM/SANE/SANE_a-0.5_288x128x128_IHARM/m_1_1_80/image_a-0.5_1564_17_0_230.e9_6.2e9_1.47946e+29_80.dat
        95       0.708781        3.29607        114.457        4.84674        38.7489         23.653       -3723.78     /gpfs/hpu/EHT2/IHARM/SANE/SANE_a-0.5_288x128x128_IHARM/m_1_1_80/image_a-0.5_1570_17_0_230.e9_6.2e9_1.47946e+29_80.dat
        96       0.668155        3.06652       -14.5354        5.39054        46.4033         28.147       -4072.14     /gpfs/hpu/EHT2/IHARM/SANE/SANE_a-0.5_288x128x128_IHARM/m_1_1_80/image_a-0.5_1576_17_0_230.e9_6.2e9_1.47946e+29_80.dat
        97        0.43033        3.06289       -43.3653        4.12899        9.92441        7.30392       -1340.09     /gpfs/hpu/EHT2/IHARM/SANE/SANE_a-0.5_288x128x128_IHARM/m_1_1_80/image_a-0.5_1582_17_0_230.e9_6.2e9_1.47946e+29_80.dat
        98       0.372822        3.10518       -32.5554        2.99529        22.7229        13.9365       -2120.19     /gpfs/hpu/EHT2/IHARM/SANE/SANE_a-0.5_288x128x128_IHARM/m_1_1_80/image_a-0.5_1588_17_0_230.e9_6.2e9_1.47946e+29_80.dat
        99       0.791296        3.31979        12.2011        3.06095        25.6089        15.5708       -2441.91     /gpfs/hpu/EHT2/IHARM/SANE/SANE_a-0.5_288x128x128_IHARM/m_1_1_80/image_a-0.5_1594_17_0_230.e9_6.2e9_1.47946e+29_80.dat
