   # Index         I (Jy)      M/D (uas)       PA (deg)  VA red. chisq  CP red. chisq     red. chisq     log-liklhd     FileName
         0       0.567874        3.81446        187.022        47.0005        19.3197         30.088       -2389.16     /gpfs/hpu/EHT2/KORAL/SANE/SANE_a+0.94_192x192x192_KORAL/m_1_1_1/image_a+0.94_9000_163_0_230.e9_6.2e9_1.2285e+27_1.dat
         1       0.488385        3.70745        177.134        46.2806         22.146        31.4178       -2452.59     /gpfs/hpu/EHT2/KORAL/SANE/SANE_a+0.94_192x192x192_KORAL/m_1_1_1/image_a+0.94_9010_163_0_230.e9_6.2e9_1.2285e+27_1.dat
         2        0.61003        3.68635         173.86        51.1879        24.9831        35.0296       -2736.94     /gpfs/hpu/EHT2/KORAL/SANE/SANE_a+0.94_192x192x192_KORAL/m_1_1_1/image_a+0.94_9020_163_0_230.e9_6.2e9_1.2285e+27_1.dat
         3        0.79567        3.83158        180.682        50.9376        26.2434        35.6511       -2825.52     /gpfs/hpu/EHT2/KORAL/SANE/SANE_a+0.94_192x192x192_KORAL/m_1_1_1/image_a+0.94_9030_163_0_230.e9_6.2e9_1.2285e+27_1.dat
         4       0.577013        3.68892         169.27        45.7009        20.1323        30.0285       -2364.43     /gpfs/hpu/EHT2/KORAL/SANE/SANE_a+0.94_192x192x192_KORAL/m_1_1_1/image_a+0.94_9040_163_0_230.e9_6.2e9_1.2285e+27_1.dat
         5       0.613801          3.755        177.538        38.1147         20.059        26.9185       -2179.02     /gpfs/hpu/EHT2/KORAL/SANE/SANE_a+0.94_192x192x192_KORAL/m_1_1_1/image_a+0.94_9050_163_0_230.e9_6.2e9_1.2285e+27_1.dat
         6       0.599473        3.84118        175.574        36.8095        18.5115        25.5031       -2082.59     /gpfs/hpu/EHT2/KORAL/SANE/SANE_a+0.94_192x192x192_KORAL/m_1_1_1/image_a+0.94_9060_163_0_230.e9_6.2e9_1.2285e+27_1.dat
         7       0.777985        3.98299        172.217         49.969        21.3967        32.4797       -2576.42     /gpfs/hpu/EHT2/KORAL/SANE/SANE_a+0.94_192x192x192_KORAL/m_1_1_1/image_a+0.94_9070_163_0_230.e9_6.2e9_1.2285e+27_1.dat
         8       0.593618        3.86654        175.036        43.2473        18.1476        27.8979       -2248.61     /gpfs/hpu/EHT2/KORAL/SANE/SANE_a+0.94_192x192x192_KORAL/m_1_1_1/image_a+0.94_9080_163_0_230.e9_6.2e9_1.2285e+27_1.dat
         9       0.508063        3.83991        174.272         32.659        17.5648        23.2816       -1920.79     /gpfs/hpu/EHT2/KORAL/SANE/SANE_a+0.94_192x192x192_KORAL/m_1_1_1/image_a+0.94_9090_163_0_230.e9_6.2e9_1.2285e+27_1.dat
        10       0.469251        3.91404        162.333        21.9738        13.8977        16.8572       -1461.77     /gpfs/hpu/EHT2/KORAL/SANE/SANE_a+0.94_192x192x192_KORAL/m_1_1_1/image_a+0.94_9100_163_0_230.e9_6.2e9_1.2285e+27_1.dat
        11       0.458822        3.92212        164.909        18.7394        16.2323        16.8881       -1435.59     /gpfs/hpu/EHT2/KORAL/SANE/SANE_a+0.94_192x192x192_KORAL/m_1_1_1/image_a+0.94_9110_163_0_230.e9_6.2e9_1.2285e+27_1.dat
        12       0.478919        3.85018        162.325        16.7141        17.3731        16.7233       -1448.69     /gpfs/hpu/EHT2/KORAL/SANE/SANE_a+0.94_192x192x192_KORAL/m_1_1_1/image_a+0.94_9120_163_0_230.e9_6.2e9_1.2285e+27_1.dat
        13       0.451683        3.76413        158.778        20.4463        19.5854        19.5016       -1635.94     /gpfs/hpu/EHT2/KORAL/SANE/SANE_a+0.94_192x192x192_KORAL/m_1_1_1/image_a+0.94_9130_163_0_230.e9_6.2e9_1.2285e+27_1.dat
        14       0.606399        3.74016        179.427        21.0555        17.4059        18.4979       -1631.15     /gpfs/hpu/EHT2/KORAL/SANE/SANE_a+0.94_192x192x192_KORAL/m_1_1_1/image_a+0.94_9140_163_0_230.e9_6.2e9_1.2285e+27_1.dat
        15       0.485676        3.84649        176.956          22.43        14.3438        17.2976       -1502.12     /gpfs/hpu/EHT2/KORAL/SANE/SANE_a+0.94_192x192x192_KORAL/m_1_1_1/image_a+0.94_9150_163_0_230.e9_6.2e9_1.2285e+27_1.dat
        16       0.443184         3.9763        185.856        17.9058        11.4264        13.7947       -1243.35     /gpfs/hpu/EHT2/KORAL/SANE/SANE_a+0.94_192x192x192_KORAL/m_1_1_1/image_a+0.94_9160_163_0_230.e9_6.2e9_1.2285e+27_1.dat
        17        0.52653        3.94059        182.782         27.938        17.6217         21.405       -1766.38     /gpfs/hpu/EHT2/KORAL/SANE/SANE_a+0.94_192x192x192_KORAL/m_1_1_1/image_a+0.94_9170_163_0_230.e9_6.2e9_1.2285e+27_1.dat
        18       0.390912        3.82068         174.42         35.711         21.085        26.5348       -2106.49     /gpfs/hpu/EHT2/KORAL/SANE/SANE_a+0.94_192x192x192_KORAL/m_1_1_1/image_a+0.94_9180_163_0_230.e9_6.2e9_1.2285e+27_1.dat
        19       0.438423        3.87625        179.986        29.1704        15.2888        20.5654       -1714.33     /gpfs/hpu/EHT2/KORAL/SANE/SANE_a+0.94_192x192x192_KORAL/m_1_1_1/image_a+0.94_9190_163_0_230.e9_6.2e9_1.2285e+27_1.dat
        20       0.443662        3.91203        184.554        33.7463        15.0976        22.3063       -1818.24     /gpfs/hpu/EHT2/KORAL/SANE/SANE_a+0.94_192x192x192_KORAL/m_1_1_1/image_a+0.94_9200_163_0_230.e9_6.2e9_1.2285e+27_1.dat
        21       0.591988        4.01941        186.227        41.0578        18.5367        27.2356       -2192.71     /gpfs/hpu/EHT2/KORAL/SANE/SANE_a+0.94_192x192x192_KORAL/m_1_1_1/image_a+0.94_9210_163_0_230.e9_6.2e9_1.2285e+27_1.dat
        22        0.42833         3.9393        168.432        33.9711        19.1184        24.7033       -1980.44     /gpfs/hpu/EHT2/KORAL/SANE/SANE_a+0.94_192x192x192_KORAL/m_1_1_1/image_a+0.94_9220_163_0_230.e9_6.2e9_1.2285e+27_1.dat
        23       0.570182         3.6894        189.421        27.5868        27.2366        26.7774       -2189.76     /gpfs/hpu/EHT2/KORAL/SANE/SANE_a+0.94_192x192x192_KORAL/m_1_1_1/image_a+0.94_9230_163_0_230.e9_6.2e9_1.2285e+27_1.dat
        24       0.632674        3.66002        182.612        35.5691        14.4414        22.6671       -1872.74     /gpfs/hpu/EHT2/KORAL/SANE/SANE_a+0.94_192x192x192_KORAL/m_1_1_1/image_a+0.94_9240_163_0_230.e9_6.2e9_1.2285e+27_1.dat
        25        0.63199        3.62111         183.54        31.9131        16.1385         22.162       -1854.96     /gpfs/hpu/EHT2/KORAL/SANE/SANE_a+0.94_192x192x192_KORAL/m_1_1_1/image_a+0.94_9250_163_0_230.e9_6.2e9_1.2285e+27_1.dat
        26       0.507734        3.75662        192.436        30.1958          16.01        21.3937       -1792.64     /gpfs/hpu/EHT2/KORAL/SANE/SANE_a+0.94_192x192x192_KORAL/m_1_1_1/image_a+0.94_9260_163_0_230.e9_6.2e9_1.2285e+27_1.dat
        27         0.5426         3.7994        189.365        37.8414        18.8571        26.1186       -2118.62     /gpfs/hpu/EHT2/KORAL/SANE/SANE_a+0.94_192x192x192_KORAL/m_1_1_1/image_a+0.94_9270_163_0_230.e9_6.2e9_1.2285e+27_1.dat
        28       0.614722        3.78226        179.326        62.7639        21.1476        37.5112       -2901.62     /gpfs/hpu/EHT2/KORAL/SANE/SANE_a+0.94_192x192x192_KORAL/m_1_1_1/image_a+0.94_9280_163_0_230.e9_6.2e9_1.2285e+27_1.dat
        29       0.516186        3.57797        171.413        51.9224        23.0057        34.1925       -2638.08     /gpfs/hpu/EHT2/KORAL/SANE/SANE_a+0.94_192x192x192_KORAL/m_1_1_1/image_a+0.94_9290_163_0_230.e9_6.2e9_1.2285e+27_1.dat
        30        0.59314        3.90888        180.321        35.3404        19.3769        25.4053       -2055.93     /gpfs/hpu/EHT2/KORAL/SANE/SANE_a+0.94_192x192x192_KORAL/m_1_1_1/image_a+0.94_9300_163_0_230.e9_6.2e9_1.2285e+27_1.dat
        31       0.552469        3.82898        180.143        39.8575        16.2242        25.4239       -2043.64     /gpfs/hpu/EHT2/KORAL/SANE/SANE_a+0.94_192x192x192_KORAL/m_1_1_1/image_a+0.94_9310_163_0_230.e9_6.2e9_1.2285e+27_1.dat
        32       0.803769        3.68406         186.23        39.2759        21.4651        28.1945       -2330.92     /gpfs/hpu/EHT2/KORAL/SANE/SANE_a+0.94_192x192x192_KORAL/m_1_1_1/image_a+0.94_9320_163_0_230.e9_6.2e9_1.2285e+27_1.dat
        33       0.530959        3.67916         177.76        40.1568        18.5793        26.8956       -2177.82     /gpfs/hpu/EHT2/KORAL/SANE/SANE_a+0.94_192x192x192_KORAL/m_1_1_1/image_a+0.94_9330_163_0_230.e9_6.2e9_1.2285e+27_1.dat
        34       0.469405        3.76535        167.324         34.653        16.2359        23.3258       -1922.69     /gpfs/hpu/EHT2/KORAL/SANE/SANE_a+0.94_192x192x192_KORAL/m_1_1_1/image_a+0.94_9340_163_0_230.e9_6.2e9_1.2285e+27_1.dat
        35       0.484554        3.71854        182.838        27.4466        13.7687        18.9965       -1599.47     /gpfs/hpu/EHT2/KORAL/SANE/SANE_a+0.94_192x192x192_KORAL/m_1_1_1/image_a+0.94_9350_163_0_230.e9_6.2e9_1.2285e+27_1.dat
        36        0.54222        3.80668        191.565        32.7044        17.2516        23.1203       -1904.26     /gpfs/hpu/EHT2/KORAL/SANE/SANE_a+0.94_192x192x192_KORAL/m_1_1_1/image_a+0.94_9360_163_0_230.e9_6.2e9_1.2285e+27_1.dat
        37       0.528832        3.83433        182.226        45.3985        19.0219        29.2693       -2317.06     /gpfs/hpu/EHT2/KORAL/SANE/SANE_a+0.94_192x192x192_KORAL/m_1_1_1/image_a+0.94_9370_163_0_230.e9_6.2e9_1.2285e+27_1.dat
        38       0.607706        3.71266        179.678        39.8742        26.4548        31.2982       -2477.36     /gpfs/hpu/EHT2/KORAL/SANE/SANE_a+0.94_192x192x192_KORAL/m_1_1_1/image_a+0.94_9380_163_0_230.e9_6.2e9_1.2285e+27_1.dat
        39       0.597647        3.89405        176.293        39.7209        17.9567        26.3623       -2143.97     /gpfs/hpu/EHT2/KORAL/SANE/SANE_a+0.94_192x192x192_KORAL/m_1_1_1/image_a+0.94_9390_163_0_230.e9_6.2e9_1.2285e+27_1.dat
        40       0.497545        3.70164         168.18        46.3894        24.7388        32.9488       -2549.91     /gpfs/hpu/EHT2/KORAL/SANE/SANE_a+0.94_192x192x192_KORAL/m_1_1_1/image_a+0.94_9400_163_0_230.e9_6.2e9_1.2285e+27_1.dat
        41       0.609268        3.75479        183.427        27.4476        18.8024        21.8839       -1857.91     /gpfs/hpu/EHT2/KORAL/SANE/SANE_a+0.94_192x192x192_KORAL/m_1_1_1/image_a+0.94_9410_163_0_230.e9_6.2e9_1.2285e+27_1.dat
        42       0.512182        3.91192        176.864        36.7922        15.6949        23.8807       -1953.95     /gpfs/hpu/EHT2/KORAL/SANE/SANE_a+0.94_192x192x192_KORAL/m_1_1_1/image_a+0.94_9420_163_0_230.e9_6.2e9_1.2285e+27_1.dat
        43       0.466793        3.75619        166.943        37.0668        16.2557        24.3134       -1957.95     /gpfs/hpu/EHT2/KORAL/SANE/SANE_a+0.94_192x192x192_KORAL/m_1_1_1/image_a+0.94_9430_163_0_230.e9_6.2e9_1.2285e+27_1.dat
        44       0.616144        3.70701        176.479        27.7413        22.7113        24.2445       -2018.65     /gpfs/hpu/EHT2/KORAL/SANE/SANE_a+0.94_192x192x192_KORAL/m_1_1_1/image_a+0.94_9440_163_0_230.e9_6.2e9_1.2285e+27_1.dat
        45       0.479791        3.64904         177.07        32.6312        15.2684        21.9533        -1821.9     /gpfs/hpu/EHT2/KORAL/SANE/SANE_a+0.94_192x192x192_KORAL/m_1_1_1/image_a+0.94_9450_163_0_230.e9_6.2e9_1.2285e+27_1.dat
        46        0.47515        3.79428        187.251        31.5056        15.9752        21.9035       -1801.84     /gpfs/hpu/EHT2/KORAL/SANE/SANE_a+0.94_192x192x192_KORAL/m_1_1_1/image_a+0.94_9460_163_0_230.e9_6.2e9_1.2285e+27_1.dat
        47       0.448463        3.89847        179.099        29.0367        18.5444        22.3785       -1819.66     /gpfs/hpu/EHT2/KORAL/SANE/SANE_a+0.94_192x192x192_KORAL/m_1_1_1/image_a+0.94_9470_163_0_230.e9_6.2e9_1.2285e+27_1.dat
        48       0.642933        3.96163         181.53        29.5876        19.5209        23.1614       -1923.17     /gpfs/hpu/EHT2/KORAL/SANE/SANE_a+0.94_192x192x192_KORAL/m_1_1_1/image_a+0.94_9480_163_0_230.e9_6.2e9_1.2285e+27_1.dat
        49       0.442797        3.77224         167.69        33.5949        26.4403        28.7505       -2270.56     /gpfs/hpu/EHT2/KORAL/SANE/SANE_a+0.94_192x192x192_KORAL/m_1_1_1/image_a+0.94_9490_163_0_230.e9_6.2e9_1.2285e+27_1.dat
        50       0.507438        3.81698        178.445        36.0422        15.6107        23.5291        -1931.9     /gpfs/hpu/EHT2/KORAL/SANE/SANE_a+0.94_192x192x192_KORAL/m_1_1_1/image_a+0.94_9500_163_0_230.e9_6.2e9_1.2285e+27_1.dat
        51       0.566779        3.83188        188.332        32.6149        19.1437        24.1693       -1997.79     /gpfs/hpu/EHT2/KORAL/SANE/SANE_a+0.94_192x192x192_KORAL/m_1_1_1/image_a+0.94_9510_163_0_230.e9_6.2e9_1.2285e+27_1.dat
        52         0.9037        3.81262        177.291        35.5877        18.1206        24.7848       -2074.45     /gpfs/hpu/EHT2/KORAL/SANE/SANE_a+0.94_192x192x192_KORAL/m_1_1_1/image_a+0.94_9520_163_0_230.e9_6.2e9_1.2285e+27_1.dat
        53       0.547346        3.82192         173.97        40.7541        19.9062        27.8982       -2216.54     /gpfs/hpu/EHT2/KORAL/SANE/SANE_a+0.94_192x192x192_KORAL/m_1_1_1/image_a+0.94_9530_163_0_230.e9_6.2e9_1.2285e+27_1.dat
        54       0.510197        3.65683        176.264        21.7681        18.8947        19.6399       -1669.33     /gpfs/hpu/EHT2/KORAL/SANE/SANE_a+0.94_192x192x192_KORAL/m_1_1_1/image_a+0.94_9540_163_0_230.e9_6.2e9_1.2285e+27_1.dat
        55       0.589099        3.85842        179.382        29.9363        18.2965        22.6002       -1884.71     /gpfs/hpu/EHT2/KORAL/SANE/SANE_a+0.94_192x192x192_KORAL/m_1_1_1/image_a+0.94_9550_163_0_230.e9_6.2e9_1.2285e+27_1.dat
        56       0.639356        3.91144        171.021        29.6555        19.4048        23.1222       -1930.34     /gpfs/hpu/EHT2/KORAL/SANE/SANE_a+0.94_192x192x192_KORAL/m_1_1_1/image_a+0.94_9560_163_0_230.e9_6.2e9_1.2285e+27_1.dat
        57        0.63955        3.72286        172.424        28.6349        24.3871         25.567       -2105.41     /gpfs/hpu/EHT2/KORAL/SANE/SANE_a+0.94_192x192x192_KORAL/m_1_1_1/image_a+0.94_9570_163_0_230.e9_6.2e9_1.2285e+27_1.dat
        58       0.608361        3.82698        178.253        25.3582        17.6771        20.3935       -1740.37     /gpfs/hpu/EHT2/KORAL/SANE/SANE_a+0.94_192x192x192_KORAL/m_1_1_1/image_a+0.94_9580_163_0_230.e9_6.2e9_1.2285e+27_1.dat
        59       0.551728        3.87572        170.176        16.8756        16.7903        16.4544       -1436.52     /gpfs/hpu/EHT2/KORAL/SANE/SANE_a+0.94_192x192x192_KORAL/m_1_1_1/image_a+0.94_9590_163_0_230.e9_6.2e9_1.2285e+27_1.dat
        60       0.527623        3.77435        172.785        24.5309         16.351        19.2984       -1622.04     /gpfs/hpu/EHT2/KORAL/SANE/SANE_a+0.94_192x192x192_KORAL/m_1_1_1/image_a+0.94_9600_163_0_230.e9_6.2e9_1.2285e+27_1.dat
        61       0.486306        3.55941        169.715        24.4375         23.659        23.4519       -1920.33     /gpfs/hpu/EHT2/KORAL/SANE/SANE_a+0.94_192x192x192_KORAL/m_1_1_1/image_a+0.94_9610_163_0_230.e9_6.2e9_1.2285e+27_1.dat
        62       0.561519        3.53506        174.331        22.5882         19.526        20.3337       -1720.85     /gpfs/hpu/EHT2/KORAL/SANE/SANE_a+0.94_192x192x192_KORAL/m_1_1_1/image_a+0.94_9620_163_0_230.e9_6.2e9_1.2285e+27_1.dat
        63       0.544084        3.66707        194.875        27.8546        17.2286        21.1459       -1791.29     /gpfs/hpu/EHT2/KORAL/SANE/SANE_a+0.94_192x192x192_KORAL/m_1_1_1/image_a+0.94_9630_163_0_230.e9_6.2e9_1.2285e+27_1.dat
        64       0.509298        3.61268        188.998        36.9211        19.0157        25.8374       -2109.35     /gpfs/hpu/EHT2/KORAL/SANE/SANE_a+0.94_192x192x192_KORAL/m_1_1_1/image_a+0.94_9640_163_0_230.e9_6.2e9_1.2285e+27_1.dat
        65       0.739167        3.52014        177.808        69.4513        22.7021        41.1073       -3145.99     /gpfs/hpu/EHT2/KORAL/SANE/SANE_a+0.94_192x192x192_KORAL/m_1_1_1/image_a+0.94_9650_163_0_230.e9_6.2e9_1.2285e+27_1.dat
        66        0.58324        3.68852        177.604        41.9242         21.597        29.3412       -2330.41     /gpfs/hpu/EHT2/KORAL/SANE/SANE_a+0.94_192x192x192_KORAL/m_1_1_1/image_a+0.94_9660_163_0_230.e9_6.2e9_1.2285e+27_1.dat
        67       0.554445        3.64716        175.313        16.6155        15.3231        15.5077       -1394.98     /gpfs/hpu/EHT2/KORAL/SANE/SANE_a+0.94_192x192x192_KORAL/m_1_1_1/image_a+0.94_9670_163_0_230.e9_6.2e9_1.2285e+27_1.dat
        68       0.561192        3.85066        180.582        19.2413        19.3044        18.8531       -1607.68     /gpfs/hpu/EHT2/KORAL/SANE/SANE_a+0.94_192x192x192_KORAL/m_1_1_1/image_a+0.94_9680_163_0_230.e9_6.2e9_1.2285e+27_1.dat
        69       0.445447        3.75064        166.495        24.9866        20.5811        21.9088       -1800.29     /gpfs/hpu/EHT2/KORAL/SANE/SANE_a+0.94_192x192x192_KORAL/m_1_1_1/image_a+0.94_9690_163_0_230.e9_6.2e9_1.2285e+27_1.dat
        70       0.581526        3.84917        171.777        21.6385        18.7631         19.512       -1640.84     /gpfs/hpu/EHT2/KORAL/SANE/SANE_a+0.94_192x192x192_KORAL/m_1_1_1/image_a+0.94_9700_163_0_230.e9_6.2e9_1.2285e+27_1.dat
        71       0.528078        3.80925        192.231        26.8859        16.6984          20.45       -1737.73     /gpfs/hpu/EHT2/KORAL/SANE/SANE_a+0.94_192x192x192_KORAL/m_1_1_1/image_a+0.94_9710_163_0_230.e9_6.2e9_1.2285e+27_1.dat
        72       0.623334         3.7214        192.613        35.2786        19.8278        25.6389       -2131.63     /gpfs/hpu/EHT2/KORAL/SANE/SANE_a+0.94_192x192x192_KORAL/m_1_1_1/image_a+0.94_9720_163_0_230.e9_6.2e9_1.2285e+27_1.dat
        73       0.541731        3.71191        190.725         23.563        19.6994        20.8273       -1796.33     /gpfs/hpu/EHT2/KORAL/SANE/SANE_a+0.94_192x192x192_KORAL/m_1_1_1/image_a+0.94_9730_163_0_230.e9_6.2e9_1.2285e+27_1.dat
        74       0.453994        3.67271        180.012        35.9113         17.459        24.5362       -1969.38     /gpfs/hpu/EHT2/KORAL/SANE/SANE_a+0.94_192x192x192_KORAL/m_1_1_1/image_a+0.94_9740_163_0_230.e9_6.2e9_1.2285e+27_1.dat
        75       0.534698        3.92546        191.481        42.5807        20.2442        28.8308       -2279.59     /gpfs/hpu/EHT2/KORAL/SANE/SANE_a+0.94_192x192x192_KORAL/m_1_1_1/image_a+0.94_9750_163_0_230.e9_6.2e9_1.2285e+27_1.dat
        76       0.460963        3.69819        176.136        36.0357        24.8202        28.8084        -2264.1     /gpfs/hpu/EHT2/KORAL/SANE/SANE_a+0.94_192x192x192_KORAL/m_1_1_1/image_a+0.94_9760_163_0_230.e9_6.2e9_1.2285e+27_1.dat
        77        0.67947        3.77219        186.374         36.958        18.3027        25.4434       -2110.28     /gpfs/hpu/EHT2/KORAL/SANE/SANE_a+0.94_192x192x192_KORAL/m_1_1_1/image_a+0.94_9770_163_0_230.e9_6.2e9_1.2285e+27_1.dat
        78       0.473772        3.66057        194.051        33.4415        15.9054        22.6464        -1875.3     /gpfs/hpu/EHT2/KORAL/SANE/SANE_a+0.94_192x192x192_KORAL/m_1_1_1/image_a+0.94_9780_163_0_230.e9_6.2e9_1.2285e+27_1.dat
        79       0.508653        3.64301        196.087        32.3453         16.572        22.5853       -1873.22     /gpfs/hpu/EHT2/KORAL/SANE/SANE_a+0.94_192x192x192_KORAL/m_1_1_1/image_a+0.94_9790_163_0_230.e9_6.2e9_1.2285e+27_1.dat
        80       0.713102        3.50819        189.892        51.5107        22.9866         34.015       -2702.34     /gpfs/hpu/EHT2/KORAL/SANE/SANE_a+0.94_192x192x192_KORAL/m_1_1_1/image_a+0.94_9800_163_0_230.e9_6.2e9_1.2285e+27_1.dat
        81       0.586751        3.59685         184.89        39.4179        16.2591        25.2662       -2072.64     /gpfs/hpu/EHT2/KORAL/SANE/SANE_a+0.94_192x192x192_KORAL/m_1_1_1/image_a+0.94_9810_163_0_230.e9_6.2e9_1.2285e+27_1.dat
        82       0.494865        3.56235        185.972        33.9042        21.3755        25.9707       -2084.99     /gpfs/hpu/EHT2/KORAL/SANE/SANE_a+0.94_192x192x192_KORAL/m_1_1_1/image_a+0.94_9820_163_0_230.e9_6.2e9_1.2285e+27_1.dat
        83       0.718441        3.62522        193.144        54.4835        19.6519        33.3047       -2642.43     /gpfs/hpu/EHT2/KORAL/SANE/SANE_a+0.94_192x192x192_KORAL/m_1_1_1/image_a+0.94_9830_163_0_230.e9_6.2e9_1.2285e+27_1.dat
        84       0.491723        3.64577        185.917        42.1565        18.6689        27.7557        -2220.7     /gpfs/hpu/EHT2/KORAL/SANE/SANE_a+0.94_192x192x192_KORAL/m_1_1_1/image_a+0.94_9840_163_0_230.e9_6.2e9_1.2285e+27_1.dat
        85       0.673242         3.8528        185.168        54.0532         20.525        33.6314       -2646.29     /gpfs/hpu/EHT2/KORAL/SANE/SANE_a+0.94_192x192x192_KORAL/m_1_1_1/image_a+0.94_9850_163_0_230.e9_6.2e9_1.2285e+27_1.dat
        86       0.421332        3.75876        177.704        33.6071        17.4549         23.602       -1920.02     /gpfs/hpu/EHT2/KORAL/SANE/SANE_a+0.94_192x192x192_KORAL/m_1_1_1/image_a+0.94_9860_163_0_230.e9_6.2e9_1.2285e+27_1.dat
        87       0.530725        3.65567        192.709         43.987        15.8198         26.862       -2169.58     /gpfs/hpu/EHT2/KORAL/SANE/SANE_a+0.94_192x192x192_KORAL/m_1_1_1/image_a+0.94_9870_163_0_230.e9_6.2e9_1.2285e+27_1.dat
        88       0.479384        3.80231        189.403        41.4459        18.6914        27.4813       -2208.33     /gpfs/hpu/EHT2/KORAL/SANE/SANE_a+0.94_192x192x192_KORAL/m_1_1_1/image_a+0.94_9880_163_0_230.e9_6.2e9_1.2285e+27_1.dat
        89       0.526657        3.67553        171.068        47.2253        20.6923        30.9661       -2427.07     /gpfs/hpu/EHT2/KORAL/SANE/SANE_a+0.94_192x192x192_KORAL/m_1_1_1/image_a+0.94_9890_163_0_230.e9_6.2e9_1.2285e+27_1.dat
        90       0.505855        3.78933        197.217        34.7143        17.1691        23.8859       -1976.13     /gpfs/hpu/EHT2/KORAL/SANE/SANE_a+0.94_192x192x192_KORAL/m_1_1_1/image_a+0.94_9900_163_0_230.e9_6.2e9_1.2285e+27_1.dat
        91       0.604113        3.68786        197.231         42.982        19.1657        28.3746       -2291.07     /gpfs/hpu/EHT2/KORAL/SANE/SANE_a+0.94_192x192x192_KORAL/m_1_1_1/image_a+0.94_9910_163_0_230.e9_6.2e9_1.2285e+27_1.dat
        92       0.571964        3.79426        187.337        48.2117        20.9549        31.5156       -2510.68     /gpfs/hpu/EHT2/KORAL/SANE/SANE_a+0.94_192x192x192_KORAL/m_1_1_1/image_a+0.94_9920_163_0_230.e9_6.2e9_1.2285e+27_1.dat
        93       0.531863         3.7185         181.06        56.8098        21.2252        35.1478        -2732.7     /gpfs/hpu/EHT2/KORAL/SANE/SANE_a+0.94_192x192x192_KORAL/m_1_1_1/image_a+0.94_9930_163_0_230.e9_6.2e9_1.2285e+27_1.dat
        94       0.534793        3.79567        176.241         53.289        21.0077        33.5993       -2636.24     /gpfs/hpu/EHT2/KORAL/SANE/SANE_a+0.94_192x192x192_KORAL/m_1_1_1/image_a+0.94_9940_163_0_230.e9_6.2e9_1.2285e+27_1.dat
        95       0.553391        3.78899         169.28        53.2677        17.4752        31.5646       -2481.09     /gpfs/hpu/EHT2/KORAL/SANE/SANE_a+0.94_192x192x192_KORAL/m_1_1_1/image_a+0.94_9950_163_0_230.e9_6.2e9_1.2285e+27_1.dat
        96       0.580955        3.76317        185.657         28.132         17.112        21.1911       -1791.24     /gpfs/hpu/EHT2/KORAL/SANE/SANE_a+0.94_192x192x192_KORAL/m_1_1_1/image_a+0.94_9960_163_0_230.e9_6.2e9_1.2285e+27_1.dat
        97       0.587344        3.90655        185.056        44.0301        19.8728         29.204       -2350.87     /gpfs/hpu/EHT2/KORAL/SANE/SANE_a+0.94_192x192x192_KORAL/m_1_1_1/image_a+0.94_9970_163_0_230.e9_6.2e9_1.2285e+27_1.dat
        98       0.745217        3.99724        181.993        44.3318        18.1972        28.3649       -2324.69     /gpfs/hpu/EHT2/KORAL/SANE/SANE_a+0.94_192x192x192_KORAL/m_1_1_1/image_a+0.94_9980_163_0_230.e9_6.2e9_1.2285e+27_1.dat
        99       0.495176        3.82164        176.113        26.6192         18.762        21.5257       -1799.02     /gpfs/hpu/EHT2/KORAL/SANE/SANE_a+0.94_192x192x192_KORAL/m_1_1_1/image_a+0.94_9990_163_0_230.e9_6.2e9_1.2285e+27_1.dat
