   # Index         I (Jy)      M/D (uas)       PA (deg)  VA red. chisq  CP red. chisq     red. chisq     log-liklhd     FileName
         0       0.470684        3.43679        112.972        4.72867        10.1979        7.71483       -1447.23     /gpfs/hpu/EHT2/IHARM/MAD/MAD_a+0.5_384x192x192_IHARM/m_1_1_160/image_a+0.5_0000_163_0_230.e9_6.2e9_2.87962e+25_160.dat
         1       0.625275        3.55912         112.99        7.87983         23.714        16.5955       -2612.49     /gpfs/hpu/EHT2/IHARM/MAD/MAD_a+0.5_384x192x192_IHARM/m_1_1_160/image_a+0.5_0001_163_0_230.e9_6.2e9_2.87962e+25_160.dat
         2       0.385374        3.79718        112.972        2.99641        5.11919        4.14139       -903.596     /gpfs/hpu/EHT2/IHARM/MAD/MAD_a+0.5_384x192x192_IHARM/m_1_1_160/image_a+0.5_0002_163_0_230.e9_6.2e9_2.87962e+25_160.dat
         3       0.491112        3.69546        104.905        21.4659        25.6295        23.5231       -3454.19     /gpfs/hpu/EHT2/IHARM/MAD/MAD_a+0.5_384x192x192_IHARM/m_1_1_160/image_a+0.5_0003_163_0_230.e9_6.2e9_2.87962e+25_160.dat
         4       0.450344        3.63543        103.086        13.6149        19.0863        16.4947       -2442.01     /gpfs/hpu/EHT2/IHARM/MAD/MAD_a+0.5_384x192x192_IHARM/m_1_1_160/image_a+0.5_0004_163_0_230.e9_6.2e9_2.87962e+25_160.dat
         5       0.494324        3.75947        103.028        17.3481        22.5612        20.0391        -2922.7     /gpfs/hpu/EHT2/IHARM/MAD/MAD_a+0.5_384x192x192_IHARM/m_1_1_160/image_a+0.5_0005_163_0_230.e9_6.2e9_2.87962e+25_160.dat
         6       0.432731        3.81766        103.038        14.3937        43.0064        30.1412       -4209.65     /gpfs/hpu/EHT2/IHARM/MAD/MAD_a+0.5_384x192x192_IHARM/m_1_1_160/image_a+0.5_0006_163_0_230.e9_6.2e9_2.87962e+25_160.dat
         7       0.454753         3.8335        103.075        17.9174        23.8625        21.0088       -3079.43     /gpfs/hpu/EHT2/IHARM/MAD/MAD_a+0.5_384x192x192_IHARM/m_1_1_160/image_a+0.5_0007_163_0_230.e9_6.2e9_2.87962e+25_160.dat
         8       0.371144        3.72361        103.061         11.739        25.5671        19.2917       -2825.36     /gpfs/hpu/EHT2/IHARM/MAD/MAD_a+0.5_384x192x192_IHARM/m_1_1_160/image_a+0.5_0008_163_0_230.e9_6.2e9_2.87962e+25_160.dat
         9        0.52464        4.03006         103.03        17.7215        22.8331        20.3515       -2999.26     /gpfs/hpu/EHT2/IHARM/MAD/MAD_a+0.5_384x192x192_IHARM/m_1_1_160/image_a+0.5_0009_163_0_230.e9_6.2e9_2.87962e+25_160.dat
        10       0.963112        3.40738            113        43.8055        47.3513        45.2487       -8162.37     /gpfs/hpu/EHT2/IHARM/MAD/MAD_a+0.5_384x192x192_IHARM/m_1_1_160/image_a+0.5_0010_163_0_230.e9_6.2e9_2.87962e+25_160.dat
        11       0.368356         3.7406        109.453        4.04176        7.39273        5.85752       -1115.53     /gpfs/hpu/EHT2/IHARM/MAD/MAD_a+0.5_384x192x192_IHARM/m_1_1_160/image_a+0.5_0011_163_0_230.e9_6.2e9_2.87962e+25_160.dat
        12       0.413747        4.21534         103.01        2.85401        5.62366        4.36066       -929.186     /gpfs/hpu/EHT2/IHARM/MAD/MAD_a+0.5_384x192x192_IHARM/m_1_1_160/image_a+0.5_0012_163_0_230.e9_6.2e9_2.87962e+25_160.dat
        13       0.425098        4.14715        103.016        4.70992        11.3172        8.32958       -1438.08     /gpfs/hpu/EHT2/IHARM/MAD/MAD_a+0.5_384x192x192_IHARM/m_1_1_160/image_a+0.5_0013_163_0_230.e9_6.2e9_2.87962e+25_160.dat
        14       0.474587        3.62337         112.88        9.55464        22.9741        16.9063       -2656.56     /gpfs/hpu/EHT2/IHARM/MAD/MAD_a+0.5_384x192x192_IHARM/m_1_1_160/image_a+0.5_0014_163_0_230.e9_6.2e9_2.87962e+25_160.dat
        15       0.734802        4.29109        112.998        14.5253        96.3485        59.8802       -8918.15     /gpfs/hpu/EHT2/IHARM/MAD/MAD_a+0.5_384x192x192_IHARM/m_1_1_160/image_a+0.5_0015_163_0_230.e9_6.2e9_2.87962e+25_160.dat
        16       0.353807        3.66818        111.722         6.4106        9.64294        8.13169       -1386.11     /gpfs/hpu/EHT2/IHARM/MAD/MAD_a+0.5_384x192x192_IHARM/m_1_1_160/image_a+0.5_0016_163_0_230.e9_6.2e9_2.87962e+25_160.dat
        17       0.399848        3.50702        104.282        5.27854         11.323        8.57815       -1504.94     /gpfs/hpu/EHT2/IHARM/MAD/MAD_a+0.5_384x192x192_IHARM/m_1_1_160/image_a+0.5_0017_163_0_230.e9_6.2e9_2.87962e+25_160.dat
        18       0.390453        3.70451         111.34        12.9214        36.3086        25.7789       -3616.83     /gpfs/hpu/EHT2/IHARM/MAD/MAD_a+0.5_384x192x192_IHARM/m_1_1_160/image_a+0.5_0018_163_0_230.e9_6.2e9_2.87962e+25_160.dat
        19       0.486087        3.49131        106.971        15.1649        23.3485        19.5352       -2844.37     /gpfs/hpu/EHT2/IHARM/MAD/MAD_a+0.5_384x192x192_IHARM/m_1_1_160/image_a+0.5_0019_163_0_230.e9_6.2e9_2.87962e+25_160.dat
        20       0.603553        3.72983        111.651        15.2572         40.308        29.0122       -4053.51     /gpfs/hpu/EHT2/IHARM/MAD/MAD_a+0.5_384x192x192_IHARM/m_1_1_160/image_a+0.5_0020_163_0_230.e9_6.2e9_2.87962e+25_160.dat
        21       0.493814        3.73931        103.006        9.13071        34.4966        23.1351       -3322.42     /gpfs/hpu/EHT2/IHARM/MAD/MAD_a+0.5_384x192x192_IHARM/m_1_1_160/image_a+0.5_0021_163_0_230.e9_6.2e9_2.87962e+25_160.dat
        22        1.15013        4.24338        108.493        15.0508        25.9668         20.943       -3293.79     /gpfs/hpu/EHT2/IHARM/MAD/MAD_a+0.5_384x192x192_IHARM/m_1_1_160/image_a+0.5_0022_163_0_230.e9_6.2e9_2.87962e+25_160.dat
        23       0.564369        3.70199        112.946        4.63827        5.34784          4.977        -1072.5     /gpfs/hpu/EHT2/IHARM/MAD/MAD_a+0.5_384x192x192_IHARM/m_1_1_160/image_a+0.5_0023_163_0_230.e9_6.2e9_2.87962e+25_160.dat
        24       0.658437        3.67145        103.293        2.31349        10.0369        6.58322       -1343.55     /gpfs/hpu/EHT2/IHARM/MAD/MAD_a+0.5_384x192x192_IHARM/m_1_1_160/image_a+0.5_0024_163_0_230.e9_6.2e9_2.87962e+25_160.dat
        25       0.538591        3.46035        112.977        4.70322        25.0791        15.9845       -2494.42     /gpfs/hpu/EHT2/IHARM/MAD/MAD_a+0.5_384x192x192_IHARM/m_1_1_160/image_a+0.5_0025_163_0_230.e9_6.2e9_2.87962e+25_160.dat
        26       0.506754        3.50726        112.991        11.3056        14.3743        12.8764       -2037.96     /gpfs/hpu/EHT2/IHARM/MAD/MAD_a+0.5_384x192x192_IHARM/m_1_1_160/image_a+0.5_0026_163_0_230.e9_6.2e9_2.87962e+25_160.dat
        27       0.815498        3.94738        112.998        10.0814        47.3181        30.6799       -5055.02     /gpfs/hpu/EHT2/IHARM/MAD/MAD_a+0.5_384x192x192_IHARM/m_1_1_160/image_a+0.5_0027_163_0_230.e9_6.2e9_2.87962e+25_160.dat
        28       0.544776        3.48131        103.016        8.27187        39.9069        25.7751        -3588.9     /gpfs/hpu/EHT2/IHARM/MAD/MAD_a+0.5_384x192x192_IHARM/m_1_1_160/image_a+0.5_0028_163_0_230.e9_6.2e9_2.87962e+25_160.dat
        29       0.593791        3.36025        112.983        15.5371        41.0591        29.5509       -4183.62     /gpfs/hpu/EHT2/IHARM/MAD/MAD_a+0.5_384x192x192_IHARM/m_1_1_160/image_a+0.5_0029_163_0_230.e9_6.2e9_2.87962e+25_160.dat
        30       0.458747        3.40368        103.126        10.2803         17.478        14.1611       -2228.41     /gpfs/hpu/EHT2/IHARM/MAD/MAD_a+0.5_384x192x192_IHARM/m_1_1_160/image_a+0.5_0030_163_0_230.e9_6.2e9_2.87962e+25_160.dat
        31       0.458314        3.34092        112.959        36.8715        35.2339        35.5142       -4860.44     /gpfs/hpu/EHT2/IHARM/MAD/MAD_a+0.5_384x192x192_IHARM/m_1_1_160/image_a+0.5_0031_163_0_230.e9_6.2e9_2.87962e+25_160.dat
        32        0.49237        3.45177        112.998        18.6817        27.5469        23.3888       -3385.84     /gpfs/hpu/EHT2/IHARM/MAD/MAD_a+0.5_384x192x192_IHARM/m_1_1_160/image_a+0.5_0032_163_0_230.e9_6.2e9_2.87962e+25_160.dat
        33       0.481915        3.24435        112.916        3.67207        10.4135        7.37892       -1328.83     /gpfs/hpu/EHT2/IHARM/MAD/MAD_a+0.5_384x192x192_IHARM/m_1_1_160/image_a+0.5_0033_163_0_230.e9_6.2e9_2.87962e+25_160.dat
        34       0.736391        3.87546        112.997        17.6693         47.005        33.7794       -4716.61     /gpfs/hpu/EHT2/IHARM/MAD/MAD_a+0.5_384x192x192_IHARM/m_1_1_160/image_a+0.5_0034_163_0_230.e9_6.2e9_2.87962e+25_160.dat
        35       0.725938        3.55795        103.002        25.1001         55.713        41.8311       -5767.59     /gpfs/hpu/EHT2/IHARM/MAD/MAD_a+0.5_384x192x192_IHARM/m_1_1_160/image_a+0.5_0035_163_0_230.e9_6.2e9_2.87962e+25_160.dat
        36       0.975441        3.26302        103.001        26.3645        32.0778        29.2247       -5237.33     /gpfs/hpu/EHT2/IHARM/MAD/MAD_a+0.5_384x192x192_IHARM/m_1_1_160/image_a+0.5_0036_163_0_230.e9_6.2e9_2.87962e+25_160.dat
        37       0.607627        3.27177        112.987        6.35692        48.7725        29.8822       -4546.75     /gpfs/hpu/EHT2/IHARM/MAD/MAD_a+0.5_384x192x192_IHARM/m_1_1_160/image_a+0.5_0037_163_0_230.e9_6.2e9_2.87962e+25_160.dat
        38       0.491588        3.42648        103.049        1.66678        7.92252        5.12763        -1081.5     /gpfs/hpu/EHT2/IHARM/MAD/MAD_a+0.5_384x192x192_IHARM/m_1_1_160/image_a+0.5_0038_163_0_230.e9_6.2e9_2.87962e+25_160.dat
        39       0.497281        3.57164        112.988         21.476        22.7363        21.9175       -3146.37     /gpfs/hpu/EHT2/IHARM/MAD/MAD_a+0.5_384x192x192_IHARM/m_1_1_160/image_a+0.5_0039_163_0_230.e9_6.2e9_2.87962e+25_160.dat
        40       0.383962        3.87923        103.563        3.69791        7.90925        5.99659       -1113.38     /gpfs/hpu/EHT2/IHARM/MAD/MAD_a+0.5_384x192x192_IHARM/m_1_1_160/image_a+0.5_0040_163_0_230.e9_6.2e9_2.87962e+25_160.dat
        41       0.492415        3.95245        112.984        8.50044        14.3691        11.6632       -1874.16     /gpfs/hpu/EHT2/IHARM/MAD/MAD_a+0.5_384x192x192_IHARM/m_1_1_160/image_a+0.5_0041_163_0_230.e9_6.2e9_2.87962e+25_160.dat
        42       0.376366        3.73571        106.882        5.43453        8.05643        6.82775       -1249.91     /gpfs/hpu/EHT2/IHARM/MAD/MAD_a+0.5_384x192x192_IHARM/m_1_1_160/image_a+0.5_0042_163_0_230.e9_6.2e9_2.87962e+25_160.dat
        43       0.476185        3.77487        103.022        13.0303        33.2989        24.1512       -3524.08     /gpfs/hpu/EHT2/IHARM/MAD/MAD_a+0.5_384x192x192_IHARM/m_1_1_160/image_a+0.5_0043_163_0_230.e9_6.2e9_2.87962e+25_160.dat
        44       0.369972        3.79061        112.977        1.59734        6.00923        4.03302       -895.608     /gpfs/hpu/EHT2/IHARM/MAD/MAD_a+0.5_384x192x192_IHARM/m_1_1_160/image_a+0.5_0044_163_0_230.e9_6.2e9_2.87962e+25_160.dat
        45       0.321822        3.63419        111.098         5.4528        8.21745        6.92523       -1253.12     /gpfs/hpu/EHT2/IHARM/MAD/MAD_a+0.5_384x192x192_IHARM/m_1_1_160/image_a+0.5_0045_163_0_230.e9_6.2e9_2.87962e+25_160.dat
        46       0.400303        3.56702        112.965        10.4099        10.0989        10.1109       -1662.63     /gpfs/hpu/EHT2/IHARM/MAD/MAD_a+0.5_384x192x192_IHARM/m_1_1_160/image_a+0.5_0046_163_0_230.e9_6.2e9_2.87962e+25_160.dat
        47       0.398578        3.83938        110.064        3.12047        8.09688        5.85185       -1137.85     /gpfs/hpu/EHT2/IHARM/MAD/MAD_a+0.5_384x192x192_IHARM/m_1_1_160/image_a+0.5_0047_163_0_230.e9_6.2e9_2.87962e+25_160.dat
        48        0.39009        3.56496        103.026        12.3588        30.0038        22.0279       -3159.81     /gpfs/hpu/EHT2/IHARM/MAD/MAD_a+0.5_384x192x192_IHARM/m_1_1_160/image_a+0.5_0048_163_0_230.e9_6.2e9_2.87962e+25_160.dat
        49       0.361761        3.63374        112.989        13.9586        20.5573        17.4616       -2563.66     /gpfs/hpu/EHT2/IHARM/MAD/MAD_a+0.5_384x192x192_IHARM/m_1_1_160/image_a+0.5_0049_163_0_230.e9_6.2e9_2.87962e+25_160.dat
        50       0.435503        3.72401        112.429        17.0409        18.6726        17.7427       -2632.97     /gpfs/hpu/EHT2/IHARM/MAD/MAD_a+0.5_384x192x192_IHARM/m_1_1_160/image_a+0.5_0050_163_0_230.e9_6.2e9_2.87962e+25_160.dat
        51       0.495284        3.44075        112.968        15.6186        16.1947        15.7502       -2397.81     /gpfs/hpu/EHT2/IHARM/MAD/MAD_a+0.5_384x192x192_IHARM/m_1_1_160/image_a+0.5_0051_163_0_230.e9_6.2e9_2.87962e+25_160.dat
        52       0.469459        3.45874        112.987        7.09306        8.80388        7.95925       -1373.41     /gpfs/hpu/EHT2/IHARM/MAD/MAD_a+0.5_384x192x192_IHARM/m_1_1_160/image_a+0.5_0052_163_0_230.e9_6.2e9_2.87962e+25_160.dat
        53       0.492312        3.77791        103.006        7.85961         10.092        9.00674       -1517.28     /gpfs/hpu/EHT2/IHARM/MAD/MAD_a+0.5_384x192x192_IHARM/m_1_1_160/image_a+0.5_0053_163_0_230.e9_6.2e9_2.87962e+25_160.dat
        54       0.526171        3.35394        112.981        12.6131        15.9919        14.3407       -2238.44     /gpfs/hpu/EHT2/IHARM/MAD/MAD_a+0.5_384x192x192_IHARM/m_1_1_160/image_a+0.5_0054_163_0_230.e9_6.2e9_2.87962e+25_160.dat
        55        0.42955        3.39216         103.06        8.24964        12.8726        10.7223       -1747.23     /gpfs/hpu/EHT2/IHARM/MAD/MAD_a+0.5_384x192x192_IHARM/m_1_1_160/image_a+0.5_0055_163_0_230.e9_6.2e9_2.87962e+25_160.dat
        56       0.408805        3.62471        112.982        2.41931        4.25364        3.41076       -820.659     /gpfs/hpu/EHT2/IHARM/MAD/MAD_a+0.5_384x192x192_IHARM/m_1_1_160/image_a+0.5_0056_163_0_230.e9_6.2e9_2.87962e+25_160.dat
        57       0.460441        3.63821        112.957        6.64459        8.84168        7.78679       -1355.97     /gpfs/hpu/EHT2/IHARM/MAD/MAD_a+0.5_384x192x192_IHARM/m_1_1_160/image_a+0.5_0057_163_0_230.e9_6.2e9_2.87962e+25_160.dat
        58       0.432051        3.45983        108.704        2.74782         5.8773        4.45598       -1002.15     /gpfs/hpu/EHT2/IHARM/MAD/MAD_a+0.5_384x192x192_IHARM/m_1_1_160/image_a+0.5_0058_163_0_230.e9_6.2e9_2.87962e+25_160.dat
        59       0.379495        3.62097        103.144        3.39565        6.61273        5.14472       -1023.15     /gpfs/hpu/EHT2/IHARM/MAD/MAD_a+0.5_384x192x192_IHARM/m_1_1_160/image_a+0.5_0059_163_0_230.e9_6.2e9_2.87962e+25_160.dat
        60        0.41828        3.91907         103.02        4.18466        13.8597        9.51775       -1645.59     /gpfs/hpu/EHT2/IHARM/MAD/MAD_a+0.5_384x192x192_IHARM/m_1_1_160/image_a+0.5_0060_163_0_230.e9_6.2e9_2.87962e+25_160.dat
        61        1.12548        4.11785        112.999        35.2181        103.761         72.933       -10481.4     /gpfs/hpu/EHT2/IHARM/MAD/MAD_a+0.5_384x192x192_IHARM/m_1_1_160/image_a+0.5_0061_163_0_230.e9_6.2e9_2.87962e+25_160.dat
        62       0.488504        3.70302        112.955        7.39979        22.1597        15.5234       -2336.17     /gpfs/hpu/EHT2/IHARM/MAD/MAD_a+0.5_384x192x192_IHARM/m_1_1_160/image_a+0.5_0062_163_0_230.e9_6.2e9_2.87962e+25_160.dat
        63       0.926238        3.55957         103.05         31.114         44.718        38.3076       -5480.97     /gpfs/hpu/EHT2/IHARM/MAD/MAD_a+0.5_384x192x192_IHARM/m_1_1_160/image_a+0.5_0063_163_0_230.e9_6.2e9_2.87962e+25_160.dat
        64       0.891643         3.6185         112.98        18.9883         25.968        22.6425       -3490.17     /gpfs/hpu/EHT2/IHARM/MAD/MAD_a+0.5_384x192x192_IHARM/m_1_1_160/image_a+0.5_0064_163_0_230.e9_6.2e9_2.87962e+25_160.dat
        65       0.774946        3.40984        103.045        8.19449        12.8664        10.6951       -1903.24     /gpfs/hpu/EHT2/IHARM/MAD/MAD_a+0.5_384x192x192_IHARM/m_1_1_160/image_a+0.5_0065_163_0_230.e9_6.2e9_2.87962e+25_160.dat
        66       0.955123         3.1793        103.185        8.34717        12.1114        10.3408       -1938.43     /gpfs/hpu/EHT2/IHARM/MAD/MAD_a+0.5_384x192x192_IHARM/m_1_1_160/image_a+0.5_0066_163_0_230.e9_6.2e9_2.87962e+25_160.dat
        67       0.564208        3.28186        103.152        16.3266        12.1738        13.8183       -2197.81     /gpfs/hpu/EHT2/IHARM/MAD/MAD_a+0.5_384x192x192_IHARM/m_1_1_160/image_a+0.5_0067_163_0_230.e9_6.2e9_2.87962e+25_160.dat
        68       0.400678        3.31941        103.143        6.05538        6.06918        5.98981       -1170.93     /gpfs/hpu/EHT2/IHARM/MAD/MAD_a+0.5_384x192x192_IHARM/m_1_1_160/image_a+0.5_0068_163_0_230.e9_6.2e9_2.87962e+25_160.dat
        69       0.742978        3.92301        112.981         4.7703        11.4271         8.4168       -1545.08     /gpfs/hpu/EHT2/IHARM/MAD/MAD_a+0.5_384x192x192_IHARM/m_1_1_160/image_a+0.5_0069_163_0_230.e9_6.2e9_2.87962e+25_160.dat
        70       0.860886        4.35755        112.998         11.755        45.0022        30.1132       -4294.06     /gpfs/hpu/EHT2/IHARM/MAD/MAD_a+0.5_384x192x192_IHARM/m_1_1_160/image_a+0.5_0070_163_0_230.e9_6.2e9_2.87962e+25_160.dat
        71       0.519939        3.43044        103.014        10.8089        19.2631        15.3825       -2346.69     /gpfs/hpu/EHT2/IHARM/MAD/MAD_a+0.5_384x192x192_IHARM/m_1_1_160/image_a+0.5_0071_163_0_230.e9_6.2e9_2.87962e+25_160.dat
        72       0.394367        3.42935        103.008        9.55507         27.986        19.6954       -2873.19     /gpfs/hpu/EHT2/IHARM/MAD/MAD_a+0.5_384x192x192_IHARM/m_1_1_160/image_a+0.5_0072_163_0_230.e9_6.2e9_2.87962e+25_160.dat
        73       0.832244        3.33937        112.988        13.3661        19.8793        16.8287       -2708.73     /gpfs/hpu/EHT2/IHARM/MAD/MAD_a+0.5_384x192x192_IHARM/m_1_1_160/image_a+0.5_0073_163_0_230.e9_6.2e9_2.87962e+25_160.dat
        74       0.444775        3.81023        104.035        2.99858        9.42834        6.54016       -1222.86     /gpfs/hpu/EHT2/IHARM/MAD/MAD_a+0.5_384x192x192_IHARM/m_1_1_160/image_a+0.5_0074_163_0_230.e9_6.2e9_2.87962e+25_160.dat
        75       0.435747        3.61769        112.832        6.91742        8.47691        7.70152       -1373.53     /gpfs/hpu/EHT2/IHARM/MAD/MAD_a+0.5_384x192x192_IHARM/m_1_1_160/image_a+0.5_0075_163_0_230.e9_6.2e9_2.87962e+25_160.dat
        76       0.536129        4.06489        110.259        3.58377        6.76038        5.30805       -1054.56     /gpfs/hpu/EHT2/IHARM/MAD/MAD_a+0.5_384x192x192_IHARM/m_1_1_160/image_a+0.5_0076_163_0_230.e9_6.2e9_2.87962e+25_160.dat
        77       0.385454        3.80221        112.936        5.96479         6.2294        6.03988       -1140.34     /gpfs/hpu/EHT2/IHARM/MAD/MAD_a+0.5_384x192x192_IHARM/m_1_1_160/image_a+0.5_0077_163_0_230.e9_6.2e9_2.87962e+25_160.dat
        78       0.486953        3.79486        105.534         9.4701        25.0519        18.0261       -2638.08     /gpfs/hpu/EHT2/IHARM/MAD/MAD_a+0.5_384x192x192_IHARM/m_1_1_160/image_a+0.5_0078_163_0_230.e9_6.2e9_2.87962e+25_160.dat
        79       0.627036        3.63411        103.001        15.8678        36.4568        27.1326       -3954.39     /gpfs/hpu/EHT2/IHARM/MAD/MAD_a+0.5_384x192x192_IHARM/m_1_1_160/image_a+0.5_0079_163_0_230.e9_6.2e9_2.87962e+25_160.dat
        80       0.539313        3.66373        112.998        15.6731        27.8589        22.2643       -3250.28     /gpfs/hpu/EHT2/IHARM/MAD/MAD_a+0.5_384x192x192_IHARM/m_1_1_160/image_a+0.5_0080_163_0_230.e9_6.2e9_2.87962e+25_160.dat
        81       0.497481        3.56012        103.044        8.69366        20.9637        15.4162       -2406.36     /gpfs/hpu/EHT2/IHARM/MAD/MAD_a+0.5_384x192x192_IHARM/m_1_1_160/image_a+0.5_0081_163_0_230.e9_6.2e9_2.87962e+25_160.dat
        82       0.446963        3.61975        112.967        10.3321        6.89701        8.29567       -1495.82     /gpfs/hpu/EHT2/IHARM/MAD/MAD_a+0.5_384x192x192_IHARM/m_1_1_160/image_a+0.5_0082_163_0_230.e9_6.2e9_2.87962e+25_160.dat
        83       0.420792        3.80915        112.998        6.65319        35.9853        22.8946       -3315.34     /gpfs/hpu/EHT2/IHARM/MAD/MAD_a+0.5_384x192x192_IHARM/m_1_1_160/image_a+0.5_0083_163_0_230.e9_6.2e9_2.87962e+25_160.dat
        84       0.522392        3.93081        112.998        3.42817        27.5841        16.8283       -2512.47     /gpfs/hpu/EHT2/IHARM/MAD/MAD_a+0.5_384x192x192_IHARM/m_1_1_160/image_a+0.5_0084_163_0_230.e9_6.2e9_2.87962e+25_160.dat
        85        0.78818        3.05297        103.001         27.956        75.0841        53.8423       -7258.99     /gpfs/hpu/EHT2/IHARM/MAD/MAD_a+0.5_384x192x192_IHARM/m_1_1_160/image_a+0.5_0085_163_0_230.e9_6.2e9_2.87962e+25_160.dat
        86       0.678987        3.71362        112.985        4.47035        23.5912        15.0561       -2382.53     /gpfs/hpu/EHT2/IHARM/MAD/MAD_a+0.5_384x192x192_IHARM/m_1_1_160/image_a+0.5_0086_163_0_230.e9_6.2e9_2.87962e+25_160.dat
        87       0.401262        3.55245        103.177        13.0105        14.4963        13.6799          -2093     /gpfs/hpu/EHT2/IHARM/MAD/MAD_a+0.5_384x192x192_IHARM/m_1_1_160/image_a+0.5_0087_163_0_230.e9_6.2e9_2.87962e+25_160.dat
        88         0.4651        3.55013        112.993        6.78815        13.6102        10.5022       -1722.15     /gpfs/hpu/EHT2/IHARM/MAD/MAD_a+0.5_384x192x192_IHARM/m_1_1_160/image_a+0.5_0088_163_0_230.e9_6.2e9_2.87962e+25_160.dat
        89       0.439421        3.46529        103.004        9.60632        23.5321        17.2391       -2578.92     /gpfs/hpu/EHT2/IHARM/MAD/MAD_a+0.5_384x192x192_IHARM/m_1_1_160/image_a+0.5_0089_163_0_230.e9_6.2e9_2.87962e+25_160.dat
        90        0.50124        3.26677        112.974        6.44301        33.8567        21.6194       -3157.82     /gpfs/hpu/EHT2/IHARM/MAD/MAD_a+0.5_384x192x192_IHARM/m_1_1_160/image_a+0.5_0090_163_0_230.e9_6.2e9_2.87962e+25_160.dat
        91        0.44693        3.46004        103.039        6.31836        15.0617        11.1072       -1781.04     /gpfs/hpu/EHT2/IHARM/MAD/MAD_a+0.5_384x192x192_IHARM/m_1_1_160/image_a+0.5_0091_163_0_230.e9_6.2e9_2.87962e+25_160.dat
        92       0.564241        3.63433        112.951        5.48576        25.9895        16.8287       -2656.56     /gpfs/hpu/EHT2/IHARM/MAD/MAD_a+0.5_384x192x192_IHARM/m_1_1_160/image_a+0.5_0092_163_0_230.e9_6.2e9_2.87962e+25_160.dat
        93       0.460557        3.71003        112.979        5.80491          6.733        6.25113       -1171.42     /gpfs/hpu/EHT2/IHARM/MAD/MAD_a+0.5_384x192x192_IHARM/m_1_1_160/image_a+0.5_0093_163_0_230.e9_6.2e9_2.87962e+25_160.dat
        94       0.630269        3.76425        103.002         7.4149        42.2486        26.7084       -5317.99     /gpfs/hpu/EHT2/IHARM/MAD/MAD_a+0.5_384x192x192_IHARM/m_1_1_160/image_a+0.5_0094_163_0_230.e9_6.2e9_2.87962e+25_160.dat
        95       0.578425        3.75847        103.402        5.88902        13.4088        10.0022        -1689.8     /gpfs/hpu/EHT2/IHARM/MAD/MAD_a+0.5_384x192x192_IHARM/m_1_1_160/image_a+0.5_0095_163_0_230.e9_6.2e9_2.87962e+25_160.dat
        96       0.701909        3.96565        103.019        14.9975        16.1771        15.4725       -2402.74     /gpfs/hpu/EHT2/IHARM/MAD/MAD_a+0.5_384x192x192_IHARM/m_1_1_160/image_a+0.5_0096_163_0_230.e9_6.2e9_2.87962e+25_160.dat
        97       0.708703        3.44875        112.935        28.4412        19.0642        22.8793       -3389.93     /gpfs/hpu/EHT2/IHARM/MAD/MAD_a+0.5_384x192x192_IHARM/m_1_1_160/image_a+0.5_0097_163_0_230.e9_6.2e9_2.87962e+25_160.dat
        98       0.563744        3.95506        103.029        4.65952        16.1393        10.9911       -1811.67     /gpfs/hpu/EHT2/IHARM/MAD/MAD_a+0.5_384x192x192_IHARM/m_1_1_160/image_a+0.5_0098_163_0_230.e9_6.2e9_2.87962e+25_160.dat
        99       0.456101        3.67821         103.03        4.49025        6.72815        5.68121       -1092.93     /gpfs/hpu/EHT2/IHARM/MAD/MAD_a+0.5_384x192x192_IHARM/m_1_1_160/image_a+0.5_0099_163_0_230.e9_6.2e9_2.87962e+25_160.dat
