   # Index         I (Jy)      M/D (uas)       PA (deg)  VA red. chisq  CP red. chisq     red. chisq     log-liklhd     FileName
         0       0.449117        1.98556       -241.616        68.2061        35.6181        48.0114        -3565.7     /gpfs/hpu/EHT2/IHARM/SANE/SANE_a-0.5_288x128x128_IHARM/m_1_1_1/image_a-0.5_1000_17_0_230.e9_6.2e9_1.21342e+28_1.dat
         1       0.628671        1.89355        -189.16         78.376        39.5009        54.3511        -4087.8     /gpfs/hpu/EHT2/IHARM/SANE/SANE_a-0.5_288x128x128_IHARM/m_1_1_1/image_a-0.5_1006_17_0_230.e9_6.2e9_1.21342e+28_1.dat
         2       0.707581        2.00655       -161.572        66.8069        27.0335         42.522       -3331.35     /gpfs/hpu/EHT2/IHARM/SANE/SANE_a-0.5_288x128x128_IHARM/m_1_1_1/image_a-0.5_1012_17_0_230.e9_6.2e9_1.21342e+28_1.dat
         3       0.963729        2.10156       -148.423        87.4519        44.1281        60.6754       -4770.18     /gpfs/hpu/EHT2/IHARM/SANE/SANE_a-0.5_288x128x128_IHARM/m_1_1_1/image_a-0.5_1018_17_0_230.e9_6.2e9_1.21342e+28_1.dat
         4       0.827839        1.95491       -154.991        73.2879        79.8103         75.412       -5677.24     /gpfs/hpu/EHT2/IHARM/SANE/SANE_a-0.5_288x128x128_IHARM/m_1_1_1/image_a-0.5_1024_17_0_230.e9_6.2e9_1.21342e+28_1.dat
         5       0.805426        1.91329       -142.726        110.292        51.4786        74.1279       -5929.54     /gpfs/hpu/EHT2/IHARM/SANE/SANE_a-0.5_288x128x128_IHARM/m_1_1_1/image_a-0.5_1030_17_0_230.e9_6.2e9_1.21342e+28_1.dat
         6       0.876206        2.14599       -242.759         15.897        22.2959        19.2163       -1612.44     /gpfs/hpu/EHT2/IHARM/SANE/SANE_a-0.5_288x128x128_IHARM/m_1_1_1/image_a-0.5_1036_17_0_230.e9_6.2e9_1.21342e+28_1.dat
         7        1.75844        4.33575       -226.627        15.3827        51.5278        35.7737        -2788.4     /gpfs/hpu/EHT2/IHARM/SANE/SANE_a-0.5_288x128x128_IHARM/m_1_1_1/image_a-0.5_1042_17_0_230.e9_6.2e9_1.21342e+28_1.dat
         8       0.567443        2.00151       -159.907        54.1897        32.6896        40.6634       -3125.55     /gpfs/hpu/EHT2/IHARM/SANE/SANE_a-0.5_288x128x128_IHARM/m_1_1_1/image_a-0.5_1048_17_0_230.e9_6.2e9_1.21342e+28_1.dat
         9       0.686011        1.96185       -151.559        44.1926        49.9555        46.5229       -3563.12     /gpfs/hpu/EHT2/IHARM/SANE/SANE_a-0.5_288x128x128_IHARM/m_1_1_1/image_a-0.5_1054_17_0_230.e9_6.2e9_1.21342e+28_1.dat
        10       0.521616        1.95521        -264.81        20.8943        20.3365        20.1135       -1665.43     /gpfs/hpu/EHT2/IHARM/SANE/SANE_a-0.5_288x128x128_IHARM/m_1_1_1/image_a-0.5_1060_17_0_230.e9_6.2e9_1.21342e+28_1.dat
        11        0.49993        1.75934       -212.844        54.5444        38.3791        44.0699       -3338.26     /gpfs/hpu/EHT2/IHARM/SANE/SANE_a-0.5_288x128x128_IHARM/m_1_1_1/image_a-0.5_1066_17_0_230.e9_6.2e9_1.21342e+28_1.dat
        12       0.556351        2.03021       -287.401        19.4114        30.2963         25.226       -2004.63     /gpfs/hpu/EHT2/IHARM/SANE/SANE_a-0.5_288x128x128_IHARM/m_1_1_1/image_a-0.5_1072_17_0_230.e9_6.2e9_1.21342e+28_1.dat
        13        0.56017        1.93166       -284.345        35.4055        36.4856         35.244       -2720.48     /gpfs/hpu/EHT2/IHARM/SANE/SANE_a-0.5_288x128x128_IHARM/m_1_1_1/image_a-0.5_1078_17_0_230.e9_6.2e9_1.21342e+28_1.dat
        14       0.609067        2.00265       -179.518         50.278        61.9983        55.8909       -4181.58     /gpfs/hpu/EHT2/IHARM/SANE/SANE_a-0.5_288x128x128_IHARM/m_1_1_1/image_a-0.5_1084_17_0_230.e9_6.2e9_1.21342e+28_1.dat
        15       0.452613        2.09723       -291.263        32.4363        75.8242         56.605       -4322.37     /gpfs/hpu/EHT2/IHARM/SANE/SANE_a-0.5_288x128x128_IHARM/m_1_1_1/image_a-0.5_1090_17_0_230.e9_6.2e9_1.21342e+28_1.dat
        16        1.02236        7.46529       -279.724        59.5865        100.704        81.8542       -6965.09     /gpfs/hpu/EHT2/IHARM/SANE/SANE_a-0.5_288x128x128_IHARM/m_1_1_1/image_a-0.5_1096_17_0_230.e9_6.2e9_1.21342e+28_1.dat
        17       0.890855        2.02881       -156.821        108.564        47.3847        71.0813       -5383.32     /gpfs/hpu/EHT2/IHARM/SANE/SANE_a-0.5_288x128x128_IHARM/m_1_1_1/image_a-0.5_1102_17_0_230.e9_6.2e9_1.21342e+28_1.dat
        18       0.815759        2.01715       -166.058        53.2384        39.1589         43.989       -3404.01     /gpfs/hpu/EHT2/IHARM/SANE/SANE_a-0.5_288x128x128_IHARM/m_1_1_1/image_a-0.5_1108_17_0_230.e9_6.2e9_1.21342e+28_1.dat
        19       0.584615        2.18975       -253.307        13.6553        15.4207        14.3666        -1270.5     /gpfs/hpu/EHT2/IHARM/SANE/SANE_a-0.5_288x128x128_IHARM/m_1_1_1/image_a-0.5_1114_17_0_230.e9_6.2e9_1.21342e+28_1.dat
        20       0.614822        2.19523       -257.512        28.9745        28.2959        27.9462       -2202.81     /gpfs/hpu/EHT2/IHARM/SANE/SANE_a-0.5_288x128x128_IHARM/m_1_1_1/image_a-0.5_1120_17_0_230.e9_6.2e9_1.21342e+28_1.dat
        21         2.3496        5.97167       -250.717        25.3793        54.7628        41.6718          -3210     /gpfs/hpu/EHT2/IHARM/SANE/SANE_a-0.5_288x128x128_IHARM/m_1_1_1/image_a-0.5_1126_17_0_230.e9_6.2e9_1.21342e+28_1.dat
        22       0.958739        2.30844        -186.92        93.3442        42.5944        62.1786       -4788.18     /gpfs/hpu/EHT2/IHARM/SANE/SANE_a-0.5_288x128x128_IHARM/m_1_1_1/image_a-0.5_1132_17_0_230.e9_6.2e9_1.21342e+28_1.dat
        23       0.530525        1.99504       -195.663        95.4356        29.0948         55.282       -4074.72     /gpfs/hpu/EHT2/IHARM/SANE/SANE_a-0.5_288x128x128_IHARM/m_1_1_1/image_a-0.5_1138_17_0_230.e9_6.2e9_1.21342e+28_1.dat
        24       0.874132        2.19463       -186.473        51.9527         31.031        38.8075       -3094.75     /gpfs/hpu/EHT2/IHARM/SANE/SANE_a-0.5_288x128x128_IHARM/m_1_1_1/image_a-0.5_1144_17_0_230.e9_6.2e9_1.21342e+28_1.dat
        25       0.604343         2.0473       -178.053        75.1147        28.7656        46.8752       -3574.53     /gpfs/hpu/EHT2/IHARM/SANE/SANE_a-0.5_288x128x128_IHARM/m_1_1_1/image_a-0.5_1150_17_0_230.e9_6.2e9_1.21342e+28_1.dat
        26       0.730888        2.25647       -151.432        88.4094        65.5905        73.3719        -5413.2     /gpfs/hpu/EHT2/IHARM/SANE/SANE_a-0.5_288x128x128_IHARM/m_1_1_1/image_a-0.5_1156_17_0_230.e9_6.2e9_1.21342e+28_1.dat
        27       0.729257        1.81893       -151.719        70.1539        44.1148        53.6722       -4176.14     /gpfs/hpu/EHT2/IHARM/SANE/SANE_a-0.5_288x128x128_IHARM/m_1_1_1/image_a-0.5_1162_17_0_230.e9_6.2e9_1.21342e+28_1.dat
        28       0.490685        1.99104       -205.101        74.5648        23.2053        43.4638       -3270.66     /gpfs/hpu/EHT2/IHARM/SANE/SANE_a-0.5_288x128x128_IHARM/m_1_1_1/image_a-0.5_1168_17_0_230.e9_6.2e9_1.21342e+28_1.dat
        29       0.537673        2.01754       -185.228        52.5672        29.7479        38.3201          -2937     /gpfs/hpu/EHT2/IHARM/SANE/SANE_a-0.5_288x128x128_IHARM/m_1_1_1/image_a-0.5_1174_17_0_230.e9_6.2e9_1.21342e+28_1.dat
        30        0.86973        2.15591       -278.732        24.8652        41.3393        33.7651       -2619.14     /gpfs/hpu/EHT2/IHARM/SANE/SANE_a-0.5_288x128x128_IHARM/m_1_1_1/image_a-0.5_1180_17_0_230.e9_6.2e9_1.21342e+28_1.dat
        31       0.633113        1.97434         97.693        26.2213        20.8405        22.5569       -1841.37     /gpfs/hpu/EHT2/IHARM/SANE/SANE_a-0.5_288x128x128_IHARM/m_1_1_1/image_a-0.5_1186_17_0_230.e9_6.2e9_1.21342e+28_1.dat
        32        0.51514        1.76074        91.3781        30.6878         20.633        24.2441       -1971.42     /gpfs/hpu/EHT2/IHARM/SANE/SANE_a-0.5_288x128x128_IHARM/m_1_1_1/image_a-0.5_1192_17_0_230.e9_6.2e9_1.21342e+28_1.dat
        33       0.892071        2.03942        171.374         58.252        16.3552         32.938       -2608.66     /gpfs/hpu/EHT2/IHARM/SANE/SANE_a-0.5_288x128x128_IHARM/m_1_1_1/image_a-0.5_1198_17_0_230.e9_6.2e9_1.21342e+28_1.dat
        34        0.85139        1.89317        148.325        123.188        68.5507        89.1343       -6831.67     /gpfs/hpu/EHT2/IHARM/SANE/SANE_a-0.5_288x128x128_IHARM/m_1_1_1/image_a-0.5_1204_17_0_230.e9_6.2e9_1.21342e+28_1.dat
        35        1.03251        3.48083        46.6228         87.622        89.6171        86.8334       -6251.18     /gpfs/hpu/EHT2/IHARM/SANE/SANE_a-0.5_288x128x128_IHARM/m_1_1_1/image_a-0.5_1210_17_0_230.e9_6.2e9_1.21342e+28_1.dat
        36       0.527707        2.09347       -164.382        46.6291        54.9431        50.3688       -3836.23     /gpfs/hpu/EHT2/IHARM/SANE/SANE_a-0.5_288x128x128_IHARM/m_1_1_1/image_a-0.5_1216_17_0_230.e9_6.2e9_1.21342e+28_1.dat
        37       0.646723        2.18573       -182.269        124.806        68.4605        89.7372       -6566.46     /gpfs/hpu/EHT2/IHARM/SANE/SANE_a-0.5_288x128x128_IHARM/m_1_1_1/image_a-0.5_1222_17_0_230.e9_6.2e9_1.21342e+28_1.dat
        38       0.641265        2.16263       -140.792        90.7961        88.4363        87.4398       -6584.78     /gpfs/hpu/EHT2/IHARM/SANE/SANE_a-0.5_288x128x128_IHARM/m_1_1_1/image_a-0.5_1228_17_0_230.e9_6.2e9_1.21342e+28_1.dat
        39        1.02444        3.73944       -224.564        37.0798        71.1752        55.8166       -4136.14     /gpfs/hpu/EHT2/IHARM/SANE/SANE_a-0.5_288x128x128_IHARM/m_1_1_1/image_a-0.5_1234_17_0_230.e9_6.2e9_1.21342e+28_1.dat
        40        1.05368        2.39333       -208.413        87.1371        50.7467         64.344       -4722.97     /gpfs/hpu/EHT2/IHARM/SANE/SANE_a-0.5_288x128x128_IHARM/m_1_1_1/image_a-0.5_1240_17_0_230.e9_6.2e9_1.21342e+28_1.dat
        41       0.516737        1.83415       -159.207        83.1987        29.7586         50.714       -3779.41     /gpfs/hpu/EHT2/IHARM/SANE/SANE_a-0.5_288x128x128_IHARM/m_1_1_1/image_a-0.5_1246_17_0_230.e9_6.2e9_1.21342e+28_1.dat
        42        1.41548        2.05715       -157.481        18.9864        55.3058        39.3978       -3277.95     /gpfs/hpu/EHT2/IHARM/SANE/SANE_a-0.5_288x128x128_IHARM/m_1_1_1/image_a-0.5_1252_17_0_230.e9_6.2e9_1.21342e+28_1.dat
        43       0.533835        1.78327       -188.277        54.8603        27.8119        38.1371       -2899.11     /gpfs/hpu/EHT2/IHARM/SANE/SANE_a-0.5_288x128x128_IHARM/m_1_1_1/image_a-0.5_1258_17_0_230.e9_6.2e9_1.21342e+28_1.dat
        44       0.553513        1.88057       -235.856        115.537        53.2923        77.2892       -5571.73     /gpfs/hpu/EHT2/IHARM/SANE/SANE_a-0.5_288x128x128_IHARM/m_1_1_1/image_a-0.5_1264_17_0_230.e9_6.2e9_1.21342e+28_1.dat
        45        1.38257        5.07413       -252.735        62.9406        44.9724        51.2469       -3854.15     /gpfs/hpu/EHT2/IHARM/SANE/SANE_a-0.5_288x128x128_IHARM/m_1_1_1/image_a-0.5_1270_17_0_230.e9_6.2e9_1.21342e+28_1.dat
        46       0.605622        2.00103       -189.922        52.8542        32.7405        40.1525       -3159.14     /gpfs/hpu/EHT2/IHARM/SANE/SANE_a-0.5_288x128x128_IHARM/m_1_1_1/image_a-0.5_1276_17_0_230.e9_6.2e9_1.21342e+28_1.dat
        47       0.838832        2.30097        -185.91        34.3986        31.2642        31.8421       -3223.51     /gpfs/hpu/EHT2/IHARM/SANE/SANE_a-0.5_288x128x128_IHARM/m_1_1_1/image_a-0.5_1282_17_0_230.e9_6.2e9_1.21342e+28_1.dat
        48       0.809126        2.22289       -175.438        70.2839        31.9358        46.7397       -3773.75     /gpfs/hpu/EHT2/IHARM/SANE/SANE_a-0.5_288x128x128_IHARM/m_1_1_1/image_a-0.5_1288_17_0_230.e9_6.2e9_1.21342e+28_1.dat
        49       0.604628        2.00959       -170.959        81.7394        36.1472        53.7879        -4027.7     /gpfs/hpu/EHT2/IHARM/SANE/SANE_a-0.5_288x128x128_IHARM/m_1_1_1/image_a-0.5_1294_17_0_230.e9_6.2e9_1.21342e+28_1.dat
        50       0.529772        1.82274       -168.562        41.4744        69.4292        56.5924       -4253.68     /gpfs/hpu/EHT2/IHARM/SANE/SANE_a-0.5_288x128x128_IHARM/m_1_1_1/image_a-0.5_1300_17_0_230.e9_6.2e9_1.21342e+28_1.dat
        51       0.792011        1.95132       -274.705        41.7139        56.2794        49.1475       -3747.56     /gpfs/hpu/EHT2/IHARM/SANE/SANE_a-0.5_288x128x128_IHARM/m_1_1_1/image_a-0.5_1306_17_0_230.e9_6.2e9_1.21342e+28_1.dat
        52        1.72835        3.81753       -251.863        47.1591         116.67        85.9851       -7256.22     /gpfs/hpu/EHT2/IHARM/SANE/SANE_a-0.5_288x128x128_IHARM/m_1_1_1/image_a-0.5_1312_17_0_230.e9_6.2e9_1.21342e+28_1.dat
        53       0.756293        1.90782       -223.442        148.637        105.702        120.734       -9961.83     /gpfs/hpu/EHT2/IHARM/SANE/SANE_a-0.5_288x128x128_IHARM/m_1_1_1/image_a-0.5_1318_17_0_230.e9_6.2e9_1.21342e+28_1.dat
        54       0.833054          2.109       -134.735        83.1262        45.8171        59.8946       -4609.82     /gpfs/hpu/EHT2/IHARM/SANE/SANE_a-0.5_288x128x128_IHARM/m_1_1_1/image_a-0.5_1324_17_0_230.e9_6.2e9_1.21342e+28_1.dat
        55       0.847407          1.856        208.498        42.9371        23.6886        30.9504          -2552     /gpfs/hpu/EHT2/IHARM/SANE/SANE_a-0.5_288x128x128_IHARM/m_1_1_1/image_a-0.5_1330_17_0_230.e9_6.2e9_1.21342e+28_1.dat
        56         1.5322        3.12297        133.069        83.2426        127.479        106.778       -7663.25     /gpfs/hpu/EHT2/IHARM/SANE/SANE_a-0.5_288x128x128_IHARM/m_1_1_1/image_a-0.5_1336_17_0_230.e9_6.2e9_1.21342e+28_1.dat
        57       0.503083        1.90561        145.659        18.2509        11.2291        13.8211       -1228.04     /gpfs/hpu/EHT2/IHARM/SANE/SANE_a-0.5_288x128x128_IHARM/m_1_1_1/image_a-0.5_1342_17_0_230.e9_6.2e9_1.21342e+28_1.dat
        58        0.47668        1.94571        75.2983        10.2434        10.7597        10.3135       -1009.87     /gpfs/hpu/EHT2/IHARM/SANE/SANE_a-0.5_288x128x128_IHARM/m_1_1_1/image_a-0.5_1348_17_0_230.e9_6.2e9_1.21342e+28_1.dat
        59       0.800665        1.99714         107.48        55.9066        52.0029        52.4345        -4041.5     /gpfs/hpu/EHT2/IHARM/SANE/SANE_a-0.5_288x128x128_IHARM/m_1_1_1/image_a-0.5_1354_17_0_230.e9_6.2e9_1.21342e+28_1.dat
        60       0.582245        1.75155         132.67        63.7185        86.2646        75.2438       -5689.04     /gpfs/hpu/EHT2/IHARM/SANE/SANE_a-0.5_288x128x128_IHARM/m_1_1_1/image_a-0.5_1360_17_0_230.e9_6.2e9_1.21342e+28_1.dat
        61       0.980956         2.0544        149.478        22.8798        54.2877        40.3885       -3330.73     /gpfs/hpu/EHT2/IHARM/SANE/SANE_a-0.5_288x128x128_IHARM/m_1_1_1/image_a-0.5_1366_17_0_230.e9_6.2e9_1.21342e+28_1.dat
        62        0.87903        1.84881        118.964        114.988        31.7723        64.7248       -4812.47     /gpfs/hpu/EHT2/IHARM/SANE/SANE_a-0.5_288x128x128_IHARM/m_1_1_1/image_a-0.5_1372_17_0_230.e9_6.2e9_1.21342e+28_1.dat
        63       0.564835        1.95764        145.527          36.95        89.4435        66.2415       -4843.77     /gpfs/hpu/EHT2/IHARM/SANE/SANE_a-0.5_288x128x128_IHARM/m_1_1_1/image_a-0.5_1378_17_0_230.e9_6.2e9_1.21342e+28_1.dat
        64        1.14552        4.00269         76.914         14.709         45.175        31.8577       -2474.87     /gpfs/hpu/EHT2/IHARM/SANE/SANE_a-0.5_288x128x128_IHARM/m_1_1_1/image_a-0.5_1384_17_0_230.e9_6.2e9_1.21342e+28_1.dat
        65        0.93639        2.11686        164.633        29.8766        39.4645        34.7165       -3014.18     /gpfs/hpu/EHT2/IHARM/SANE/SANE_a-0.5_288x128x128_IHARM/m_1_1_1/image_a-0.5_1390_17_0_230.e9_6.2e9_1.21342e+28_1.dat
        66       0.829618        1.93295        67.8194        119.465        75.3864        91.5494        -6791.6     /gpfs/hpu/EHT2/IHARM/SANE/SANE_a-0.5_288x128x128_IHARM/m_1_1_1/image_a-0.5_1396_17_0_230.e9_6.2e9_1.21342e+28_1.dat
        67       0.974839        1.94888         180.85        38.5064        26.2982        30.6552       -2546.94     /gpfs/hpu/EHT2/IHARM/SANE/SANE_a-0.5_288x128x128_IHARM/m_1_1_1/image_a-0.5_1402_17_0_230.e9_6.2e9_1.21342e+28_1.dat
        68        1.29859        2.16041        163.976        70.1028        25.5681        43.0145       -3376.65     /gpfs/hpu/EHT2/IHARM/SANE/SANE_a-0.5_288x128x128_IHARM/m_1_1_1/image_a-0.5_1408_17_0_230.e9_6.2e9_1.21342e+28_1.dat
        69        0.73751        1.87023        154.338        105.297        69.5054        82.4467       -5964.78     /gpfs/hpu/EHT2/IHARM/SANE/SANE_a-0.5_288x128x128_IHARM/m_1_1_1/image_a-0.5_1414_17_0_230.e9_6.2e9_1.21342e+28_1.dat
        70       0.623309        1.80571        165.078        92.7998        29.5775        54.4929       -4067.46     /gpfs/hpu/EHT2/IHARM/SANE/SANE_a-0.5_288x128x128_IHARM/m_1_1_1/image_a-0.5_1420_17_0_230.e9_6.2e9_1.21342e+28_1.dat
        71       0.706182        1.92947        42.8888        51.2942        68.1139        59.8093       -4509.01     /gpfs/hpu/EHT2/IHARM/SANE/SANE_a-0.5_288x128x128_IHARM/m_1_1_1/image_a-0.5_1426_17_0_230.e9_6.2e9_1.21342e+28_1.dat
        72       0.742685        2.33693        151.065        120.328        55.4017        80.4367       -6165.84     /gpfs/hpu/EHT2/IHARM/SANE/SANE_a-0.5_288x128x128_IHARM/m_1_1_1/image_a-0.5_1432_17_0_230.e9_6.2e9_1.21342e+28_1.dat
        73       0.696961        2.29467        187.504         97.954        41.9031        63.6464       -4835.23     /gpfs/hpu/EHT2/IHARM/SANE/SANE_a-0.5_288x128x128_IHARM/m_1_1_1/image_a-0.5_1438_17_0_230.e9_6.2e9_1.21342e+28_1.dat
        74       0.762758        2.07081        213.289        86.3787        39.0176        57.3103       -4405.79     /gpfs/hpu/EHT2/IHARM/SANE/SANE_a-0.5_288x128x128_IHARM/m_1_1_1/image_a-0.5_1444_17_0_230.e9_6.2e9_1.21342e+28_1.dat
        75       0.549859        1.84264        206.223        48.3182        43.5286        44.5054       -3412.23     /gpfs/hpu/EHT2/IHARM/SANE/SANE_a-0.5_288x128x128_IHARM/m_1_1_1/image_a-0.5_1450_17_0_230.e9_6.2e9_1.21342e+28_1.dat
        76       0.464538        1.75238        156.795        99.5166        30.2488        57.5942        -4220.5     /gpfs/hpu/EHT2/IHARM/SANE/SANE_a-0.5_288x128x128_IHARM/m_1_1_1/image_a-0.5_1456_17_0_230.e9_6.2e9_1.21342e+28_1.dat
        77       0.495244        1.86687        177.678        52.2893        31.8706        39.4251       -2984.26     /gpfs/hpu/EHT2/IHARM/SANE/SANE_a-0.5_288x128x128_IHARM/m_1_1_1/image_a-0.5_1462_17_0_230.e9_6.2e9_1.21342e+28_1.dat
        78       0.538902        1.69897        176.766        128.853        29.5381        69.0504       -5032.51     /gpfs/hpu/EHT2/IHARM/SANE/SANE_a-0.5_288x128x128_IHARM/m_1_1_1/image_a-0.5_1468_17_0_230.e9_6.2e9_1.21342e+28_1.dat
        79        1.09526         2.1866        122.346        77.3176        73.0419        73.1598       -5395.36     /gpfs/hpu/EHT2/IHARM/SANE/SANE_a-0.5_288x128x128_IHARM/m_1_1_1/image_a-0.5_1474_17_0_230.e9_6.2e9_1.21342e+28_1.dat
        80        0.56871        2.11778        109.221        18.6868        29.7818        24.6379       -1993.75     /gpfs/hpu/EHT2/IHARM/SANE/SANE_a-0.5_288x128x128_IHARM/m_1_1_1/image_a-0.5_1480_17_0_230.e9_6.2e9_1.21342e+28_1.dat
        81       0.512184        2.10159        192.137         70.734        29.0925        45.2911       -3402.37     /gpfs/hpu/EHT2/IHARM/SANE/SANE_a-0.5_288x128x128_IHARM/m_1_1_1/image_a-0.5_1486_17_0_230.e9_6.2e9_1.21342e+28_1.dat
        82        0.72847        1.98685        117.095        68.3342        27.3747        43.3354        -3293.1     /gpfs/hpu/EHT2/IHARM/SANE/SANE_a-0.5_288x128x128_IHARM/m_1_1_1/image_a-0.5_1492_17_0_230.e9_6.2e9_1.21342e+28_1.dat
        83        0.67362        2.03792        125.319        31.2617        39.7556        35.4436       -2752.62     /gpfs/hpu/EHT2/IHARM/SANE/SANE_a-0.5_288x128x128_IHARM/m_1_1_1/image_a-0.5_1498_17_0_230.e9_6.2e9_1.21342e+28_1.dat
        84       0.920546         2.0534        153.728         33.674        53.0701        44.0555        -3406.1     /gpfs/hpu/EHT2/IHARM/SANE/SANE_a-0.5_288x128x128_IHARM/m_1_1_1/image_a-0.5_1504_17_0_230.e9_6.2e9_1.21342e+28_1.dat
        85       0.707513        1.98793        185.003        22.1187        24.0382        22.7317       -1984.77     /gpfs/hpu/EHT2/IHARM/SANE/SANE_a-0.5_288x128x128_IHARM/m_1_1_1/image_a-0.5_1510_17_0_230.e9_6.2e9_1.21342e+28_1.dat
        86       0.984189        4.07983        116.205        23.4483        27.7278        25.3855       -2229.48     /gpfs/hpu/EHT2/IHARM/SANE/SANE_a-0.5_288x128x128_IHARM/m_1_1_1/image_a-0.5_1516_17_0_230.e9_6.2e9_1.21342e+28_1.dat
        87       0.696495        1.85281        160.247        50.3821        28.8762        36.9365       -2911.01     /gpfs/hpu/EHT2/IHARM/SANE/SANE_a-0.5_288x128x128_IHARM/m_1_1_1/image_a-0.5_1522_17_0_230.e9_6.2e9_1.21342e+28_1.dat
        88        0.56091        2.08741        201.552        40.9308        21.4917         28.879       -2316.41     /gpfs/hpu/EHT2/IHARM/SANE/SANE_a-0.5_288x128x128_IHARM/m_1_1_1/image_a-0.5_1528_17_0_230.e9_6.2e9_1.21342e+28_1.dat
        89       0.452151        1.75811        190.077        24.8989        19.7115        21.3745       -1797.82     /gpfs/hpu/EHT2/IHARM/SANE/SANE_a-0.5_288x128x128_IHARM/m_1_1_1/image_a-0.5_1534_17_0_230.e9_6.2e9_1.21342e+28_1.dat
        90       0.412019        2.00169        145.866        16.0943        15.2519        15.2561       -1339.96     /gpfs/hpu/EHT2/IHARM/SANE/SANE_a-0.5_288x128x128_IHARM/m_1_1_1/image_a-0.5_1540_17_0_230.e9_6.2e9_1.21342e+28_1.dat
        91       0.423484        1.99243        173.094        25.6196        16.5184        19.8346       -1665.18     /gpfs/hpu/EHT2/IHARM/SANE/SANE_a-0.5_288x128x128_IHARM/m_1_1_1/image_a-0.5_1546_17_0_230.e9_6.2e9_1.21342e+28_1.dat
        92       0.475356        1.97279        191.105         41.515        28.0822        32.8951       -2573.73     /gpfs/hpu/EHT2/IHARM/SANE/SANE_a-0.5_288x128x128_IHARM/m_1_1_1/image_a-0.5_1552_17_0_230.e9_6.2e9_1.21342e+28_1.dat
        93        1.18816        4.35896        192.671        58.2409        36.1444        44.2832       -3368.74     /gpfs/hpu/EHT2/IHARM/SANE/SANE_a-0.5_288x128x128_IHARM/m_1_1_1/image_a-0.5_1558_17_0_230.e9_6.2e9_1.21342e+28_1.dat
        94       0.519156        1.81039        198.354        101.912        34.5625         61.037        -4516.5     /gpfs/hpu/EHT2/IHARM/SANE/SANE_a-0.5_288x128x128_IHARM/m_1_1_1/image_a-0.5_1564_17_0_230.e9_6.2e9_1.21342e+28_1.dat
        95       0.398539         1.7698        213.897        58.2465        26.2316        38.6001        -2951.9     /gpfs/hpu/EHT2/IHARM/SANE/SANE_a-0.5_288x128x128_IHARM/m_1_1_1/image_a-0.5_1570_17_0_230.e9_6.2e9_1.21342e+28_1.dat
        96       0.470183        1.74874        144.003        38.7827        9.66279        21.2261       -1736.08     /gpfs/hpu/EHT2/IHARM/SANE/SANE_a-0.5_288x128x128_IHARM/m_1_1_1/image_a-0.5_1576_17_0_230.e9_6.2e9_1.21342e+28_1.dat
        97       0.561369        1.84931        84.8403        17.4968        16.2024        16.3685       -1415.26     /gpfs/hpu/EHT2/IHARM/SANE/SANE_a-0.5_288x128x128_IHARM/m_1_1_1/image_a-0.5_1582_17_0_230.e9_6.2e9_1.21342e+28_1.dat
        98       0.387961        1.80242        123.012        58.0614        21.2773        35.6839       -2708.13     /gpfs/hpu/EHT2/IHARM/SANE/SANE_a-0.5_288x128x128_IHARM/m_1_1_1/image_a-0.5_1588_17_0_230.e9_6.2e9_1.21342e+28_1.dat
        99       0.458121        1.85002        105.103        46.7735        41.5384        42.7393       -3229.98     /gpfs/hpu/EHT2/IHARM/SANE/SANE_a-0.5_288x128x128_IHARM/m_1_1_1/image_a-0.5_1594_17_0_230.e9_6.2e9_1.21342e+28_1.dat
