   # Index         I (Jy)      M/D (uas)       PA (deg)  VA red. chisq  CP red. chisq     red. chisq     log-liklhd     FileName
         0        0.70484          3.304        135.798        5.72789        6.57163        6.09351       -739.713     /gpfs/hpu/EHT2/IHARM/MAD/MAD_a0_384x192x192_IHARM/m_1_1_80/image_a0_0000_163_0_230.e9_6.2e9_2.46114e+25_80.dat
         1        1.60468        5.03574       -11.1376        105.195         102.59        101.294       -7873.24     /gpfs/hpu/EHT2/IHARM/MAD/MAD_a0_384x192x192_IHARM/m_1_1_80/image_a0_0001_163_0_230.e9_6.2e9_2.46114e+25_80.dat
         2       0.407803        3.32799       -162.944        7.00559         6.0966        6.31447       -698.145     /gpfs/hpu/EHT2/IHARM/MAD/MAD_a0_384x192x192_IHARM/m_1_1_80/image_a0_0002_163_0_230.e9_6.2e9_2.46114e+25_80.dat
         3        0.80133        3.76607       -241.604        12.3047        40.8002        28.7388       -2462.98     /gpfs/hpu/EHT2/IHARM/MAD/MAD_a0_384x192x192_IHARM/m_1_1_80/image_a0_0003_163_0_230.e9_6.2e9_2.46114e+25_80.dat
         4       0.459629        3.30933       -147.655        15.3395        10.4616        12.1328       -1081.65     /gpfs/hpu/EHT2/IHARM/MAD/MAD_a0_384x192x192_IHARM/m_1_1_80/image_a0_0004_163_0_230.e9_6.2e9_2.46114e+25_80.dat
         5       0.483403        3.21564       -156.356        9.01032        10.3267        9.57908       -968.131     /gpfs/hpu/EHT2/IHARM/MAD/MAD_a0_384x192x192_IHARM/m_1_1_80/image_a0_0005_163_0_230.e9_6.2e9_2.46114e+25_80.dat
         6       0.465142        3.30635       -239.847        8.04757        8.07871        7.88431       -806.694     /gpfs/hpu/EHT2/IHARM/MAD/MAD_a0_384x192x192_IHARM/m_1_1_80/image_a0_0006_163_0_230.e9_6.2e9_2.46114e+25_80.dat
         7       0.551266        3.00346       -118.221        11.3428        20.0631        16.2011       -1396.07     /gpfs/hpu/EHT2/IHARM/MAD/MAD_a0_384x192x192_IHARM/m_1_1_80/image_a0_0007_163_0_230.e9_6.2e9_2.46114e+25_80.dat
         8       0.442891        3.03133       -165.468        11.1764        7.57687        8.81332       -860.691     /gpfs/hpu/EHT2/IHARM/MAD/MAD_a0_384x192x192_IHARM/m_1_1_80/image_a0_0008_163_0_230.e9_6.2e9_2.46114e+25_80.dat
         9       0.706811        3.11373       -197.153         7.4928        18.4381        13.7428       -1238.76     /gpfs/hpu/EHT2/IHARM/MAD/MAD_a0_384x192x192_IHARM/m_1_1_80/image_a0_0009_163_0_230.e9_6.2e9_2.46114e+25_80.dat
        10       0.543007        2.82815       -158.261        20.0768        18.4189        18.6517       -1547.02     /gpfs/hpu/EHT2/IHARM/MAD/MAD_a0_384x192x192_IHARM/m_1_1_80/image_a0_0010_163_0_230.e9_6.2e9_2.46114e+25_80.dat
        11       0.677045        3.32929       -99.6536        12.7573        20.7481        17.1559       -1460.78     /gpfs/hpu/EHT2/IHARM/MAD/MAD_a0_384x192x192_IHARM/m_1_1_80/image_a0_0011_163_0_230.e9_6.2e9_2.46114e+25_80.dat
        12        1.19457        4.20042       -194.179        10.8261        66.5218        43.2455       -3225.83     /gpfs/hpu/EHT2/IHARM/MAD/MAD_a0_384x192x192_IHARM/m_1_1_80/image_a0_0012_163_0_230.e9_6.2e9_2.46114e+25_80.dat
        13        1.95982        4.29031       -216.785        42.8793        47.9926        44.9109       -3747.21     /gpfs/hpu/EHT2/IHARM/MAD/MAD_a0_384x192x192_IHARM/m_1_1_80/image_a0_0013_163_0_230.e9_6.2e9_2.46114e+25_80.dat
        14       0.883973        3.58485       -256.389        21.7236        46.9363          36.02       -2720.56     /gpfs/hpu/EHT2/IHARM/MAD/MAD_a0_384x192x192_IHARM/m_1_1_80/image_a0_0014_163_0_230.e9_6.2e9_2.46114e+25_80.dat
        15       0.797677        2.67611       -194.397        14.6866        16.3057        15.3049       -1422.66     /gpfs/hpu/EHT2/IHARM/MAD/MAD_a0_384x192x192_IHARM/m_1_1_80/image_a0_0015_163_0_230.e9_6.2e9_2.46114e+25_80.dat
        16       0.750052        4.06087       -290.639         7.2328        28.4322        19.5024       -1595.72     /gpfs/hpu/EHT2/IHARM/MAD/MAD_a0_384x192x192_IHARM/m_1_1_80/image_a0_0016_163_0_230.e9_6.2e9_2.46114e+25_80.dat
        17       0.699938        3.66612       -303.766        31.6952        29.4882        29.6859       -2278.14     /gpfs/hpu/EHT2/IHARM/MAD/MAD_a0_384x192x192_IHARM/m_1_1_80/image_a0_0017_163_0_230.e9_6.2e9_2.46114e+25_80.dat
        18        1.50825        2.88618       -300.969        16.3534        40.7735        30.3061       -2615.88     /gpfs/hpu/EHT2/IHARM/MAD/MAD_a0_384x192x192_IHARM/m_1_1_80/image_a0_0018_163_0_230.e9_6.2e9_2.46114e+25_80.dat
        19        0.92971        3.54439       -316.398         18.659        72.7081        49.9361       -5085.82     /gpfs/hpu/EHT2/IHARM/MAD/MAD_a0_384x192x192_IHARM/m_1_1_80/image_a0_0019_163_0_230.e9_6.2e9_2.46114e+25_80.dat
        20        2.07542        10.4439       -141.241        147.657        166.517        155.387       -11100.5     /gpfs/hpu/EHT2/IHARM/MAD/MAD_a0_384x192x192_IHARM/m_1_1_80/image_a0_0020_163_0_230.e9_6.2e9_2.46114e+25_80.dat
        21       0.942968        3.77204       -200.825        18.9287         22.612        20.6619       -1780.59     /gpfs/hpu/EHT2/IHARM/MAD/MAD_a0_384x192x192_IHARM/m_1_1_80/image_a0_0021_163_0_230.e9_6.2e9_2.46114e+25_80.dat
        22       0.859004        3.22643       -153.588        22.9172        31.4219         27.388       -2253.79     /gpfs/hpu/EHT2/IHARM/MAD/MAD_a0_384x192x192_IHARM/m_1_1_80/image_a0_0022_163_0_230.e9_6.2e9_2.46114e+25_80.dat
        23       0.804721        3.48385       -172.582        25.6773        21.7416        22.7899        -1894.4     /gpfs/hpu/EHT2/IHARM/MAD/MAD_a0_384x192x192_IHARM/m_1_1_80/image_a0_0023_163_0_230.e9_6.2e9_2.46114e+25_80.dat
        24       0.615132        3.52634       -193.386        19.0682        28.1191        23.9462       -1893.13     /gpfs/hpu/EHT2/IHARM/MAD/MAD_a0_384x192x192_IHARM/m_1_1_80/image_a0_0024_163_0_230.e9_6.2e9_2.46114e+25_80.dat
        25       0.450304        3.35867       -205.374        6.56197        7.65576        7.05543       -749.401     /gpfs/hpu/EHT2/IHARM/MAD/MAD_a0_384x192x192_IHARM/m_1_1_80/image_a0_0025_163_0_230.e9_6.2e9_2.46114e+25_80.dat
        26       0.619075        3.66179       -175.722         29.621        48.7617        40.1782       -3009.16     /gpfs/hpu/EHT2/IHARM/MAD/MAD_a0_384x192x192_IHARM/m_1_1_80/image_a0_0026_163_0_230.e9_6.2e9_2.46114e+25_80.dat
        27       0.590741        3.64685       -180.603        25.4103        76.4465        54.7681       -3976.56     /gpfs/hpu/EHT2/IHARM/MAD/MAD_a0_384x192x192_IHARM/m_1_1_80/image_a0_0027_163_0_230.e9_6.2e9_2.46114e+25_80.dat
        28       0.576035        3.31757       -207.644         11.482        29.9795        22.0712       -1839.01     /gpfs/hpu/EHT2/IHARM/MAD/MAD_a0_384x192x192_IHARM/m_1_1_80/image_a0_0028_163_0_230.e9_6.2e9_2.46114e+25_80.dat
        29       0.639597        3.44651       -228.635        12.2648        49.3823        33.7563       -2651.42     /gpfs/hpu/EHT2/IHARM/MAD/MAD_a0_384x192x192_IHARM/m_1_1_80/image_a0_0029_163_0_230.e9_6.2e9_2.46114e+25_80.dat
        30       0.723157        3.10661        1.00099        21.3272        58.2184        42.4816       -3523.12     /gpfs/hpu/EHT2/IHARM/MAD/MAD_a0_384x192x192_IHARM/m_1_1_80/image_a0_0030_163_0_230.e9_6.2e9_2.46114e+25_80.dat
        31       0.892615        3.12612        170.068        28.7588        86.7461        62.1177       -5087.74     /gpfs/hpu/EHT2/IHARM/MAD/MAD_a0_384x192x192_IHARM/m_1_1_80/image_a0_0031_163_0_230.e9_6.2e9_2.46114e+25_80.dat
        32       0.546264        3.10764        191.205         8.1114        19.2381        14.4539       -1298.14     /gpfs/hpu/EHT2/IHARM/MAD/MAD_a0_384x192x192_IHARM/m_1_1_80/image_a0_0032_163_0_230.e9_6.2e9_2.46114e+25_80.dat
        33       0.783882        3.24788         160.27        15.8179        21.0683        18.5403        -1623.6     /gpfs/hpu/EHT2/IHARM/MAD/MAD_a0_384x192x192_IHARM/m_1_1_80/image_a0_0033_163_0_230.e9_6.2e9_2.46114e+25_80.dat
        34       0.757639        3.23231        151.913        12.6429        62.7593        41.7493       -3173.83     /gpfs/hpu/EHT2/IHARM/MAD/MAD_a0_384x192x192_IHARM/m_1_1_80/image_a0_0034_163_0_230.e9_6.2e9_2.46114e+25_80.dat
        35       0.473363        3.49194        208.524        6.97665        20.0905        14.5101       -1263.86     /gpfs/hpu/EHT2/IHARM/MAD/MAD_a0_384x192x192_IHARM/m_1_1_80/image_a0_0035_163_0_230.e9_6.2e9_2.46114e+25_80.dat
        36        0.46176        3.44943        234.326        18.8734        19.6346        18.8941       -1554.54     /gpfs/hpu/EHT2/IHARM/MAD/MAD_a0_384x192x192_IHARM/m_1_1_80/image_a0_0036_163_0_230.e9_6.2e9_2.46114e+25_80.dat
        37       0.749481        3.63838        229.207        6.29099        15.7205        11.6792       -1170.65     /gpfs/hpu/EHT2/IHARM/MAD/MAD_a0_384x192x192_IHARM/m_1_1_80/image_a0_0037_163_0_230.e9_6.2e9_2.46114e+25_80.dat
        38       0.454551         3.4397        215.553         7.2634        6.54722        6.67955       -727.442     /gpfs/hpu/EHT2/IHARM/MAD/MAD_a0_384x192x192_IHARM/m_1_1_80/image_a0_0038_163_0_230.e9_6.2e9_2.46114e+25_80.dat
        39       0.755288        3.23405        181.873        11.3633        13.8226        12.5493       -1217.98     /gpfs/hpu/EHT2/IHARM/MAD/MAD_a0_384x192x192_IHARM/m_1_1_80/image_a0_0039_163_0_230.e9_6.2e9_2.46114e+25_80.dat
        40       0.924358        3.29088        231.997        15.5456        15.2896        15.0448       -1441.81     /gpfs/hpu/EHT2/IHARM/MAD/MAD_a0_384x192x192_IHARM/m_1_1_80/image_a0_0040_163_0_230.e9_6.2e9_2.46114e+25_80.dat
        41       0.696152        3.31954         211.04        26.9831         13.519        18.4782       -1575.15     /gpfs/hpu/EHT2/IHARM/MAD/MAD_a0_384x192x192_IHARM/m_1_1_80/image_a0_0041_163_0_230.e9_6.2e9_2.46114e+25_80.dat
        42       0.458881        3.00018        190.171        23.4184        18.7256         20.138        -1651.6     /gpfs/hpu/EHT2/IHARM/MAD/MAD_a0_384x192x192_IHARM/m_1_1_80/image_a0_0042_163_0_230.e9_6.2e9_2.46114e+25_80.dat
        43       0.575999        3.32582        184.065        11.4498        15.8585        13.7771       -1246.33     /gpfs/hpu/EHT2/IHARM/MAD/MAD_a0_384x192x192_IHARM/m_1_1_80/image_a0_0043_163_0_230.e9_6.2e9_2.46114e+25_80.dat
        44       0.627949        3.31978         143.04        19.6911        6.43829        11.4746       -1095.49     /gpfs/hpu/EHT2/IHARM/MAD/MAD_a0_384x192x192_IHARM/m_1_1_80/image_a0_0044_163_0_230.e9_6.2e9_2.46114e+25_80.dat
        45        0.42213        3.43836        151.574        15.0421        8.83317        11.0615       -1003.27     /gpfs/hpu/EHT2/IHARM/MAD/MAD_a0_384x192x192_IHARM/m_1_1_80/image_a0_0045_163_0_230.e9_6.2e9_2.46114e+25_80.dat
        46       0.575909        3.59052        104.014        7.93099        16.4502        12.7483       -1134.75     /gpfs/hpu/EHT2/IHARM/MAD/MAD_a0_384x192x192_IHARM/m_1_1_80/image_a0_0046_163_0_230.e9_6.2e9_2.46114e+25_80.dat
        47       0.555695        3.34249        142.304        43.3566        37.2873        38.8192       -2906.05     /gpfs/hpu/EHT2/IHARM/MAD/MAD_a0_384x192x192_IHARM/m_1_1_80/image_a0_0047_163_0_230.e9_6.2e9_2.46114e+25_80.dat
        48       0.585079        3.45978        189.076        12.8734        28.2407        21.5954       -1790.35     /gpfs/hpu/EHT2/IHARM/MAD/MAD_a0_384x192x192_IHARM/m_1_1_80/image_a0_0048_163_0_230.e9_6.2e9_2.46114e+25_80.dat
        49       0.445203        3.11022        166.126        12.7985        6.90112         9.0512       -880.526     /gpfs/hpu/EHT2/IHARM/MAD/MAD_a0_384x192x192_IHARM/m_1_1_80/image_a0_0049_163_0_230.e9_6.2e9_2.46114e+25_80.dat
        50       0.589742        3.30535        188.321        10.9017        16.9572        14.2072       -1296.18     /gpfs/hpu/EHT2/IHARM/MAD/MAD_a0_384x192x192_IHARM/m_1_1_80/image_a0_0050_163_0_230.e9_6.2e9_2.46114e+25_80.dat
        51       0.448562        3.28117        162.073        6.08899        9.95986        8.22178       -835.606     /gpfs/hpu/EHT2/IHARM/MAD/MAD_a0_384x192x192_IHARM/m_1_1_80/image_a0_0051_163_0_230.e9_6.2e9_2.46114e+25_80.dat
        52       0.677698        3.21469        148.256        12.6064         30.168        22.6213       -1957.15     /gpfs/hpu/EHT2/IHARM/MAD/MAD_a0_384x192x192_IHARM/m_1_1_80/image_a0_0052_163_0_230.e9_6.2e9_2.46114e+25_80.dat
        53       0.495065        3.34751        116.565        6.46063        4.80524        5.34407       -662.009     /gpfs/hpu/EHT2/IHARM/MAD/MAD_a0_384x192x192_IHARM/m_1_1_80/image_a0_0053_163_0_230.e9_6.2e9_2.46114e+25_80.dat
        54       0.530647        3.28978        133.688        6.69132        10.6486        8.86118       -909.283     /gpfs/hpu/EHT2/IHARM/MAD/MAD_a0_384x192x192_IHARM/m_1_1_80/image_a0_0054_163_0_230.e9_6.2e9_2.46114e+25_80.dat
        55       0.527816        3.37685        84.0183        17.0827        32.5097        25.7448       -2079.74     /gpfs/hpu/EHT2/IHARM/MAD/MAD_a0_384x192x192_IHARM/m_1_1_80/image_a0_0055_163_0_230.e9_6.2e9_2.46114e+25_80.dat
        56        1.08334        3.52929        105.088        52.9439        402.806        256.932       -17681.7     /gpfs/hpu/EHT2/IHARM/MAD/MAD_a0_384x192x192_IHARM/m_1_1_80/image_a0_0056_163_0_230.e9_6.2e9_2.46114e+25_80.dat
        57       0.691971         3.1632         129.15        17.2823         20.402        18.7221       -1571.62     /gpfs/hpu/EHT2/IHARM/MAD/MAD_a0_384x192x192_IHARM/m_1_1_80/image_a0_0057_163_0_230.e9_6.2e9_2.46114e+25_80.dat
        58       0.478446        3.23404        104.098        14.1577        11.7453        12.4236       -1104.53     /gpfs/hpu/EHT2/IHARM/MAD/MAD_a0_384x192x192_IHARM/m_1_1_80/image_a0_0058_163_0_230.e9_6.2e9_2.46114e+25_80.dat
        59       0.652082         2.9267        163.276        6.48547        16.8001        12.3884       -1156.51     /gpfs/hpu/EHT2/IHARM/MAD/MAD_a0_384x192x192_IHARM/m_1_1_80/image_a0_0059_163_0_230.e9_6.2e9_2.46114e+25_80.dat
        60       0.525873        3.37885        161.856         6.4975        27.7794         18.832       -1584.44     /gpfs/hpu/EHT2/IHARM/MAD/MAD_a0_384x192x192_IHARM/m_1_1_80/image_a0_0060_163_0_230.e9_6.2e9_2.46114e+25_80.dat
        61        0.55367        3.18583        151.355        8.86628        14.9443        12.2309       -1133.58     /gpfs/hpu/EHT2/IHARM/MAD/MAD_a0_384x192x192_IHARM/m_1_1_80/image_a0_0061_163_0_230.e9_6.2e9_2.46114e+25_80.dat
        62       0.673651         3.4531        242.955        22.1477        81.9048        56.6937       -4163.48     /gpfs/hpu/EHT2/IHARM/MAD/MAD_a0_384x192x192_IHARM/m_1_1_80/image_a0_0062_163_0_230.e9_6.2e9_2.46114e+25_80.dat
        63       0.665609        3.22825        272.822        12.1337        27.6497        20.9596       -1785.16     /gpfs/hpu/EHT2/IHARM/MAD/MAD_a0_384x192x192_IHARM/m_1_1_80/image_a0_0063_163_0_230.e9_6.2e9_2.46114e+25_80.dat
        64       0.691155        3.30844        157.787        15.2034        72.7803        48.6274       -3761.63     /gpfs/hpu/EHT2/IHARM/MAD/MAD_a0_384x192x192_IHARM/m_1_1_80/image_a0_0064_163_0_230.e9_6.2e9_2.46114e+25_80.dat
        65        0.62508        3.28148        263.634        4.13625        21.8184         14.413       -1291.93     /gpfs/hpu/EHT2/IHARM/MAD/MAD_a0_384x192x192_IHARM/m_1_1_80/image_a0_0065_163_0_230.e9_6.2e9_2.46114e+25_80.dat
        66       0.616288         3.4306        245.875        13.8907        24.5164         19.809       -1704.18     /gpfs/hpu/EHT2/IHARM/MAD/MAD_a0_384x192x192_IHARM/m_1_1_80/image_a0_0066_163_0_230.e9_6.2e9_2.46114e+25_80.dat
        67       0.476147        3.11836        198.312        14.7493        31.9884        24.5267       -1930.37     /gpfs/hpu/EHT2/IHARM/MAD/MAD_a0_384x192x192_IHARM/m_1_1_80/image_a0_0067_163_0_230.e9_6.2e9_2.46114e+25_80.dat
        68        0.55046        3.01048        169.889        8.39656        22.3078        16.3657       -1423.35     /gpfs/hpu/EHT2/IHARM/MAD/MAD_a0_384x192x192_IHARM/m_1_1_80/image_a0_0068_163_0_230.e9_6.2e9_2.46114e+25_80.dat
        69        0.64176        3.06072         154.99         17.497        27.6494        23.0564       -1900.98     /gpfs/hpu/EHT2/IHARM/MAD/MAD_a0_384x192x192_IHARM/m_1_1_80/image_a0_0069_163_0_230.e9_6.2e9_2.46114e+25_80.dat
        70       0.506401        3.22278        160.374        7.22096        6.90515        6.87287       -731.911     /gpfs/hpu/EHT2/IHARM/MAD/MAD_a0_384x192x192_IHARM/m_1_1_80/image_a0_0070_163_0_230.e9_6.2e9_2.46114e+25_80.dat
        71       0.583652        3.19785        166.559        3.85344        6.99881        5.61117       -672.536     /gpfs/hpu/EHT2/IHARM/MAD/MAD_a0_384x192x192_IHARM/m_1_1_80/image_a0_0071_163_0_230.e9_6.2e9_2.46114e+25_80.dat
        72       0.588021        3.17503        155.674        5.77052        11.0643        8.74497       -934.185     /gpfs/hpu/EHT2/IHARM/MAD/MAD_a0_384x192x192_IHARM/m_1_1_80/image_a0_0072_163_0_230.e9_6.2e9_2.46114e+25_80.dat
        73       0.724851        3.54886        171.278        18.4754        8.29197        12.0864       -1128.72     /gpfs/hpu/EHT2/IHARM/MAD/MAD_a0_384x192x192_IHARM/m_1_1_80/image_a0_0073_163_0_230.e9_6.2e9_2.46114e+25_80.dat
        74       0.450542        3.40826        170.751        7.78777        8.67474        8.13228       -822.312     /gpfs/hpu/EHT2/IHARM/MAD/MAD_a0_384x192x192_IHARM/m_1_1_80/image_a0_0074_163_0_230.e9_6.2e9_2.46114e+25_80.dat
        75       0.678526        3.22756        187.135        10.9066        16.8084        14.1218        -1282.5     /gpfs/hpu/EHT2/IHARM/MAD/MAD_a0_384x192x192_IHARM/m_1_1_80/image_a0_0075_163_0_230.e9_6.2e9_2.46114e+25_80.dat
        76       0.800408         2.9659        142.007        16.7885        26.2495        21.9584       -1813.14     /gpfs/hpu/EHT2/IHARM/MAD/MAD_a0_384x192x192_IHARM/m_1_1_80/image_a0_0076_163_0_230.e9_6.2e9_2.46114e+25_80.dat
        77       0.562451        3.28816        145.713        5.05162        6.40056        5.72878       -655.944     /gpfs/hpu/EHT2/IHARM/MAD/MAD_a0_384x192x192_IHARM/m_1_1_80/image_a0_0077_163_0_230.e9_6.2e9_2.46114e+25_80.dat
        78       0.491589        3.62877        155.825        16.4919         8.6121        11.4987       -1039.17     /gpfs/hpu/EHT2/IHARM/MAD/MAD_a0_384x192x192_IHARM/m_1_1_80/image_a0_0078_163_0_230.e9_6.2e9_2.46114e+25_80.dat
        79       0.660468        3.75533        109.562        24.0613        38.0686        31.7334       -2420.31     /gpfs/hpu/EHT2/IHARM/MAD/MAD_a0_384x192x192_IHARM/m_1_1_80/image_a0_0079_163_0_230.e9_6.2e9_2.46114e+25_80.dat
        80       0.551647        3.39389        119.455        14.0603        14.3535        13.9151       -1279.44     /gpfs/hpu/EHT2/IHARM/MAD/MAD_a0_384x192x192_IHARM/m_1_1_80/image_a0_0080_163_0_230.e9_6.2e9_2.46114e+25_80.dat
        81       0.702251        3.70164        158.803        6.68958        5.90641        6.07938       -773.023     /gpfs/hpu/EHT2/IHARM/MAD/MAD_a0_384x192x192_IHARM/m_1_1_80/image_a0_0081_163_0_230.e9_6.2e9_2.46114e+25_80.dat
        82       0.385698        3.34639        176.464        7.42608        9.57165        8.51688       -862.191     /gpfs/hpu/EHT2/IHARM/MAD/MAD_a0_384x192x192_IHARM/m_1_1_80/image_a0_0082_163_0_230.e9_6.2e9_2.46114e+25_80.dat
        83       0.410886        3.30759        154.529        7.24783        6.08118        6.40015       -702.087     /gpfs/hpu/EHT2/IHARM/MAD/MAD_a0_384x192x192_IHARM/m_1_1_80/image_a0_0083_163_0_230.e9_6.2e9_2.46114e+25_80.dat
        84        0.48357         3.3751        129.848        6.29169        16.9585        12.4055       -1146.08     /gpfs/hpu/EHT2/IHARM/MAD/MAD_a0_384x192x192_IHARM/m_1_1_80/image_a0_0084_163_0_230.e9_6.2e9_2.46114e+25_80.dat
        85        0.60621        3.16557         103.02         12.063        13.3589        12.5509        -1151.8     /gpfs/hpu/EHT2/IHARM/MAD/MAD_a0_384x192x192_IHARM/m_1_1_80/image_a0_0085_163_0_230.e9_6.2e9_2.46114e+25_80.dat
        86       0.992307        4.07074        158.172        11.4958        131.603        81.6755       -7287.74     /gpfs/hpu/EHT2/IHARM/MAD/MAD_a0_384x192x192_IHARM/m_1_1_80/image_a0_0086_163_0_230.e9_6.2e9_2.46114e+25_80.dat
        87        0.76033        3.99164        111.864        25.2266        33.3521        29.4229       -2304.27     /gpfs/hpu/EHT2/IHARM/MAD/MAD_a0_384x192x192_IHARM/m_1_1_80/image_a0_0087_163_0_230.e9_6.2e9_2.46114e+25_80.dat
        88        0.66932        3.75619        31.1009        16.2806        120.913         77.277       -5627.75     /gpfs/hpu/EHT2/IHARM/MAD/MAD_a0_384x192x192_IHARM/m_1_1_80/image_a0_0088_163_0_230.e9_6.2e9_2.46114e+25_80.dat
        89       0.679016        2.87595        145.125        19.3003        26.8141        23.2716       -1935.55     /gpfs/hpu/EHT2/IHARM/MAD/MAD_a0_384x192x192_IHARM/m_1_1_80/image_a0_0089_163_0_230.e9_6.2e9_2.46114e+25_80.dat
        90       0.570152        3.18069        95.1344        12.0795        24.6085        19.1549       -1614.56     /gpfs/hpu/EHT2/IHARM/MAD/MAD_a0_384x192x192_IHARM/m_1_1_80/image_a0_0090_163_0_230.e9_6.2e9_2.46114e+25_80.dat
        91       0.588491        3.33773        39.1112        20.5434        32.1949        26.9132       -2146.09     /gpfs/hpu/EHT2/IHARM/MAD/MAD_a0_384x192x192_IHARM/m_1_1_80/image_a0_0091_163_0_230.e9_6.2e9_2.46114e+25_80.dat
        92        0.75816         3.0719        98.8536        22.7253        110.589        73.7419       -6399.72     /gpfs/hpu/EHT2/IHARM/MAD/MAD_a0_384x192x192_IHARM/m_1_1_80/image_a0_0092_163_0_230.e9_6.2e9_2.46114e+25_80.dat
        93        1.42541        3.10944        147.545        23.2752        28.0542        25.5529       -2142.07     /gpfs/hpu/EHT2/IHARM/MAD/MAD_a0_384x192x192_IHARM/m_1_1_80/image_a0_0093_163_0_230.e9_6.2e9_2.46114e+25_80.dat
        94       0.776271        3.52914        242.205         8.7952        83.7169        52.5358       -3866.79     /gpfs/hpu/EHT2/IHARM/MAD/MAD_a0_384x192x192_IHARM/m_1_1_80/image_a0_0094_163_0_230.e9_6.2e9_2.46114e+25_80.dat
        95       0.523787        3.70425        231.934        15.3649        35.1019        26.5934       -2066.34     /gpfs/hpu/EHT2/IHARM/MAD/MAD_a0_384x192x192_IHARM/m_1_1_80/image_a0_0095_163_0_230.e9_6.2e9_2.46114e+25_80.dat
        96       0.676332        3.42255         217.69        53.8643        24.7534        35.5768       -2719.45     /gpfs/hpu/EHT2/IHARM/MAD/MAD_a0_384x192x192_IHARM/m_1_1_80/image_a0_0096_163_0_230.e9_6.2e9_2.46114e+25_80.dat
        97       0.484475        3.36892        198.848        16.1176        10.7132        12.5846       -1123.57     /gpfs/hpu/EHT2/IHARM/MAD/MAD_a0_384x192x192_IHARM/m_1_1_80/image_a0_0097_163_0_230.e9_6.2e9_2.46114e+25_80.dat
        98       0.431281        3.24237        276.448        12.1742        16.5218        14.4493       -1283.88     /gpfs/hpu/EHT2/IHARM/MAD/MAD_a0_384x192x192_IHARM/m_1_1_80/image_a0_0098_163_0_230.e9_6.2e9_2.46114e+25_80.dat
        99       0.556728        3.69562        207.146        18.9007        29.7282        24.8243       -1961.75     /gpfs/hpu/EHT2/IHARM/MAD/MAD_a0_384x192x192_IHARM/m_1_1_80/image_a0_0099_163_0_230.e9_6.2e9_2.46114e+25_80.dat
