   # Index         I (Jy)      M/D (uas)       PA (deg)  VA red. chisq  CP red. chisq     red. chisq     log-liklhd     FileName
         0       0.588046        3.85909       -147.167        5.04099        13.8202        9.56738        -527.68     /gpfs/hpu/EHT2/IHARM/SANE/SANE_a-0.94_288x128x128_IHARM/m_1_1_160/image_a-0.94_1200_17_0_230.e9_6.2e9_1.65703e+29_160.dat
         1       0.694117        3.54872       -59.1787        17.8868         17.369        16.9545       -842.667     /gpfs/hpu/EHT2/IHARM/SANE/SANE_a-0.94_288x128x128_IHARM/m_1_1_160/image_a-0.94_1206_17_0_230.e9_6.2e9_1.65703e+29_160.dat
         2       0.566216        3.30404       -33.6931        11.4427        15.5052        13.2039       -685.484     /gpfs/hpu/EHT2/IHARM/SANE/SANE_a-0.94_288x128x128_IHARM/m_1_1_160/image_a-0.94_1212_17_0_230.e9_6.2e9_1.65703e+29_160.dat
         3       0.513404        3.27166       -101.779        18.6616        24.2144        20.9584       -1018.02     /gpfs/hpu/EHT2/IHARM/SANE/SANE_a-0.94_288x128x128_IHARM/m_1_1_160/image_a-0.94_1218_17_0_230.e9_6.2e9_1.65703e+29_160.dat
         4        0.62939        3.41986       -27.4024        4.76334        14.0453        9.56966        -569.84     /gpfs/hpu/EHT2/IHARM/SANE/SANE_a-0.94_288x128x128_IHARM/m_1_1_160/image_a-0.94_1224_17_0_230.e9_6.2e9_1.65703e+29_160.dat
         5       0.496102        3.52521       -98.1508        7.04475        21.7507         14.678       -788.062     /gpfs/hpu/EHT2/IHARM/SANE/SANE_a-0.94_288x128x128_IHARM/m_1_1_160/image_a-0.94_1230_17_0_230.e9_6.2e9_1.65703e+29_160.dat
         6       0.540096        3.37962       -21.0606        24.4101        31.9523        27.5641       -1351.57     /gpfs/hpu/EHT2/IHARM/SANE/SANE_a-0.94_288x128x128_IHARM/m_1_1_160/image_a-0.94_1236_17_0_230.e9_6.2e9_1.65703e+29_160.dat
         7       0.578004        3.66979       -39.9528        3.65586        11.2432        7.59334       -440.474     /gpfs/hpu/EHT2/IHARM/SANE/SANE_a-0.94_288x128x128_IHARM/m_1_1_160/image_a-0.94_1242_17_0_230.e9_6.2e9_1.65703e+29_160.dat
         8       0.551944        3.90167       -73.9782         7.2261        12.8306        9.96902       -594.125     /gpfs/hpu/EHT2/IHARM/SANE/SANE_a-0.94_288x128x128_IHARM/m_1_1_160/image_a-0.94_1248_17_0_230.e9_6.2e9_1.65703e+29_160.dat
         9       0.644439        3.59593       -21.1613        14.7128        15.4262        14.5573       -765.252     /gpfs/hpu/EHT2/IHARM/SANE/SANE_a-0.94_288x128x128_IHARM/m_1_1_160/image_a-0.94_1254_17_0_230.e9_6.2e9_1.65703e+29_160.dat
        10       0.618926        3.42305       -5.98832        10.1343        7.74183        8.47977       -510.285     /gpfs/hpu/EHT2/IHARM/SANE/SANE_a-0.94_288x128x128_IHARM/m_1_1_160/image_a-0.94_1260_17_0_230.e9_6.2e9_1.65703e+29_160.dat
        11        0.72901        3.82167         269.11        10.2413        18.2096        14.1423       -760.984     /gpfs/hpu/EHT2/IHARM/SANE/SANE_a-0.94_288x128x128_IHARM/m_1_1_160/image_a-0.94_1266_17_0_230.e9_6.2e9_1.65703e+29_160.dat
        12        0.50334         3.6906        328.301        6.25715        9.32532        7.67456       -440.731     /gpfs/hpu/EHT2/IHARM/SANE/SANE_a-0.94_288x128x128_IHARM/m_1_1_160/image_a-0.94_1272_17_0_230.e9_6.2e9_1.65703e+29_160.dat
        13       0.471248        3.24989        317.966        9.95837        21.4098        15.7387        -799.22     /gpfs/hpu/EHT2/IHARM/SANE/SANE_a-0.94_288x128x128_IHARM/m_1_1_160/image_a-0.94_1278_17_0_230.e9_6.2e9_1.65703e+29_160.dat
        14       0.674208        3.72887         274.34        4.50865        7.41547        5.90346       -396.425     /gpfs/hpu/EHT2/IHARM/SANE/SANE_a-0.94_288x128x128_IHARM/m_1_1_160/image_a-0.94_1284_17_0_230.e9_6.2e9_1.65703e+29_160.dat
        15       0.685106        3.66616        278.928        2.15272        1.95307        1.96683       -229.314     /gpfs/hpu/EHT2/IHARM/SANE/SANE_a-0.94_288x128x128_IHARM/m_1_1_160/image_a-0.94_1290_17_0_230.e9_6.2e9_1.65703e+29_160.dat
        16       0.443684        3.32676        339.359        8.35698         18.401        13.4407       -742.602     /gpfs/hpu/EHT2/IHARM/SANE/SANE_a-0.94_288x128x128_IHARM/m_1_1_160/image_a-0.94_1296_17_0_230.e9_6.2e9_1.65703e+29_160.dat
        17       0.604322        3.65811        339.388        19.0942        13.6107        15.4532       -762.137     /gpfs/hpu/EHT2/IHARM/SANE/SANE_a-0.94_288x128x128_IHARM/m_1_1_160/image_a-0.94_1302_17_0_230.e9_6.2e9_1.65703e+29_160.dat
        18       0.414325        3.57821        304.402        14.1828        16.5649        14.9421       -747.837     /gpfs/hpu/EHT2/IHARM/SANE/SANE_a-0.94_288x128x128_IHARM/m_1_1_160/image_a-0.94_1308_17_0_230.e9_6.2e9_1.65703e+29_160.dat
        19       0.624716        3.93281         296.57        2.17562        6.18254        4.24608       -322.785     /gpfs/hpu/EHT2/IHARM/SANE/SANE_a-0.94_288x128x128_IHARM/m_1_1_160/image_a-0.94_1314_17_0_230.e9_6.2e9_1.65703e+29_160.dat
        20       0.751418        4.03962        297.881        5.18892        10.3841        7.78671       -485.438     /gpfs/hpu/EHT2/IHARM/SANE/SANE_a-0.94_288x128x128_IHARM/m_1_1_160/image_a-0.94_1320_17_0_230.e9_6.2e9_1.65703e+29_160.dat
        21       0.564001        3.80761        350.587        17.1235        15.3571        15.5492       -825.675     /gpfs/hpu/EHT2/IHARM/SANE/SANE_a-0.94_288x128x128_IHARM/m_1_1_160/image_a-0.94_1326_17_0_230.e9_6.2e9_1.65703e+29_160.dat
        22       0.528694        3.57887        359.937        6.20079        6.75608        6.27189       -395.019     /gpfs/hpu/EHT2/IHARM/SANE/SANE_a-0.94_288x128x128_IHARM/m_1_1_160/image_a-0.94_1332_17_0_230.e9_6.2e9_1.65703e+29_160.dat
        23       0.471922        3.50112        326.358        9.53359        22.9331        16.3748       -862.862     /gpfs/hpu/EHT2/IHARM/SANE/SANE_a-0.94_288x128x128_IHARM/m_1_1_160/image_a-0.94_1338_17_0_230.e9_6.2e9_1.65703e+29_160.dat
        24       0.603114        3.54495        321.282        20.8643        13.6465         16.228       -811.848     /gpfs/hpu/EHT2/IHARM/SANE/SANE_a-0.94_288x128x128_IHARM/m_1_1_160/image_a-0.94_1344_17_0_230.e9_6.2e9_1.65703e+29_160.dat
        25       0.557613        3.41038        326.258         20.316        37.2926        28.6821        -1561.6     /gpfs/hpu/EHT2/IHARM/SANE/SANE_a-0.94_288x128x128_IHARM/m_1_1_160/image_a-0.94_1350_17_0_230.e9_6.2e9_1.65703e+29_160.dat
        26       0.444496        3.22056        321.404        18.8096        19.5295        18.5077       -899.142     /gpfs/hpu/EHT2/IHARM/SANE/SANE_a-0.94_288x128x128_IHARM/m_1_1_160/image_a-0.94_1356_17_0_230.e9_6.2e9_1.65703e+29_160.dat
        27       0.510978         3.7362        327.457        10.2585        10.3064        9.90889       -541.791     /gpfs/hpu/EHT2/IHARM/SANE/SANE_a-0.94_288x128x128_IHARM/m_1_1_160/image_a-0.94_1362_17_0_230.e9_6.2e9_1.65703e+29_160.dat
        28       0.453576        3.45672        335.221        7.76844        8.30651        7.77295       -462.222     /gpfs/hpu/EHT2/IHARM/SANE/SANE_a-0.94_288x128x128_IHARM/m_1_1_160/image_a-0.94_1368_17_0_230.e9_6.2e9_1.65703e+29_160.dat
        29       0.768578        3.90482        258.541        6.06056        10.6118        8.28096       -494.349     /gpfs/hpu/EHT2/IHARM/SANE/SANE_a-0.94_288x128x128_IHARM/m_1_1_160/image_a-0.94_1374_17_0_230.e9_6.2e9_1.65703e+29_160.dat
        30       0.468282        3.40977         331.26        8.36614        15.4898        11.8825       -627.108     /gpfs/hpu/EHT2/IHARM/SANE/SANE_a-0.94_288x128x128_IHARM/m_1_1_160/image_a-0.94_1380_17_0_230.e9_6.2e9_1.65703e+29_160.dat
        31        0.48522        3.21792        337.238        8.54365        13.0748        10.6624       -590.097     /gpfs/hpu/EHT2/IHARM/SANE/SANE_a-0.94_288x128x128_IHARM/m_1_1_160/image_a-0.94_1386_17_0_230.e9_6.2e9_1.65703e+29_160.dat
        32       0.839016        3.53626        320.208        30.9096        28.9784        28.7425       -1381.52     /gpfs/hpu/EHT2/IHARM/SANE/SANE_a-0.94_288x128x128_IHARM/m_1_1_160/image_a-0.94_1392_17_0_230.e9_6.2e9_1.65703e+29_160.dat
        33       0.798368        3.54207        296.542        8.62693        11.9984        10.1204       -625.442     /gpfs/hpu/EHT2/IHARM/SANE/SANE_a-0.94_288x128x128_IHARM/m_1_1_160/image_a-0.94_1398_17_0_230.e9_6.2e9_1.65703e+29_160.dat
        34        0.62619        3.42243        328.907         8.7404        9.35308        8.74939       -509.919     /gpfs/hpu/EHT2/IHARM/SANE/SANE_a-0.94_288x128x128_IHARM/m_1_1_160/image_a-0.94_1404_17_0_230.e9_6.2e9_1.65703e+29_160.dat
        35        0.80118        3.74598        217.383        27.3538        19.5531        22.1673       -1103.98     /gpfs/hpu/EHT2/IHARM/SANE/SANE_a-0.94_288x128x128_IHARM/m_1_1_160/image_a-0.94_1410_17_0_230.e9_6.2e9_1.65703e+29_160.dat
        36       0.543048        3.84911        226.969        2.70346        9.33388        6.16234       -398.621     /gpfs/hpu/EHT2/IHARM/SANE/SANE_a-0.94_288x128x128_IHARM/m_1_1_160/image_a-0.94_1416_17_0_230.e9_6.2e9_1.65703e+29_160.dat
        37       0.506629        3.44035        336.919          5.908         11.859        8.88508       -554.425     /gpfs/hpu/EHT2/IHARM/SANE/SANE_a-0.94_288x128x128_IHARM/m_1_1_160/image_a-0.94_1422_17_0_230.e9_6.2e9_1.65703e+29_160.dat
        38        1.17147        4.06023        280.008        22.2186        12.0339        15.9407       -815.945     /gpfs/hpu/EHT2/IHARM/SANE/SANE_a-0.94_288x128x128_IHARM/m_1_1_160/image_a-0.94_1428_17_0_230.e9_6.2e9_1.65703e+29_160.dat
        39       0.690069        3.98659        294.303        23.0423        10.6496        15.5496       -807.387     /gpfs/hpu/EHT2/IHARM/SANE/SANE_a-0.94_288x128x128_IHARM/m_1_1_160/image_a-0.94_1434_17_0_230.e9_6.2e9_1.65703e+29_160.dat
        40       0.656587        3.51045        283.075        11.1228         18.025        14.4195       -744.853     /gpfs/hpu/EHT2/IHARM/SANE/SANE_a-0.94_288x128x128_IHARM/m_1_1_160/image_a-0.94_1440_17_0_230.e9_6.2e9_1.65703e+29_160.dat
        41        1.03664        3.94632        71.1127        16.1171        27.7481        21.7685       -1165.65     /gpfs/hpu/EHT2/IHARM/SANE/SANE_a-0.94_288x128x128_IHARM/m_1_1_160/image_a-0.94_1446_17_0_230.e9_6.2e9_1.65703e+29_160.dat
        42        0.46619        3.62474       -33.8765        11.1021        12.1734        11.2708        -585.74     /gpfs/hpu/EHT2/IHARM/SANE/SANE_a-0.94_288x128x128_IHARM/m_1_1_160/image_a-0.94_1452_17_0_230.e9_6.2e9_1.65703e+29_160.dat
        43        0.74806        3.61084        -53.152        24.1243        15.4293        18.5761       -901.654     /gpfs/hpu/EHT2/IHARM/SANE/SANE_a-0.94_288x128x128_IHARM/m_1_1_160/image_a-0.94_1458_17_0_230.e9_6.2e9_1.65703e+29_160.dat
        44       0.747282        3.69809       -49.1394        8.66559        15.5095        12.0209        -664.47     /gpfs/hpu/EHT2/IHARM/SANE/SANE_a-0.94_288x128x128_IHARM/m_1_1_160/image_a-0.94_1464_17_0_230.e9_6.2e9_1.65703e+29_160.dat
        45       0.444772        3.78573       -48.1167        8.02871        9.96101        8.77182       -493.722     /gpfs/hpu/EHT2/IHARM/SANE/SANE_a-0.94_288x128x128_IHARM/m_1_1_160/image_a-0.94_1470_17_0_230.e9_6.2e9_1.65703e+29_160.dat
        46       0.500578        3.64309        51.2056        4.07927        7.45123        5.73937       -388.847     /gpfs/hpu/EHT2/IHARM/SANE/SANE_a-0.94_288x128x128_IHARM/m_1_1_160/image_a-0.94_1476_17_0_230.e9_6.2e9_1.65703e+29_160.dat
        47       0.763998        3.89682        62.8923        7.38352        14.3484        10.8507       -637.428     /gpfs/hpu/EHT2/IHARM/SANE/SANE_a-0.94_288x128x128_IHARM/m_1_1_160/image_a-0.94_1482_17_0_230.e9_6.2e9_1.65703e+29_160.dat
        48       0.722332        3.27142       -34.4333        11.9019        23.0479        17.4472       -876.809     /gpfs/hpu/EHT2/IHARM/SANE/SANE_a-0.94_288x128x128_IHARM/m_1_1_160/image_a-0.94_1488_17_0_230.e9_6.2e9_1.65703e+29_160.dat
        49       0.504952        3.59216       -17.7125        5.42954        15.2749        10.5138        -577.14     /gpfs/hpu/EHT2/IHARM/SANE/SANE_a-0.94_288x128x128_IHARM/m_1_1_160/image_a-0.94_1494_17_0_230.e9_6.2e9_1.65703e+29_160.dat
        50       0.515458        3.57499       -21.7595        6.18476        20.9267        13.8688       -698.664     /gpfs/hpu/EHT2/IHARM/SANE/SANE_a-0.94_288x128x128_IHARM/m_1_1_160/image_a-0.94_1500_17_0_230.e9_6.2e9_1.65703e+29_160.dat
        51        0.63454        3.97385       -79.6415        9.56897        14.0397        11.6178       -667.918     /gpfs/hpu/EHT2/IHARM/SANE/SANE_a-0.94_288x128x128_IHARM/m_1_1_160/image_a-0.94_1506_17_0_230.e9_6.2e9_1.65703e+29_160.dat
        52       0.535172        3.21197       -11.2029        12.4472        19.6586        15.8613       -874.528     /gpfs/hpu/EHT2/IHARM/SANE/SANE_a-0.94_288x128x128_IHARM/m_1_1_160/image_a-0.94_1512_17_0_230.e9_6.2e9_1.65703e+29_160.dat
        53       0.598421        3.44226        2.92357        8.79053        12.2595        10.3303       -580.208     /gpfs/hpu/EHT2/IHARM/SANE/SANE_a-0.94_288x128x128_IHARM/m_1_1_160/image_a-0.94_1518_17_0_230.e9_6.2e9_1.65703e+29_160.dat
        54       0.676447        3.92325       -92.3078        5.88712        15.7355        10.9562       -601.187     /gpfs/hpu/EHT2/IHARM/SANE/SANE_a-0.94_288x128x128_IHARM/m_1_1_160/image_a-0.94_1524_17_0_230.e9_6.2e9_1.65703e+29_160.dat
        55       0.720362        4.02634       -70.6012        6.18531        11.3478        8.72914       -487.897     /gpfs/hpu/EHT2/IHARM/SANE/SANE_a-0.94_288x128x128_IHARM/m_1_1_160/image_a-0.94_1530_17_0_230.e9_6.2e9_1.65703e+29_160.dat
        56        0.64289        3.34911       -66.5782        6.91697        8.05541        7.27478       -459.346     /gpfs/hpu/EHT2/IHARM/SANE/SANE_a-0.94_288x128x128_IHARM/m_1_1_160/image_a-0.94_1536_17_0_230.e9_6.2e9_1.65703e+29_160.dat
        57       0.485686        3.29001       -33.7249        5.62282        12.8072        9.27213       -599.794     /gpfs/hpu/EHT2/IHARM/SANE/SANE_a-0.94_288x128x128_IHARM/m_1_1_160/image_a-0.94_1542_17_0_230.e9_6.2e9_1.65703e+29_160.dat
        58        0.67319        3.43672        -66.589        14.6993        19.4563         16.714       -849.807     /gpfs/hpu/EHT2/IHARM/SANE/SANE_a-0.94_288x128x128_IHARM/m_1_1_160/image_a-0.94_1548_17_0_230.e9_6.2e9_1.65703e+29_160.dat
        59       0.479487        3.58939       -38.8729        5.98737        14.2943        10.2257       -563.197     /gpfs/hpu/EHT2/IHARM/SANE/SANE_a-0.94_288x128x128_IHARM/m_1_1_160/image_a-0.94_1554_17_0_230.e9_6.2e9_1.65703e+29_160.dat
        60       0.904973        4.14932       -45.7226        11.1526        8.68355         9.4197       -514.981     /gpfs/hpu/EHT2/IHARM/SANE/SANE_a-0.94_288x128x128_IHARM/m_1_1_160/image_a-0.94_1560_17_0_230.e9_6.2e9_1.65703e+29_160.dat
        61       0.439168        3.33002       -2.09174        15.4177        15.9213        15.1239       -760.106     /gpfs/hpu/EHT2/IHARM/SANE/SANE_a-0.94_288x128x128_IHARM/m_1_1_160/image_a-0.94_1566_17_0_230.e9_6.2e9_1.65703e+29_160.dat
        62       0.572005        3.69179       -66.5917        8.21469        10.2627        9.01311       -521.107     /gpfs/hpu/EHT2/IHARM/SANE/SANE_a-0.94_288x128x128_IHARM/m_1_1_160/image_a-0.94_1572_17_0_230.e9_6.2e9_1.65703e+29_160.dat
        63       0.543421        3.61086       -89.2408        3.04638         5.9543        4.49528       -328.599     /gpfs/hpu/EHT2/IHARM/SANE/SANE_a-0.94_288x128x128_IHARM/m_1_1_160/image_a-0.94_1578_17_0_230.e9_6.2e9_1.65703e+29_160.dat
        64       0.523524        3.65291       -137.436        16.1228        7.44195        10.8749       -595.926     /gpfs/hpu/EHT2/IHARM/SANE/SANE_a-0.94_288x128x128_IHARM/m_1_1_160/image_a-0.94_1584_17_0_230.e9_6.2e9_1.65703e+29_160.dat
        65       0.518891        3.74656       -120.335        4.11462        13.7573        9.13822       -504.353     /gpfs/hpu/EHT2/IHARM/SANE/SANE_a-0.94_288x128x128_IHARM/m_1_1_160/image_a-0.94_1590_17_0_230.e9_6.2e9_1.65703e+29_160.dat
        66       0.652337        3.78654       -83.9092        15.3156        11.6489        12.7878       -683.173     /gpfs/hpu/EHT2/IHARM/SANE/SANE_a-0.94_288x128x128_IHARM/m_1_1_160/image_a-0.94_1596_17_0_230.e9_6.2e9_1.65703e+29_160.dat
        67       0.609994        3.35485         3.7752        5.96203        29.1844        18.2047       -930.673     /gpfs/hpu/EHT2/IHARM/SANE/SANE_a-0.94_288x128x128_IHARM/m_1_1_160/image_a-0.94_1602_17_0_230.e9_6.2e9_1.65703e+29_160.dat
        68       0.797808        3.50152        5.23433        25.2126        16.0306        19.3632       -995.644     /gpfs/hpu/EHT2/IHARM/SANE/SANE_a-0.94_288x128x128_IHARM/m_1_1_160/image_a-0.94_1608_17_0_230.e9_6.2e9_1.65703e+29_160.dat
        69       0.543373        3.94092        234.113         6.4375        4.44553        5.13312       -331.676     /gpfs/hpu/EHT2/IHARM/SANE/SANE_a-0.94_288x128x128_IHARM/m_1_1_160/image_a-0.94_1614_17_0_230.e9_6.2e9_1.65703e+29_160.dat
        70       0.576771        3.64869        257.272        9.94076        11.6693        10.5046       -550.769     /gpfs/hpu/EHT2/IHARM/SANE/SANE_a-0.94_288x128x128_IHARM/m_1_1_160/image_a-0.94_1620_17_0_230.e9_6.2e9_1.65703e+29_160.dat
        71       0.503817        3.82496         272.15        4.07367         4.8537        4.34318       -301.321     /gpfs/hpu/EHT2/IHARM/SANE/SANE_a-0.94_288x128x128_IHARM/m_1_1_160/image_a-0.94_1626_17_0_230.e9_6.2e9_1.65703e+29_160.dat
        72       0.422379        3.39789        305.315        8.24395        11.2204        9.53944       -524.955     /gpfs/hpu/EHT2/IHARM/SANE/SANE_a-0.94_288x128x128_IHARM/m_1_1_160/image_a-0.94_1632_17_0_230.e9_6.2e9_1.65703e+29_160.dat
        73       0.649703         4.0987        224.123        4.75055         5.9215        5.20506       -352.886     /gpfs/hpu/EHT2/IHARM/SANE/SANE_a-0.94_288x128x128_IHARM/m_1_1_160/image_a-0.94_1638_17_0_230.e9_6.2e9_1.65703e+29_160.dat
        74       0.641513        3.52775        225.588        15.0871        32.8632        24.0735       -1213.68     /gpfs/hpu/EHT2/IHARM/SANE/SANE_a-0.94_288x128x128_IHARM/m_1_1_160/image_a-0.94_1644_17_0_230.e9_6.2e9_1.65703e+29_160.dat
        75        0.44293        3.77738        264.737        8.76861        22.2884        15.7023       -786.686     /gpfs/hpu/EHT2/IHARM/SANE/SANE_a-0.94_288x128x128_IHARM/m_1_1_160/image_a-0.94_1650_17_0_230.e9_6.2e9_1.65703e+29_160.dat
        76       0.628777        3.89476        287.189        7.66981        19.6836        13.8356       -706.979     /gpfs/hpu/EHT2/IHARM/SANE/SANE_a-0.94_288x128x128_IHARM/m_1_1_160/image_a-0.94_1656_17_0_230.e9_6.2e9_1.65703e+29_160.dat
        77       0.571827         3.7123         333.03        8.53139        7.37139        7.59683        -455.58     /gpfs/hpu/EHT2/IHARM/SANE/SANE_a-0.94_288x128x128_IHARM/m_1_1_160/image_a-0.94_1662_17_0_230.e9_6.2e9_1.65703e+29_160.dat
        78         0.7415        3.79051        299.494         7.5697        9.67912        8.42464       -477.047     /gpfs/hpu/EHT2/IHARM/SANE/SANE_a-0.94_288x128x128_IHARM/m_1_1_160/image_a-0.94_1668_17_0_230.e9_6.2e9_1.65703e+29_160.dat
        79       0.373565        3.56466        332.333        41.6966        23.3292        30.3154       -1362.67     /gpfs/hpu/EHT2/IHARM/SANE/SANE_a-0.94_288x128x128_IHARM/m_1_1_160/image_a-0.94_1674_17_0_230.e9_6.2e9_1.65703e+29_160.dat
        80       0.704462        3.89279        307.296        5.74583        8.75702        7.15138       -434.283     /gpfs/hpu/EHT2/IHARM/SANE/SANE_a-0.94_288x128x128_IHARM/m_1_1_160/image_a-0.94_1680_17_0_230.e9_6.2e9_1.65703e+29_160.dat
        81       0.705719        4.17787        328.089         6.3308        8.07195        7.03346       -414.042     /gpfs/hpu/EHT2/IHARM/SANE/SANE_a-0.94_288x128x128_IHARM/m_1_1_160/image_a-0.94_1686_17_0_230.e9_6.2e9_1.65703e+29_160.dat
        82       0.824064         3.2251        298.978        38.6674        22.0132        28.3163       -1368.14     /gpfs/hpu/EHT2/IHARM/SANE/SANE_a-0.94_288x128x128_IHARM/m_1_1_160/image_a-0.94_1692_17_0_230.e9_6.2e9_1.65703e+29_160.dat
        83       0.455115        3.21025        330.889         8.1675        29.7547        19.4521       -1071.83     /gpfs/hpu/EHT2/IHARM/SANE/SANE_a-0.94_288x128x128_IHARM/m_1_1_160/image_a-0.94_1698_17_0_230.e9_6.2e9_1.65703e+29_160.dat
        84        0.74456        3.98738        236.368        10.2811          11.02        10.3014       -605.803     /gpfs/hpu/EHT2/IHARM/SANE/SANE_a-0.94_288x128x128_IHARM/m_1_1_160/image_a-0.94_1704_17_0_230.e9_6.2e9_1.65703e+29_160.dat
        85       0.869448        4.26024        256.097        8.03517        9.81347        8.69541       -534.028     /gpfs/hpu/EHT2/IHARM/SANE/SANE_a-0.94_288x128x128_IHARM/m_1_1_160/image_a-0.94_1710_17_0_230.e9_6.2e9_1.65703e+29_160.dat
        86       0.596366        3.85573       -67.8975        8.69507        16.7219         12.684       -642.408     /gpfs/hpu/EHT2/IHARM/SANE/SANE_a-0.94_288x128x128_IHARM/m_1_1_160/image_a-0.94_1716_17_0_230.e9_6.2e9_1.65703e+29_160.dat
        87       0.539539        3.42874       -61.0919        9.54247        13.6798        11.4134       -638.337     /gpfs/hpu/EHT2/IHARM/SANE/SANE_a-0.94_288x128x128_IHARM/m_1_1_160/image_a-0.94_1722_17_0_230.e9_6.2e9_1.65703e+29_160.dat
        88       0.652756        4.08098       -27.7939        15.0304        25.7423        20.2284       -993.057     /gpfs/hpu/EHT2/IHARM/SANE/SANE_a-0.94_288x128x128_IHARM/m_1_1_160/image_a-0.94_1728_17_0_230.e9_6.2e9_1.65703e+29_160.dat
        89       0.598741        3.94429       -27.1555        8.39784        9.86267        8.87661       -509.104     /gpfs/hpu/EHT2/IHARM/SANE/SANE_a-0.94_288x128x128_IHARM/m_1_1_160/image_a-0.94_1734_17_0_230.e9_6.2e9_1.65703e+29_160.dat
        90       0.450451        3.67967       -89.3084        8.76344         24.645        16.9647       -824.587     /gpfs/hpu/EHT2/IHARM/SANE/SANE_a-0.94_288x128x128_IHARM/m_1_1_160/image_a-0.94_1740_17_0_230.e9_6.2e9_1.65703e+29_160.dat
        91       0.612209        3.79202       -30.7519        5.94042        13.1021        9.56596       -531.764     /gpfs/hpu/EHT2/IHARM/SANE/SANE_a-0.94_288x128x128_IHARM/m_1_1_160/image_a-0.94_1746_17_0_230.e9_6.2e9_1.65703e+29_160.dat
        92       0.627544        3.54632       -57.9889        6.56581        8.30541        7.25904       -457.184     /gpfs/hpu/EHT2/IHARM/SANE/SANE_a-0.94_288x128x128_IHARM/m_1_1_160/image_a-0.94_1752_17_0_230.e9_6.2e9_1.65703e+29_160.dat
        93       0.729913        3.54436         20.741        8.17928        13.6306        10.8051       -611.296     /gpfs/hpu/EHT2/IHARM/SANE/SANE_a-0.94_288x128x128_IHARM/m_1_1_160/image_a-0.94_1758_17_0_230.e9_6.2e9_1.65703e+29_160.dat
        94       0.468338        3.41822       -73.3179        7.65728        17.1044        12.4463       -676.665     /gpfs/hpu/EHT2/IHARM/SANE/SANE_a-0.94_288x128x128_IHARM/m_1_1_160/image_a-0.94_1764_17_0_230.e9_6.2e9_1.65703e+29_160.dat
        95       0.440697        3.50817       -45.0208        6.90636        15.2563        11.1341       -593.031     /gpfs/hpu/EHT2/IHARM/SANE/SANE_a-0.94_288x128x128_IHARM/m_1_1_160/image_a-0.94_1770_17_0_230.e9_6.2e9_1.65703e+29_160.dat
        96       0.652311        3.71976       -92.6824        20.2307        16.3031        17.3831       -860.727     /gpfs/hpu/EHT2/IHARM/SANE/SANE_a-0.94_288x128x128_IHARM/m_1_1_160/image_a-0.94_1776_17_0_230.e9_6.2e9_1.65703e+29_160.dat
        97       0.474098        3.50319        20.7702         10.955        7.77269        8.84662       -536.831     /gpfs/hpu/EHT2/IHARM/SANE/SANE_a-0.94_288x128x128_IHARM/m_1_1_160/image_a-0.94_1782_17_0_230.e9_6.2e9_1.65703e+29_160.dat
        98       0.857752        3.63612        257.693        10.4044        9.55258         9.5667       -566.729     /gpfs/hpu/EHT2/IHARM/SANE/SANE_a-0.94_288x128x128_IHARM/m_1_1_160/image_a-0.94_1788_17_0_230.e9_6.2e9_1.65703e+29_160.dat
        99        1.11218        3.75086        266.334        15.2669        26.6096        20.7947       -1079.18     /gpfs/hpu/EHT2/IHARM/SANE/SANE_a-0.94_288x128x128_IHARM/m_1_1_160/image_a-0.94_1794_17_0_230.e9_6.2e9_1.65703e+29_160.dat
