   # Index         I (Jy)      M/D (uas)       PA (deg)  VA red. chisq  CP red. chisq     red. chisq     log-liklhd     FileName
         0       0.481702        3.87364       -181.854        27.3756         13.259        18.6755       -1571.69     /gpfs/hpu/EHT2/IHARM/MAD/MAD_a+0.75_384x192x192_IHARM/m_1_1_20/image_a+0.75_0000_163_0_230.e9_6.2e9_8.89671e+24_20.dat
         1       0.563265        3.58714       -181.178        18.6639        24.9735        21.8709       -1835.39     /gpfs/hpu/EHT2/IHARM/MAD/MAD_a+0.75_384x192x192_IHARM/m_1_1_20/image_a+0.75_0001_163_0_230.e9_6.2e9_8.89671e+24_20.dat
         2       0.509151        3.80895        -243.72        27.4188        17.8651        21.3346       -1752.68     /gpfs/hpu/EHT2/IHARM/MAD/MAD_a+0.75_384x192x192_IHARM/m_1_1_20/image_a+0.75_0002_163_0_230.e9_6.2e9_8.89671e+24_20.dat
         3       0.682764        4.31292       -257.948        17.7402        17.6475        17.2957       -1469.51     /gpfs/hpu/EHT2/IHARM/MAD/MAD_a+0.75_384x192x192_IHARM/m_1_1_20/image_a+0.75_0003_163_0_230.e9_6.2e9_8.89671e+24_20.dat
         4        0.60021        4.41192       -214.107        14.0739        15.2694        14.4491       -1289.07     /gpfs/hpu/EHT2/IHARM/MAD/MAD_a+0.75_384x192x192_IHARM/m_1_1_20/image_a+0.75_0004_163_0_230.e9_6.2e9_8.89671e+24_20.dat
         5       0.869892        4.54185       -256.324        24.4436        17.9594        20.1855       -1680.86     /gpfs/hpu/EHT2/IHARM/MAD/MAD_a+0.75_384x192x192_IHARM/m_1_1_20/image_a+0.75_0005_163_0_230.e9_6.2e9_8.89671e+24_20.dat
         6       0.812069        3.82726       -199.455        9.77131         16.303        13.3019       -1277.66     /gpfs/hpu/EHT2/IHARM/MAD/MAD_a+0.75_384x192x192_IHARM/m_1_1_20/image_a+0.75_0006_163_0_230.e9_6.2e9_8.89671e+24_20.dat
         7       0.545617        3.54939       -319.502        23.7041         48.079        37.1609       -2896.77     /gpfs/hpu/EHT2/IHARM/MAD/MAD_a+0.75_384x192x192_IHARM/m_1_1_20/image_a+0.75_0007_163_0_230.e9_6.2e9_8.89671e+24_20.dat
         8       0.735618        3.95975       -286.312        33.5994        24.7853        27.8031       -2193.67     /gpfs/hpu/EHT2/IHARM/MAD/MAD_a+0.75_384x192x192_IHARM/m_1_1_20/image_a+0.75_0008_163_0_230.e9_6.2e9_8.89671e+24_20.dat
         9       0.496772        3.71968       -237.214         10.236        17.2755        14.0476       -1272.24     /gpfs/hpu/EHT2/IHARM/MAD/MAD_a+0.75_384x192x192_IHARM/m_1_1_20/image_a+0.75_0009_163_0_230.e9_6.2e9_8.89671e+24_20.dat
        10       0.790149        4.20079       -237.744        16.8451        22.6639        19.8108        -1658.6     /gpfs/hpu/EHT2/IHARM/MAD/MAD_a+0.75_384x192x192_IHARM/m_1_1_20/image_a+0.75_0010_163_0_230.e9_6.2e9_8.89671e+24_20.dat
        11       0.513523        3.53947       -194.428        16.9782        26.6741        22.1646       -1838.34     /gpfs/hpu/EHT2/IHARM/MAD/MAD_a+0.75_384x192x192_IHARM/m_1_1_20/image_a+0.75_0011_163_0_230.e9_6.2e9_8.89671e+24_20.dat
        12       0.625903        3.41715       -224.011        23.7485         53.134        40.0781       -3094.83     /gpfs/hpu/EHT2/IHARM/MAD/MAD_a+0.75_384x192x192_IHARM/m_1_1_20/image_a+0.75_0012_163_0_230.e9_6.2e9_8.89671e+24_20.dat
        13       0.477604        3.71045       -200.188        53.2558        31.7153        39.7269       -3009.96     /gpfs/hpu/EHT2/IHARM/MAD/MAD_a+0.75_384x192x192_IHARM/m_1_1_20/image_a+0.75_0013_163_0_230.e9_6.2e9_8.89671e+24_20.dat
        14       0.587532        3.64688       -196.412        50.6115        20.5549        32.2567       -2483.36     /gpfs/hpu/EHT2/IHARM/MAD/MAD_a+0.75_384x192x192_IHARM/m_1_1_20/image_a+0.75_0014_163_0_230.e9_6.2e9_8.89671e+24_20.dat
        15       0.594907        4.03887       -217.106        12.6757        17.2275        15.0067       -1310.43     /gpfs/hpu/EHT2/IHARM/MAD/MAD_a+0.75_384x192x192_IHARM/m_1_1_20/image_a+0.75_0015_163_0_230.e9_6.2e9_8.89671e+24_20.dat
        16       0.504507        3.96526        -134.55        21.0846         22.953        21.6911       -1822.75     /gpfs/hpu/EHT2/IHARM/MAD/MAD_a+0.75_384x192x192_IHARM/m_1_1_20/image_a+0.75_0016_163_0_230.e9_6.2e9_8.89671e+24_20.dat
        17       0.496086        3.78355       -205.594        15.3504        12.6618        13.4698       -1218.74     /gpfs/hpu/EHT2/IHARM/MAD/MAD_a+0.75_384x192x192_IHARM/m_1_1_20/image_a+0.75_0017_163_0_230.e9_6.2e9_8.89671e+24_20.dat
        18       0.706538         4.4803       -209.308        9.51817        17.0656        13.6369       -1296.05     /gpfs/hpu/EHT2/IHARM/MAD/MAD_a+0.75_384x192x192_IHARM/m_1_1_20/image_a+0.75_0018_163_0_230.e9_6.2e9_8.89671e+24_20.dat
        19       0.477286        3.77132       -196.117        21.4976        22.6513        21.6851       -1781.57     /gpfs/hpu/EHT2/IHARM/MAD/MAD_a+0.75_384x192x192_IHARM/m_1_1_20/image_a+0.75_0019_163_0_230.e9_6.2e9_8.89671e+24_20.dat
        20       0.423884        4.17091       -222.501        14.1434        16.7675        15.3364       -1321.87     /gpfs/hpu/EHT2/IHARM/MAD/MAD_a+0.75_384x192x192_IHARM/m_1_1_20/image_a+0.75_0020_163_0_230.e9_6.2e9_8.89671e+24_20.dat
        21       0.459464        3.78625       -251.144        26.4047        29.3502        27.5116       -2194.52     /gpfs/hpu/EHT2/IHARM/MAD/MAD_a+0.75_384x192x192_IHARM/m_1_1_20/image_a+0.75_0021_163_0_230.e9_6.2e9_8.89671e+24_20.dat
        22       0.436184        4.06356       -196.885        32.7126        43.9315        38.4254       -2934.48     /gpfs/hpu/EHT2/IHARM/MAD/MAD_a+0.75_384x192x192_IHARM/m_1_1_20/image_a+0.75_0022_163_0_230.e9_6.2e9_8.89671e+24_20.dat
        23       0.604639        3.99244       -221.076        21.7734        38.8175        31.0684       -2473.57     /gpfs/hpu/EHT2/IHARM/MAD/MAD_a+0.75_384x192x192_IHARM/m_1_1_20/image_a+0.75_0023_163_0_230.e9_6.2e9_8.89671e+24_20.dat
        24       0.527414        3.62991       -203.764        19.6188        18.5058        18.5477       -1624.77     /gpfs/hpu/EHT2/IHARM/MAD/MAD_a+0.75_384x192x192_IHARM/m_1_1_20/image_a+0.75_0024_163_0_230.e9_6.2e9_8.89671e+24_20.dat
        25       0.753487        3.87831       -207.089        24.5108        20.0652        21.4205       -1814.31     /gpfs/hpu/EHT2/IHARM/MAD/MAD_a+0.75_384x192x192_IHARM/m_1_1_20/image_a+0.75_0025_163_0_230.e9_6.2e9_8.89671e+24_20.dat
        26       0.712162        3.57506       -233.267        32.6823        46.8764        40.1021       -3038.72     /gpfs/hpu/EHT2/IHARM/MAD/MAD_a+0.75_384x192x192_IHARM/m_1_1_20/image_a+0.75_0026_163_0_230.e9_6.2e9_8.89671e+24_20.dat
        27         1.3815        4.72026        54.7061        84.0892        67.6664        72.8153        -5280.4     /gpfs/hpu/EHT2/IHARM/MAD/MAD_a+0.75_384x192x192_IHARM/m_1_1_20/image_a+0.75_0027_163_0_230.e9_6.2e9_8.89671e+24_20.dat
        28        1.12984        3.03679       -192.632        33.0807        67.0437        51.8298       -4352.23     /gpfs/hpu/EHT2/IHARM/MAD/MAD_a+0.75_384x192x192_IHARM/m_1_1_20/image_a+0.75_0028_163_0_230.e9_6.2e9_8.89671e+24_20.dat
        29        1.25287        4.15526        93.8163        25.9094        242.766        149.712       -10891.5     /gpfs/hpu/EHT2/IHARM/MAD/MAD_a+0.75_384x192x192_IHARM/m_1_1_20/image_a+0.75_0029_163_0_230.e9_6.2e9_8.89671e+24_20.dat
        30       0.766963        4.48382        164.686        11.2192        11.3176        11.0281       -1059.24     /gpfs/hpu/EHT2/IHARM/MAD/MAD_a+0.75_384x192x192_IHARM/m_1_1_20/image_a+0.75_0030_163_0_230.e9_6.2e9_8.89671e+24_20.dat
        31       0.516807        4.17308        118.775        13.1236        7.63564        9.68661       -929.822     /gpfs/hpu/EHT2/IHARM/MAD/MAD_a+0.75_384x192x192_IHARM/m_1_1_20/image_a+0.75_0031_163_0_230.e9_6.2e9_8.89671e+24_20.dat
        32       0.617351        3.75123        151.593        40.3605        33.8841        35.7558       -2780.95     /gpfs/hpu/EHT2/IHARM/MAD/MAD_a+0.75_384x192x192_IHARM/m_1_1_20/image_a+0.75_0032_163_0_230.e9_6.2e9_8.89671e+24_20.dat
        33       0.648946        3.72882         188.54        18.0397        14.4298        15.5714       -1416.48     /gpfs/hpu/EHT2/IHARM/MAD/MAD_a+0.75_384x192x192_IHARM/m_1_1_20/image_a+0.75_0033_163_0_230.e9_6.2e9_8.89671e+24_20.dat
        34       0.737698        4.29189         198.57        38.4869        46.3655        42.1565       -3252.64     /gpfs/hpu/EHT2/IHARM/MAD/MAD_a+0.75_384x192x192_IHARM/m_1_1_20/image_a+0.75_0034_163_0_230.e9_6.2e9_8.89671e+24_20.dat
        35       0.622474        4.15753        183.852        54.1264        39.3963        44.4843       -3369.52     /gpfs/hpu/EHT2/IHARM/MAD/MAD_a+0.75_384x192x192_IHARM/m_1_1_20/image_a+0.75_0035_163_0_230.e9_6.2e9_8.89671e+24_20.dat
        36       0.479744        3.99097        159.872        14.5167        10.5216        11.9052       -1102.14     /gpfs/hpu/EHT2/IHARM/MAD/MAD_a+0.75_384x192x192_IHARM/m_1_1_20/image_a+0.75_0036_163_0_230.e9_6.2e9_8.89671e+24_20.dat
        37       0.513363        4.26427        160.715        17.4528        12.3403        14.1356       -1247.86     /gpfs/hpu/EHT2/IHARM/MAD/MAD_a+0.75_384x192x192_IHARM/m_1_1_20/image_a+0.75_0037_163_0_230.e9_6.2e9_8.89671e+24_20.dat
        38       0.455817        3.86634        132.197        14.6306        14.1895        14.0549       -1236.13     /gpfs/hpu/EHT2/IHARM/MAD/MAD_a+0.75_384x192x192_IHARM/m_1_1_20/image_a+0.75_0038_163_0_230.e9_6.2e9_8.89671e+24_20.dat
        39       0.397747        3.68629        138.495        14.2386        13.0567        13.2466       -1191.23     /gpfs/hpu/EHT2/IHARM/MAD/MAD_a+0.75_384x192x192_IHARM/m_1_1_20/image_a+0.75_0039_163_0_230.e9_6.2e9_8.89671e+24_20.dat
        40       0.381733        3.93226        119.036        22.6912        16.1325         18.429       -1538.16     /gpfs/hpu/EHT2/IHARM/MAD/MAD_a+0.75_384x192x192_IHARM/m_1_1_20/image_a+0.75_0040_163_0_230.e9_6.2e9_8.89671e+24_20.dat
        41       0.422066        4.08338        142.822         13.922        7.05186        9.67467       -933.875     /gpfs/hpu/EHT2/IHARM/MAD/MAD_a+0.75_384x192x192_IHARM/m_1_1_20/image_a+0.75_0041_163_0_230.e9_6.2e9_8.89671e+24_20.dat
        42        0.51353        4.18416        174.719        41.9905        19.8787        28.3825       -2257.74     /gpfs/hpu/EHT2/IHARM/MAD/MAD_a+0.75_384x192x192_IHARM/m_1_1_20/image_a+0.75_0042_163_0_230.e9_6.2e9_8.89671e+24_20.dat
        43       0.470257        4.02072         156.95        49.3392        21.8949        32.5107       -2520.55     /gpfs/hpu/EHT2/IHARM/MAD/MAD_a+0.75_384x192x192_IHARM/m_1_1_20/image_a+0.75_0043_163_0_230.e9_6.2e9_8.89671e+24_20.dat
        44       0.442931        3.93381        147.044        27.0242        11.6051        17.5848       -1489.49     /gpfs/hpu/EHT2/IHARM/MAD/MAD_a+0.75_384x192x192_IHARM/m_1_1_20/image_a+0.75_0044_163_0_230.e9_6.2e9_8.89671e+24_20.dat
        45       0.445471        3.90925        177.156        13.1968        13.2945        12.9617       -1200.49     /gpfs/hpu/EHT2/IHARM/MAD/MAD_a+0.75_384x192x192_IHARM/m_1_1_20/image_a+0.75_0045_163_0_230.e9_6.2e9_8.89671e+24_20.dat
        46       0.425496        4.29104        181.788        22.3439        12.6157        16.2716       -1400.66     /gpfs/hpu/EHT2/IHARM/MAD/MAD_a+0.75_384x192x192_IHARM/m_1_1_20/image_a+0.75_0046_163_0_230.e9_6.2e9_8.89671e+24_20.dat
        47       0.539763        4.15558        102.968        22.7399        23.2657        22.5399       -1841.15     /gpfs/hpu/EHT2/IHARM/MAD/MAD_a+0.75_384x192x192_IHARM/m_1_1_20/image_a+0.75_0047_163_0_230.e9_6.2e9_8.89671e+24_20.dat
        48       0.521489        3.91408        186.143        22.7728        18.0798        19.5789       -1685.44     /gpfs/hpu/EHT2/IHARM/MAD/MAD_a+0.75_384x192x192_IHARM/m_1_1_20/image_a+0.75_0048_163_0_230.e9_6.2e9_8.89671e+24_20.dat
        49       0.414162        3.85336        131.821        17.8329        20.2747          18.84       -1594.69     /gpfs/hpu/EHT2/IHARM/MAD/MAD_a+0.75_384x192x192_IHARM/m_1_1_20/image_a+0.75_0049_163_0_230.e9_6.2e9_8.89671e+24_20.dat
        50       0.473822         4.3574          199.9         22.624          9.111        14.3748       -1264.76     /gpfs/hpu/EHT2/IHARM/MAD/MAD_a+0.75_384x192x192_IHARM/m_1_1_20/image_a+0.75_0050_163_0_230.e9_6.2e9_8.89671e+24_20.dat
        51       0.468151        3.74193        201.451        47.6377          31.95        37.5895       -2923.33     /gpfs/hpu/EHT2/IHARM/MAD/MAD_a+0.75_384x192x192_IHARM/m_1_1_20/image_a+0.75_0051_163_0_230.e9_6.2e9_8.89671e+24_20.dat
        52       0.529416        3.98371        176.811        38.7824        16.2054        24.9783       -2051.08     /gpfs/hpu/EHT2/IHARM/MAD/MAD_a+0.75_384x192x192_IHARM/m_1_1_20/image_a+0.75_0052_163_0_230.e9_6.2e9_8.89671e+24_20.dat
        53       0.425384        3.96723        169.142         23.349        20.1165          20.98       -1750.67     /gpfs/hpu/EHT2/IHARM/MAD/MAD_a+0.75_384x192x192_IHARM/m_1_1_20/image_a+0.75_0053_163_0_230.e9_6.2e9_8.89671e+24_20.dat
        54       0.627852        3.80333        118.368        30.0124        24.1352        25.9796       -2084.43     /gpfs/hpu/EHT2/IHARM/MAD/MAD_a+0.75_384x192x192_IHARM/m_1_1_20/image_a+0.75_0054_163_0_230.e9_6.2e9_8.89671e+24_20.dat
        55       0.357747        3.90225        142.053        24.3225        17.0677        19.6251       -1622.38     /gpfs/hpu/EHT2/IHARM/MAD/MAD_a+0.75_384x192x192_IHARM/m_1_1_20/image_a+0.75_0055_163_0_230.e9_6.2e9_8.89671e+24_20.dat
        56       0.397767        4.02205        168.986        22.6403         12.696        16.4375       -1429.49     /gpfs/hpu/EHT2/IHARM/MAD/MAD_a+0.75_384x192x192_IHARM/m_1_1_20/image_a+0.75_0056_163_0_230.e9_6.2e9_8.89671e+24_20.dat
        57       0.451055        3.92744        158.436        22.9128        10.0502        15.0303       -1317.49     /gpfs/hpu/EHT2/IHARM/MAD/MAD_a+0.75_384x192x192_IHARM/m_1_1_20/image_a+0.75_0057_163_0_230.e9_6.2e9_8.89671e+24_20.dat
        58       0.411165        3.70283        178.812        10.8793        10.7511        10.5658        -1011.1     /gpfs/hpu/EHT2/IHARM/MAD/MAD_a+0.75_384x192x192_IHARM/m_1_1_20/image_a+0.75_0058_163_0_230.e9_6.2e9_8.89671e+24_20.dat
        59       0.445251        3.79815         163.65        12.1938        6.80644        8.83499       -876.902     /gpfs/hpu/EHT2/IHARM/MAD/MAD_a+0.75_384x192x192_IHARM/m_1_1_20/image_a+0.75_0059_163_0_230.e9_6.2e9_8.89671e+24_20.dat
        60       0.579701        3.89791        122.417        23.5305        20.2841        21.1496       -1734.93     /gpfs/hpu/EHT2/IHARM/MAD/MAD_a+0.75_384x192x192_IHARM/m_1_1_20/image_a+0.75_0060_163_0_230.e9_6.2e9_8.89671e+24_20.dat
        61       0.542882         4.1266        145.693        21.5956        18.1568         19.147       -1579.82     /gpfs/hpu/EHT2/IHARM/MAD/MAD_a+0.75_384x192x192_IHARM/m_1_1_20/image_a+0.75_0061_163_0_230.e9_6.2e9_8.89671e+24_20.dat
        62        0.48125        3.83078        107.713        7.96181        10.2289        9.08644       -891.385     /gpfs/hpu/EHT2/IHARM/MAD/MAD_a+0.75_384x192x192_IHARM/m_1_1_20/image_a+0.75_0062_163_0_230.e9_6.2e9_8.89671e+24_20.dat
        63        1.11279        3.80899        83.3143        6.08119        38.8824        24.7595       -2113.43     /gpfs/hpu/EHT2/IHARM/MAD/MAD_a+0.75_384x192x192_IHARM/m_1_1_20/image_a+0.75_0063_163_0_230.e9_6.2e9_8.89671e+24_20.dat
        64       0.847626        3.52992        49.6386        52.6815        45.7866         47.565       -3558.91     /gpfs/hpu/EHT2/IHARM/MAD/MAD_a+0.75_384x192x192_IHARM/m_1_1_20/image_a+0.75_0064_163_0_230.e9_6.2e9_8.89671e+24_20.dat
        65       0.985364         4.2365        84.4921        41.5585        41.7401        40.7459       -3191.73     /gpfs/hpu/EHT2/IHARM/MAD/MAD_a+0.75_384x192x192_IHARM/m_1_1_20/image_a+0.75_0065_163_0_230.e9_6.2e9_8.89671e+24_20.dat
        66       0.598786        3.99245        29.4348        22.2052        12.7765        16.3077       -1421.05     /gpfs/hpu/EHT2/IHARM/MAD/MAD_a+0.75_384x192x192_IHARM/m_1_1_20/image_a+0.75_0066_163_0_230.e9_6.2e9_8.89671e+24_20.dat
        67       0.571365        3.82115       -156.875        14.1136        29.6622        22.7199       -1890.53     /gpfs/hpu/EHT2/IHARM/MAD/MAD_a+0.75_384x192x192_IHARM/m_1_1_20/image_a+0.75_0067_163_0_230.e9_6.2e9_8.89671e+24_20.dat
        68       0.498196        3.80773       -253.108        42.8939        36.9055        38.5132       -2919.71     /gpfs/hpu/EHT2/IHARM/MAD/MAD_a+0.75_384x192x192_IHARM/m_1_1_20/image_a+0.75_0068_163_0_230.e9_6.2e9_8.89671e+24_20.dat
        69       0.534807        3.87507       -202.686        5.47806        13.1306        9.74615       -974.761     /gpfs/hpu/EHT2/IHARM/MAD/MAD_a+0.75_384x192x192_IHARM/m_1_1_20/image_a+0.75_0069_163_0_230.e9_6.2e9_8.89671e+24_20.dat
        70        0.46011        3.88983       -157.163         29.049        14.9305        20.3108        -1680.2     /gpfs/hpu/EHT2/IHARM/MAD/MAD_a+0.75_384x192x192_IHARM/m_1_1_20/image_a+0.75_0070_163_0_230.e9_6.2e9_8.89671e+24_20.dat
        71       0.414472        3.93646       -163.285        24.9025        16.5145        19.5424       -1631.56     /gpfs/hpu/EHT2/IHARM/MAD/MAD_a+0.75_384x192x192_IHARM/m_1_1_20/image_a+0.75_0071_163_0_230.e9_6.2e9_8.89671e+24_20.dat
        72        0.39946        3.98309       -172.281        44.8396        18.6903        28.8531       -2265.67     /gpfs/hpu/EHT2/IHARM/MAD/MAD_a+0.75_384x192x192_IHARM/m_1_1_20/image_a+0.75_0072_163_0_230.e9_6.2e9_8.89671e+24_20.dat
        73       0.433911         4.0186       -204.054        22.4225         13.572        16.8519       -1424.81     /gpfs/hpu/EHT2/IHARM/MAD/MAD_a+0.75_384x192x192_IHARM/m_1_1_20/image_a+0.75_0073_163_0_230.e9_6.2e9_8.89671e+24_20.dat
        74        0.43238        3.92934       -225.782        23.9409        24.1019        23.5051       -1891.77     /gpfs/hpu/EHT2/IHARM/MAD/MAD_a+0.75_384x192x192_IHARM/m_1_1_20/image_a+0.75_0074_163_0_230.e9_6.2e9_8.89671e+24_20.dat
        75       0.511005        4.06858        -222.04        31.1405        23.1203        25.8538       -2066.97     /gpfs/hpu/EHT2/IHARM/MAD/MAD_a+0.75_384x192x192_IHARM/m_1_1_20/image_a+0.75_0075_163_0_230.e9_6.2e9_8.89671e+24_20.dat
        76       0.481394        3.97511       -175.443        42.9644        31.7368        35.5773       -2765.75     /gpfs/hpu/EHT2/IHARM/MAD/MAD_a+0.75_384x192x192_IHARM/m_1_1_20/image_a+0.75_0076_163_0_230.e9_6.2e9_8.89671e+24_20.dat
        77       0.483398         4.0838       -193.123         48.488        29.4472         36.498       -2816.85     /gpfs/hpu/EHT2/IHARM/MAD/MAD_a+0.75_384x192x192_IHARM/m_1_1_20/image_a+0.75_0077_163_0_230.e9_6.2e9_8.89671e+24_20.dat
        78       0.432238        3.85222       -226.947        37.0514        19.1874        25.9886       -2070.35     /gpfs/hpu/EHT2/IHARM/MAD/MAD_a+0.75_384x192x192_IHARM/m_1_1_20/image_a+0.75_0078_163_0_230.e9_6.2e9_8.89671e+24_20.dat
        79       0.493472        3.90875       -237.064        11.9908        6.99595         8.8616       -876.825     /gpfs/hpu/EHT2/IHARM/MAD/MAD_a+0.75_384x192x192_IHARM/m_1_1_20/image_a+0.75_0079_163_0_230.e9_6.2e9_8.89671e+24_20.dat
        80       0.593329        3.92747       -257.206        20.2464        9.27458        13.5071       -1225.87     /gpfs/hpu/EHT2/IHARM/MAD/MAD_a+0.75_384x192x192_IHARM/m_1_1_20/image_a+0.75_0080_163_0_230.e9_6.2e9_8.89671e+24_20.dat
        81       0.424022        3.62482       -174.552        6.56275        14.4877        10.9632       -1056.07     /gpfs/hpu/EHT2/IHARM/MAD/MAD_a+0.75_384x192x192_IHARM/m_1_1_20/image_a+0.75_0081_163_0_230.e9_6.2e9_8.89671e+24_20.dat
        82       0.548096        3.55356       -214.437        8.68722         8.0121        8.10839       -867.208     /gpfs/hpu/EHT2/IHARM/MAD/MAD_a+0.75_384x192x192_IHARM/m_1_1_20/image_a+0.75_0082_163_0_230.e9_6.2e9_8.89671e+24_20.dat
        83       0.565907          3.869       -247.939        25.8817        14.3828        18.7158       -1600.64     /gpfs/hpu/EHT2/IHARM/MAD/MAD_a+0.75_384x192x192_IHARM/m_1_1_20/image_a+0.75_0083_163_0_230.e9_6.2e9_8.89671e+24_20.dat
        84       0.855985        4.04787       -189.291         28.949        41.4523        35.4814       -2815.29     /gpfs/hpu/EHT2/IHARM/MAD/MAD_a+0.75_384x192x192_IHARM/m_1_1_20/image_a+0.75_0084_163_0_230.e9_6.2e9_8.89671e+24_20.dat
        85       0.687457        4.06168       -220.078        30.6875        38.6814        34.5953       -2668.39     /gpfs/hpu/EHT2/IHARM/MAD/MAD_a+0.75_384x192x192_IHARM/m_1_1_20/image_a+0.75_0085_163_0_230.e9_6.2e9_8.89671e+24_20.dat
        86       0.724472        3.65111       -235.726        23.1876        21.8111        21.8866       -1893.02     /gpfs/hpu/EHT2/IHARM/MAD/MAD_a+0.75_384x192x192_IHARM/m_1_1_20/image_a+0.75_0086_163_0_230.e9_6.2e9_8.89671e+24_20.dat
        87       0.610064        3.93526       -169.828        16.6294        16.9893         16.469       -1442.44     /gpfs/hpu/EHT2/IHARM/MAD/MAD_a+0.75_384x192x192_IHARM/m_1_1_20/image_a+0.75_0087_163_0_230.e9_6.2e9_8.89671e+24_20.dat
        88       0.430357        3.84741       -173.458        21.1381        13.0101        16.0102       -1380.71     /gpfs/hpu/EHT2/IHARM/MAD/MAD_a+0.75_384x192x192_IHARM/m_1_1_20/image_a+0.75_0088_163_0_230.e9_6.2e9_8.89671e+24_20.dat
        89       0.464225        3.89857       -254.223        16.5341        21.5787        19.0626       -1581.89     /gpfs/hpu/EHT2/IHARM/MAD/MAD_a+0.75_384x192x192_IHARM/m_1_1_20/image_a+0.75_0089_163_0_230.e9_6.2e9_8.89671e+24_20.dat
        90       0.508607        3.92078       -172.677        44.1758        23.5602        31.3777       -2479.81     /gpfs/hpu/EHT2/IHARM/MAD/MAD_a+0.75_384x192x192_IHARM/m_1_1_20/image_a+0.75_0090_163_0_230.e9_6.2e9_8.89671e+24_20.dat
        91       0.496355        4.12045       -213.221        32.6893        16.0563        22.4287        -1853.3     /gpfs/hpu/EHT2/IHARM/MAD/MAD_a+0.75_384x192x192_IHARM/m_1_1_20/image_a+0.75_0091_163_0_230.e9_6.2e9_8.89671e+24_20.dat
        92       0.412653        4.01938       -210.543        21.7726        11.7553        15.5471       -1354.82     /gpfs/hpu/EHT2/IHARM/MAD/MAD_a+0.75_384x192x192_IHARM/m_1_1_20/image_a+0.75_0092_163_0_230.e9_6.2e9_8.89671e+24_20.dat
        93       0.450052        4.01135       -232.751        14.0274        6.86599        9.61068       -924.561     /gpfs/hpu/EHT2/IHARM/MAD/MAD_a+0.75_384x192x192_IHARM/m_1_1_20/image_a+0.75_0093_163_0_230.e9_6.2e9_8.89671e+24_20.dat
        94       0.463809        4.02087       -185.675        24.3998        11.6547        16.5519       -1430.55     /gpfs/hpu/EHT2/IHARM/MAD/MAD_a+0.75_384x192x192_IHARM/m_1_1_20/image_a+0.75_0094_163_0_230.e9_6.2e9_8.89671e+24_20.dat
        95       0.468999        3.88222       -197.351        29.8461        13.6119         19.877       -1644.13     /gpfs/hpu/EHT2/IHARM/MAD/MAD_a+0.75_384x192x192_IHARM/m_1_1_20/image_a+0.75_0095_163_0_230.e9_6.2e9_8.89671e+24_20.dat
        96        0.40596        3.78435       -207.722        14.4494        10.9649        12.1322       -1096.31     /gpfs/hpu/EHT2/IHARM/MAD/MAD_a+0.75_384x192x192_IHARM/m_1_1_20/image_a+0.75_0096_163_0_230.e9_6.2e9_8.89671e+24_20.dat
        97       0.399379        3.74421       -180.522        22.7838        12.5292        16.3999       -1406.52     /gpfs/hpu/EHT2/IHARM/MAD/MAD_a+0.75_384x192x192_IHARM/m_1_1_20/image_a+0.75_0097_163_0_230.e9_6.2e9_8.89671e+24_20.dat
        98       0.494873        3.39118        -185.36        28.0021        22.1918        24.0521       -1924.03     /gpfs/hpu/EHT2/IHARM/MAD/MAD_a+0.75_384x192x192_IHARM/m_1_1_20/image_a+0.75_0098_163_0_230.e9_6.2e9_8.89671e+24_20.dat
        99       0.593359         3.9028       -224.245        7.66826         15.879        12.2082       -1145.24     /gpfs/hpu/EHT2/IHARM/MAD/MAD_a+0.75_384x192x192_IHARM/m_1_1_20/image_a+0.75_0099_163_0_230.e9_6.2e9_8.89671e+24_20.dat
