   # Index         I (Jy)      M/D (uas)       PA (deg)  VA red. chisq  CP red. chisq     red. chisq     log-liklhd     FileName
         0       0.649592        3.69113        185.952         6.9548        19.0611        13.1069       -764.081     /gpfs/hpu/EHT2/IHARM/MAD/MAD_a+0.75_384x192x192_IHARM/m_1_1_80/image_a+0.75_0000_163_0_230.e9_6.2e9_1.50206e+25_80.dat
         1       0.599499        4.15591        113.349        10.3813        19.9101        15.0686        -838.09     /gpfs/hpu/EHT2/IHARM/MAD/MAD_a+0.75_384x192x192_IHARM/m_1_1_80/image_a+0.75_0001_163_0_230.e9_6.2e9_1.50206e+25_80.dat
         2        0.49305        4.01474        72.9211        6.70954        20.5222        13.7675       -775.392     /gpfs/hpu/EHT2/IHARM/MAD/MAD_a+0.75_384x192x192_IHARM/m_1_1_80/image_a+0.75_0002_163_0_230.e9_6.2e9_1.50206e+25_80.dat
         3       0.479284        3.58528        54.4555        1.82168        17.3578        9.94105       -603.978     /gpfs/hpu/EHT2/IHARM/MAD/MAD_a+0.75_384x192x192_IHARM/m_1_1_80/image_a+0.75_0003_163_0_230.e9_6.2e9_1.50206e+25_80.dat
         4        0.66748        3.42314        84.2863        8.57325           30.1        19.6324        -1102.4     /gpfs/hpu/EHT2/IHARM/MAD/MAD_a+0.75_384x192x192_IHARM/m_1_1_80/image_a+0.75_0004_163_0_230.e9_6.2e9_1.50206e+25_80.dat
         5       0.860166        3.76816        140.131          13.42        19.7433        16.3243       -970.793     /gpfs/hpu/EHT2/IHARM/MAD/MAD_a+0.75_384x192x192_IHARM/m_1_1_80/image_a+0.75_0005_163_0_230.e9_6.2e9_1.50206e+25_80.dat
         6       0.494258        3.85705        73.3593         4.8086        14.9922        10.0165       -607.758     /gpfs/hpu/EHT2/IHARM/MAD/MAD_a+0.75_384x192x192_IHARM/m_1_1_80/image_a+0.75_0006_163_0_230.e9_6.2e9_1.50206e+25_80.dat
         7       0.717916         3.8641        42.2777        8.49551        18.2176        13.3441       -760.872     /gpfs/hpu/EHT2/IHARM/MAD/MAD_a+0.75_384x192x192_IHARM/m_1_1_80/image_a+0.75_0007_163_0_230.e9_6.2e9_1.50206e+25_80.dat
         8       0.511933        3.30506        156.604        5.52302          12.21        8.86806       -643.896     /gpfs/hpu/EHT2/IHARM/MAD/MAD_a+0.75_384x192x192_IHARM/m_1_1_80/image_a+0.75_0008_163_0_230.e9_6.2e9_1.50206e+25_80.dat
         9       0.470633        3.48277        124.201        3.57631        10.7716        7.25039        -503.26     /gpfs/hpu/EHT2/IHARM/MAD/MAD_a+0.75_384x192x192_IHARM/m_1_1_80/image_a+0.75_0009_163_0_230.e9_6.2e9_1.50206e+25_80.dat
        10       0.894906        4.25003        107.823        14.3977         18.424        16.0621       -889.387     /gpfs/hpu/EHT2/IHARM/MAD/MAD_a+0.75_384x192x192_IHARM/m_1_1_80/image_a+0.75_0010_163_0_230.e9_6.2e9_1.50206e+25_80.dat
        11       0.476014        3.62729        190.547        4.09516        19.0035        11.8124       -697.182     /gpfs/hpu/EHT2/IHARM/MAD/MAD_a+0.75_384x192x192_IHARM/m_1_1_80/image_a+0.75_0011_163_0_230.e9_6.2e9_1.50206e+25_80.dat
        12       0.756125        4.08087        201.592        3.24347        8.48827        5.90147       -448.179     /gpfs/hpu/EHT2/IHARM/MAD/MAD_a+0.75_384x192x192_IHARM/m_1_1_80/image_a+0.75_0012_163_0_230.e9_6.2e9_1.50206e+25_80.dat
        13       0.672196        3.99935        177.399        18.3597        22.4082        19.9107       -1099.59     /gpfs/hpu/EHT2/IHARM/MAD/MAD_a+0.75_384x192x192_IHARM/m_1_1_80/image_a+0.75_0013_163_0_230.e9_6.2e9_1.50206e+25_80.dat
        14       0.553231        3.83469        148.809        28.6479        13.2976        19.6641       -1062.03     /gpfs/hpu/EHT2/IHARM/MAD/MAD_a+0.75_384x192x192_IHARM/m_1_1_80/image_a+0.75_0014_163_0_230.e9_6.2e9_1.50206e+25_80.dat
        15       0.492276        3.62991        219.313        6.34361        12.5545        9.41215       -641.395     /gpfs/hpu/EHT2/IHARM/MAD/MAD_a+0.75_384x192x192_IHARM/m_1_1_80/image_a+0.75_0015_163_0_230.e9_6.2e9_1.50206e+25_80.dat
        16       0.702637        4.01353        230.821        3.79273        11.0641        7.50001       -560.909     /gpfs/hpu/EHT2/IHARM/MAD/MAD_a+0.75_384x192x192_IHARM/m_1_1_80/image_a+0.75_0016_163_0_230.e9_6.2e9_1.50206e+25_80.dat
        17       0.554394         3.9596        77.8242        4.68745        20.5279        12.8765       -746.432     /gpfs/hpu/EHT2/IHARM/MAD/MAD_a+0.75_384x192x192_IHARM/m_1_1_80/image_a+0.75_0017_163_0_230.e9_6.2e9_1.50206e+25_80.dat
        18       0.666839        4.16013        147.795        7.46146        7.71622        7.35992       -512.606     /gpfs/hpu/EHT2/IHARM/MAD/MAD_a+0.75_384x192x192_IHARM/m_1_1_80/image_a+0.75_0018_163_0_230.e9_6.2e9_1.50206e+25_80.dat
        19       0.506736        4.02756        82.3386        8.03806        18.9267        13.5151       -771.227     /gpfs/hpu/EHT2/IHARM/MAD/MAD_a+0.75_384x192x192_IHARM/m_1_1_80/image_a+0.75_0019_163_0_230.e9_6.2e9_1.50206e+25_80.dat
        20       0.395625        3.88211        134.638        5.33023        17.8844        11.7694       -693.824     /gpfs/hpu/EHT2/IHARM/MAD/MAD_a+0.75_384x192x192_IHARM/m_1_1_80/image_a+0.75_0020_163_0_230.e9_6.2e9_1.50206e+25_80.dat
        21       0.519056         4.1283        184.863        5.73524         10.853        8.24766       -519.975     /gpfs/hpu/EHT2/IHARM/MAD/MAD_a+0.75_384x192x192_IHARM/m_1_1_80/image_a+0.75_0021_163_0_230.e9_6.2e9_1.50206e+25_80.dat
        22       0.469919        4.25982        163.225        13.5207        21.2238         17.148       -957.279     /gpfs/hpu/EHT2/IHARM/MAD/MAD_a+0.75_384x192x192_IHARM/m_1_1_80/image_a+0.75_0022_163_0_230.e9_6.2e9_1.50206e+25_80.dat
        23       0.779572        4.08005        140.412        10.0001        16.6568        13.1879       -788.374     /gpfs/hpu/EHT2/IHARM/MAD/MAD_a+0.75_384x192x192_IHARM/m_1_1_80/image_a+0.75_0023_163_0_230.e9_6.2e9_1.50206e+25_80.dat
        24       0.575664        3.65352        131.251        13.5796        12.4799         12.572       -750.288     /gpfs/hpu/EHT2/IHARM/MAD/MAD_a+0.75_384x192x192_IHARM/m_1_1_80/image_a+0.75_0024_163_0_230.e9_6.2e9_1.50206e+25_80.dat
        25       0.881567        3.86722        156.465        13.7485        13.7791        13.3305       -819.608     /gpfs/hpu/EHT2/IHARM/MAD/MAD_a+0.75_384x192x192_IHARM/m_1_1_80/image_a+0.75_0025_163_0_230.e9_6.2e9_1.50206e+25_80.dat
        26       0.686911        3.68695         126.84        12.3531        26.8777        19.6075       -1075.51     /gpfs/hpu/EHT2/IHARM/MAD/MAD_a+0.75_384x192x192_IHARM/m_1_1_80/image_a+0.75_0026_163_0_230.e9_6.2e9_1.50206e+25_80.dat
        27       0.816924         3.3306       -100.573        7.58959         33.938        21.2175       -1236.43     /gpfs/hpu/EHT2/IHARM/MAD/MAD_a+0.75_384x192x192_IHARM/m_1_1_80/image_a+0.75_0027_163_0_230.e9_6.2e9_1.50206e+25_80.dat
        28        1.03704        3.20793       -161.502        17.4954        28.8763        22.9329       -1264.92     /gpfs/hpu/EHT2/IHARM/MAD/MAD_a+0.75_384x192x192_IHARM/m_1_1_80/image_a+0.75_0028_163_0_230.e9_6.2e9_1.50206e+25_80.dat
        29        0.83975        3.54044       -263.196        9.42875        15.7256        12.4452       -801.723     /gpfs/hpu/EHT2/IHARM/MAD/MAD_a+0.75_384x192x192_IHARM/m_1_1_80/image_a+0.75_0029_163_0_230.e9_6.2e9_1.50206e+25_80.dat
        30        0.55949        3.86658       -236.293        4.78284        12.0433        8.45312       -526.543     /gpfs/hpu/EHT2/IHARM/MAD/MAD_a+0.75_384x192x192_IHARM/m_1_1_80/image_a+0.75_0030_163_0_230.e9_6.2e9_1.50206e+25_80.dat
        31       0.705415        3.52791       -166.548        4.45885        12.8672        8.74347       -563.702     /gpfs/hpu/EHT2/IHARM/MAD/MAD_a+0.75_384x192x192_IHARM/m_1_1_80/image_a+0.75_0031_163_0_230.e9_6.2e9_1.50206e+25_80.dat
        32       0.446627        3.62366       -166.849        5.13577        21.3625         13.514       -836.969     /gpfs/hpu/EHT2/IHARM/MAD/MAD_a+0.75_384x192x192_IHARM/m_1_1_80/image_a+0.75_0032_163_0_230.e9_6.2e9_1.50206e+25_80.dat
        33       0.646623        3.64226       -172.404         5.7389        14.5188        10.1787       -646.032     /gpfs/hpu/EHT2/IHARM/MAD/MAD_a+0.75_384x192x192_IHARM/m_1_1_80/image_a+0.75_0033_163_0_230.e9_6.2e9_1.50206e+25_80.dat
        34       0.824204        4.19203       -169.689        11.6961        18.1093        14.7021       -858.978     /gpfs/hpu/EHT2/IHARM/MAD/MAD_a+0.75_384x192x192_IHARM/m_1_1_80/image_a+0.75_0034_163_0_230.e9_6.2e9_1.50206e+25_80.dat
        35       0.619834         4.3379       -183.524        15.8337        17.6697           16.3       -921.449     /gpfs/hpu/EHT2/IHARM/MAD/MAD_a+0.75_384x192x192_IHARM/m_1_1_80/image_a+0.75_0035_163_0_230.e9_6.2e9_1.50206e+25_80.dat
        36       0.464791        3.72615       -215.338        7.62812        12.6786        10.0454       -605.734     /gpfs/hpu/EHT2/IHARM/MAD/MAD_a+0.75_384x192x192_IHARM/m_1_1_80/image_a+0.75_0036_163_0_230.e9_6.2e9_1.50206e+25_80.dat
        37       0.474798        3.97255       -225.392        8.87678        9.14951           8.74       -549.009     /gpfs/hpu/EHT2/IHARM/MAD/MAD_a+0.75_384x192x192_IHARM/m_1_1_80/image_a+0.75_0037_163_0_230.e9_6.2e9_1.50206e+25_80.dat
        38       0.455953        3.97196       -290.414        5.09886        19.5095        12.5224       -716.614     /gpfs/hpu/EHT2/IHARM/MAD/MAD_a+0.75_384x192x192_IHARM/m_1_1_80/image_a+0.75_0038_163_0_230.e9_6.2e9_1.50206e+25_80.dat
        39       0.449896        3.56975       -230.479        9.37385        14.6726        11.8666       -707.713     /gpfs/hpu/EHT2/IHARM/MAD/MAD_a+0.75_384x192x192_IHARM/m_1_1_80/image_a+0.75_0039_163_0_230.e9_6.2e9_1.50206e+25_80.dat
        40       0.425403        3.67017       -159.783        8.67363        8.55109        8.33523       -594.606     /gpfs/hpu/EHT2/IHARM/MAD/MAD_a+0.75_384x192x192_IHARM/m_1_1_80/image_a+0.75_0040_163_0_230.e9_6.2e9_1.50206e+25_80.dat
        41       0.460302        4.03239       -198.206        6.00459        8.69337        7.23012       -465.631     /gpfs/hpu/EHT2/IHARM/MAD/MAD_a+0.75_384x192x192_IHARM/m_1_1_80/image_a+0.75_0041_163_0_230.e9_6.2e9_1.50206e+25_80.dat
        42       0.457574        3.71036       -271.479         13.251        25.6516        19.3592        -1051.6     /gpfs/hpu/EHT2/IHARM/MAD/MAD_a+0.75_384x192x192_IHARM/m_1_1_80/image_a+0.75_0042_163_0_230.e9_6.2e9_1.50206e+25_80.dat
        43       0.501098        4.12121       -191.559         12.455         25.945        19.1617        -1049.1     /gpfs/hpu/EHT2/IHARM/MAD/MAD_a+0.75_384x192x192_IHARM/m_1_1_80/image_a+0.75_0043_163_0_230.e9_6.2e9_1.50206e+25_80.dat
        44       0.465632        3.86892       -181.617        3.94214        21.4308        13.0222       -771.876     /gpfs/hpu/EHT2/IHARM/MAD/MAD_a+0.75_384x192x192_IHARM/m_1_1_80/image_a+0.75_0044_163_0_230.e9_6.2e9_1.50206e+25_80.dat
        45       0.432803        3.90501       -180.281        3.58201        13.0321        8.44265       -533.582     /gpfs/hpu/EHT2/IHARM/MAD/MAD_a+0.75_384x192x192_IHARM/m_1_1_80/image_a+0.75_0045_163_0_230.e9_6.2e9_1.50206e+25_80.dat
        46       0.459868         4.0677       -182.999         8.4567        7.70339        7.79317       -497.018     /gpfs/hpu/EHT2/IHARM/MAD/MAD_a+0.75_384x192x192_IHARM/m_1_1_80/image_a+0.75_0046_163_0_230.e9_6.2e9_1.50206e+25_80.dat
        47       0.488869        4.32746       -270.261        8.69726        10.8368        9.54869       -582.971     /gpfs/hpu/EHT2/IHARM/MAD/MAD_a+0.75_384x192x192_IHARM/m_1_1_80/image_a+0.75_0047_163_0_230.e9_6.2e9_1.50206e+25_80.dat
        48       0.515453        4.15871       -272.308        11.5775        12.4249        11.6579       -683.475     /gpfs/hpu/EHT2/IHARM/MAD/MAD_a+0.75_384x192x192_IHARM/m_1_1_80/image_a+0.75_0048_163_0_230.e9_6.2e9_1.50206e+25_80.dat
        49       0.388581         3.7033       -232.361        4.29528        20.3675        12.6187        -729.44     /gpfs/hpu/EHT2/IHARM/MAD/MAD_a+0.75_384x192x192_IHARM/m_1_1_80/image_a+0.75_0049_163_0_230.e9_6.2e9_1.50206e+25_80.dat
        50       0.570037        4.34213       -181.036        6.92384        4.87667        5.62773       -384.681     /gpfs/hpu/EHT2/IHARM/MAD/MAD_a+0.75_384x192x192_IHARM/m_1_1_80/image_a+0.75_0050_163_0_230.e9_6.2e9_1.50206e+25_80.dat
        51       0.541433        4.25231       -231.091        8.32502        10.4792        9.19588        -569.66     /gpfs/hpu/EHT2/IHARM/MAD/MAD_a+0.75_384x192x192_IHARM/m_1_1_80/image_a+0.75_0051_163_0_230.e9_6.2e9_1.50206e+25_80.dat
        52       0.497247        3.86765       -182.512        9.97932        12.2671        10.8683       -655.543     /gpfs/hpu/EHT2/IHARM/MAD/MAD_a+0.75_384x192x192_IHARM/m_1_1_80/image_a+0.75_0052_163_0_230.e9_6.2e9_1.50206e+25_80.dat
        53       0.438339        3.90436       -281.293        13.7802        17.8276        15.4752        -855.14     /gpfs/hpu/EHT2/IHARM/MAD/MAD_a+0.75_384x192x192_IHARM/m_1_1_80/image_a+0.75_0053_163_0_230.e9_6.2e9_1.50206e+25_80.dat
        54       0.510068        4.05055       -172.026        10.6398        18.0153        14.1856       -808.547     /gpfs/hpu/EHT2/IHARM/MAD/MAD_a+0.75_384x192x192_IHARM/m_1_1_80/image_a+0.75_0054_163_0_230.e9_6.2e9_1.50206e+25_80.dat
        55       0.464451        3.90243       -281.756        6.53307        11.9158        9.15975       -556.308     /gpfs/hpu/EHT2/IHARM/MAD/MAD_a+0.75_384x192x192_IHARM/m_1_1_80/image_a+0.75_0055_163_0_230.e9_6.2e9_1.50206e+25_80.dat
        56       0.495687        3.83813       -187.729        6.95568        19.3525        13.2607       -770.674     /gpfs/hpu/EHT2/IHARM/MAD/MAD_a+0.75_384x192x192_IHARM/m_1_1_80/image_a+0.75_0056_163_0_230.e9_6.2e9_1.50206e+25_80.dat
        57       0.443348        3.68277       -183.778        6.67969        14.2258        10.4404       -628.948     /gpfs/hpu/EHT2/IHARM/MAD/MAD_a+0.75_384x192x192_IHARM/m_1_1_80/image_a+0.75_0057_163_0_230.e9_6.2e9_1.50206e+25_80.dat
        58       0.420585        3.46023       -186.433        4.92223        10.4473        7.67472       -499.234     /gpfs/hpu/EHT2/IHARM/MAD/MAD_a+0.75_384x192x192_IHARM/m_1_1_80/image_a+0.75_0058_163_0_230.e9_6.2e9_1.50206e+25_80.dat
        59       0.460799        3.57017       -191.073        9.48899         16.829        13.0525       -754.662     /gpfs/hpu/EHT2/IHARM/MAD/MAD_a+0.75_384x192x192_IHARM/m_1_1_80/image_a+0.75_0059_163_0_230.e9_6.2e9_1.50206e+25_80.dat
        60       0.484383        3.83268        -233.82        7.09717        6.73326        6.68151       -439.281     /gpfs/hpu/EHT2/IHARM/MAD/MAD_a+0.75_384x192x192_IHARM/m_1_1_80/image_a+0.75_0060_163_0_230.e9_6.2e9_1.50206e+25_80.dat
        61       0.532288        4.01954       -254.148        4.83316        9.86513        7.32894       -464.242     /gpfs/hpu/EHT2/IHARM/MAD/MAD_a+0.75_384x192x192_IHARM/m_1_1_80/image_a+0.75_0061_163_0_230.e9_6.2e9_1.50206e+25_80.dat
        62       0.522802          3.804       -249.877        8.13722        13.2738        10.5837       -628.905     /gpfs/hpu/EHT2/IHARM/MAD/MAD_a+0.75_384x192x192_IHARM/m_1_1_80/image_a+0.75_0062_163_0_230.e9_6.2e9_1.50206e+25_80.dat
        63       0.501966        4.01911       -271.251        3.90442        9.87555        6.92382       -455.473     /gpfs/hpu/EHT2/IHARM/MAD/MAD_a+0.75_384x192x192_IHARM/m_1_1_80/image_a+0.75_0063_163_0_230.e9_6.2e9_1.50206e+25_80.dat
        64       0.749726        3.45228       -309.301        18.9004        25.7061        21.8855       -1163.71     /gpfs/hpu/EHT2/IHARM/MAD/MAD_a+0.75_384x192x192_IHARM/m_1_1_80/image_a+0.75_0064_163_0_230.e9_6.2e9_1.50206e+25_80.dat
        65       0.655326        3.92636       -320.105        6.23742        29.1574        18.1036       -999.178     /gpfs/hpu/EHT2/IHARM/MAD/MAD_a+0.75_384x192x192_IHARM/m_1_1_80/image_a+0.75_0065_163_0_230.e9_6.2e9_1.50206e+25_80.dat
        66       0.895004        4.51873       -342.273         6.0472        9.93581        7.90288       -528.942     /gpfs/hpu/EHT2/IHARM/MAD/MAD_a+0.75_384x192x192_IHARM/m_1_1_80/image_a+0.75_0066_163_0_230.e9_6.2e9_1.50206e+25_80.dat
        67       0.789758        4.21737       -298.727        9.45879        26.9286        18.3547       -1001.13     /gpfs/hpu/EHT2/IHARM/MAD/MAD_a+0.75_384x192x192_IHARM/m_1_1_80/image_a+0.75_0067_163_0_230.e9_6.2e9_1.50206e+25_80.dat
        68       0.642763        4.19184       -299.828        14.1203        17.0484        15.2155       -845.667     /gpfs/hpu/EHT2/IHARM/MAD/MAD_a+0.75_384x192x192_IHARM/m_1_1_80/image_a+0.75_0068_163_0_230.e9_6.2e9_1.50206e+25_80.dat
        69       0.490689        3.78835       -174.096        5.86793        8.65841         7.1513       -453.085     /gpfs/hpu/EHT2/IHARM/MAD/MAD_a+0.75_384x192x192_IHARM/m_1_1_80/image_a+0.75_0069_163_0_230.e9_6.2e9_1.50206e+25_80.dat
        70       0.461432        3.78753       -159.684        11.7711        11.8369         11.434       -678.736     /gpfs/hpu/EHT2/IHARM/MAD/MAD_a+0.75_384x192x192_IHARM/m_1_1_80/image_a+0.75_0070_163_0_230.e9_6.2e9_1.50206e+25_80.dat
        71       0.461169        3.76665       -164.404        10.0197        12.4637        10.9896       -655.679     /gpfs/hpu/EHT2/IHARM/MAD/MAD_a+0.75_384x192x192_IHARM/m_1_1_80/image_a+0.75_0071_163_0_230.e9_6.2e9_1.50206e+25_80.dat
        72       0.538637        3.81843       -171.135        18.1355        13.4959        15.1209       -859.935     /gpfs/hpu/EHT2/IHARM/MAD/MAD_a+0.75_384x192x192_IHARM/m_1_1_80/image_a+0.75_0072_163_0_230.e9_6.2e9_1.50206e+25_80.dat
        73        0.38881        4.01398       -225.896        8.36503        9.72849        8.81848       -544.914     /gpfs/hpu/EHT2/IHARM/MAD/MAD_a+0.75_384x192x192_IHARM/m_1_1_80/image_a+0.75_0073_163_0_230.e9_6.2e9_1.50206e+25_80.dat
        74       0.435134        3.78519        -175.19        17.0722        15.7016        15.8117        -884.91     /gpfs/hpu/EHT2/IHARM/MAD/MAD_a+0.75_384x192x192_IHARM/m_1_1_80/image_a+0.75_0074_163_0_230.e9_6.2e9_1.50206e+25_80.dat
        75       0.617161        4.05061       -283.009        7.77414        19.9039        13.9127        -784.05     /gpfs/hpu/EHT2/IHARM/MAD/MAD_a+0.75_384x192x192_IHARM/m_1_1_80/image_a+0.75_0075_163_0_230.e9_6.2e9_1.50206e+25_80.dat
        76       0.392885          4.093       -304.903        7.88483        28.2365        18.3472       -989.801     /gpfs/hpu/EHT2/IHARM/MAD/MAD_a+0.75_384x192x192_IHARM/m_1_1_80/image_a+0.75_0076_163_0_230.e9_6.2e9_1.50206e+25_80.dat
        77       0.507179        4.14029       -304.113        6.09792        24.5421        15.6128       -864.952     /gpfs/hpu/EHT2/IHARM/MAD/MAD_a+0.75_384x192x192_IHARM/m_1_1_80/image_a+0.75_0077_163_0_230.e9_6.2e9_1.50206e+25_80.dat
        78       0.525255        4.01809        -201.39         13.143         16.168        14.3201       -819.722     /gpfs/hpu/EHT2/IHARM/MAD/MAD_a+0.75_384x192x192_IHARM/m_1_1_80/image_a+0.75_0078_163_0_230.e9_6.2e9_1.50206e+25_80.dat
        79       0.498686        3.78135       -228.005        8.06818        7.81561        7.68046       -490.846     /gpfs/hpu/EHT2/IHARM/MAD/MAD_a+0.75_384x192x192_IHARM/m_1_1_80/image_a+0.75_0079_163_0_230.e9_6.2e9_1.50206e+25_80.dat
        80       0.563313        3.70688       -262.075        11.3115         9.3878         9.9418       -589.148     /gpfs/hpu/EHT2/IHARM/MAD/MAD_a+0.75_384x192x192_IHARM/m_1_1_80/image_a+0.75_0080_163_0_230.e9_6.2e9_1.50206e+25_80.dat
        81       0.445149        3.64104       -234.982        8.67825        12.9174        10.6353       -629.689     /gpfs/hpu/EHT2/IHARM/MAD/MAD_a+0.75_384x192x192_IHARM/m_1_1_80/image_a+0.75_0081_163_0_230.e9_6.2e9_1.50206e+25_80.dat
        82       0.638296        3.67998       -313.767         13.635        29.8766        21.7527       -1165.46     /gpfs/hpu/EHT2/IHARM/MAD/MAD_a+0.75_384x192x192_IHARM/m_1_1_80/image_a+0.75_0082_163_0_230.e9_6.2e9_1.50206e+25_80.dat
        83       0.572276        3.64209       -287.766        6.99432        15.4738        11.2363       -678.038     /gpfs/hpu/EHT2/IHARM/MAD/MAD_a+0.75_384x192x192_IHARM/m_1_1_80/image_a+0.75_0083_163_0_230.e9_6.2e9_1.50206e+25_80.dat
        84       0.628054        4.04513       -192.562        13.8904        21.2124        17.3054       -970.711     /gpfs/hpu/EHT2/IHARM/MAD/MAD_a+0.75_384x192x192_IHARM/m_1_1_80/image_a+0.75_0084_163_0_230.e9_6.2e9_1.50206e+25_80.dat
        85       0.562223        3.90872       -223.459        13.1143        20.2351        16.4479       -918.953     /gpfs/hpu/EHT2/IHARM/MAD/MAD_a+0.75_384x192x192_IHARM/m_1_1_80/image_a+0.75_0085_163_0_230.e9_6.2e9_1.50206e+25_80.dat
        86       0.631547        3.54057       -237.704        7.87498        18.5062        13.2217       -796.614     /gpfs/hpu/EHT2/IHARM/MAD/MAD_a+0.75_384x192x192_IHARM/m_1_1_80/image_a+0.75_0086_163_0_230.e9_6.2e9_1.50206e+25_80.dat
        87       0.555746        3.93527       -172.429        7.15085        11.6094        9.27164       -568.439     /gpfs/hpu/EHT2/IHARM/MAD/MAD_a+0.75_384x192x192_IHARM/m_1_1_80/image_a+0.75_0087_163_0_230.e9_6.2e9_1.50206e+25_80.dat
        88       0.449907        3.74594        -220.62         8.0607        14.7275         11.315        -665.87     /gpfs/hpu/EHT2/IHARM/MAD/MAD_a+0.75_384x192x192_IHARM/m_1_1_80/image_a+0.75_0088_163_0_230.e9_6.2e9_1.50206e+25_80.dat
        89       0.487719         3.8727       -260.919        5.68735        13.4082        9.57136       -587.417     /gpfs/hpu/EHT2/IHARM/MAD/MAD_a+0.75_384x192x192_IHARM/m_1_1_80/image_a+0.75_0089_163_0_230.e9_6.2e9_1.50206e+25_80.dat
        90       0.405408         4.0849       -287.063        11.2934        26.2561        18.8119       -1013.46     /gpfs/hpu/EHT2/IHARM/MAD/MAD_a+0.75_384x192x192_IHARM/m_1_1_80/image_a+0.75_0090_163_0_230.e9_6.2e9_1.50206e+25_80.dat
        91       0.467732        3.77857       -230.002        17.2438        19.1555        17.7054       -983.213     /gpfs/hpu/EHT2/IHARM/MAD/MAD_a+0.75_384x192x192_IHARM/m_1_1_80/image_a+0.75_0091_163_0_230.e9_6.2e9_1.50206e+25_80.dat
        92       0.416322        4.07429       -218.899        4.88479        11.7618        8.35003       -527.095     /gpfs/hpu/EHT2/IHARM/MAD/MAD_a+0.75_384x192x192_IHARM/m_1_1_80/image_a+0.75_0092_163_0_230.e9_6.2e9_1.50206e+25_80.dat
        93       0.425815        3.88713       -234.526        5.94755        11.2565         8.5539       -524.738     /gpfs/hpu/EHT2/IHARM/MAD/MAD_a+0.75_384x192x192_IHARM/m_1_1_80/image_a+0.75_0093_163_0_230.e9_6.2e9_1.50206e+25_80.dat
        94       0.512324        3.88091       -185.891        6.76593        12.1226        9.37158       -581.607     /gpfs/hpu/EHT2/IHARM/MAD/MAD_a+0.75_384x192x192_IHARM/m_1_1_80/image_a+0.75_0094_163_0_230.e9_6.2e9_1.50206e+25_80.dat
        95       0.419079        3.73796       -203.845        15.6647        16.2425        15.4741       -871.637     /gpfs/hpu/EHT2/IHARM/MAD/MAD_a+0.75_384x192x192_IHARM/m_1_1_80/image_a+0.75_0095_163_0_230.e9_6.2e9_1.50206e+25_80.dat
        96       0.441482        3.73295       -237.387        5.50402        11.6748        8.57798       -532.452     /gpfs/hpu/EHT2/IHARM/MAD/MAD_a+0.75_384x192x192_IHARM/m_1_1_80/image_a+0.75_0096_163_0_230.e9_6.2e9_1.50206e+25_80.dat
        97       0.495568        4.08682       -160.782        9.63872        10.1829        9.62075       -579.368     /gpfs/hpu/EHT2/IHARM/MAD/MAD_a+0.75_384x192x192_IHARM/m_1_1_80/image_a+0.75_0097_163_0_230.e9_6.2e9_1.50206e+25_80.dat
        98       0.459565        3.39299       -193.939        11.9523        14.3117        12.8167       -739.513     /gpfs/hpu/EHT2/IHARM/MAD/MAD_a+0.75_384x192x192_IHARM/m_1_1_80/image_a+0.75_0098_163_0_230.e9_6.2e9_1.50206e+25_80.dat
        99       0.615218        3.81935       -227.948        12.3531        13.7534           12.7       -742.061     /gpfs/hpu/EHT2/IHARM/MAD/MAD_a+0.75_384x192x192_IHARM/m_1_1_80/image_a+0.75_0099_163_0_230.e9_6.2e9_1.50206e+25_80.dat
