   # Index         I (Jy)      M/D (uas)       PA (deg)  VA red. chisq  CP red. chisq     red. chisq     log-liklhd     FileName
         0       0.445676        3.73678       -181.187         49.057        22.4582        32.7196       -2525.18     /gpfs/hpu/EHT2/IHARM_inc+5/MAD_a+0.75_384x192x192_IHARM/m_1_1_1/image_a+0.75_0000_158_0_230.e9_6.2e9_4.27595e+24_1.dat
         1       0.414904         3.7557       -182.913        16.2516         13.176        14.1292       -1266.94     /gpfs/hpu/EHT2/IHARM_inc+5/MAD_a+0.75_384x192x192_IHARM/m_1_1_1/image_a+0.75_0001_158_0_230.e9_6.2e9_4.27595e+24_1.dat
         2       0.396112        3.70335       -239.987         27.174        21.9952        23.6044       -1891.97     /gpfs/hpu/EHT2/IHARM_inc+5/MAD_a+0.75_384x192x192_IHARM/m_1_1_1/image_a+0.75_0002_158_0_230.e9_6.2e9_4.27595e+24_1.dat
         3         0.5723        4.21518       -275.794         13.051        61.7858        40.7139       -3126.88     /gpfs/hpu/EHT2/IHARM_inc+5/MAD_a+0.75_384x192x192_IHARM/m_1_1_1/image_a+0.75_0003_158_0_230.e9_6.2e9_4.27595e+24_1.dat
         4        0.49272        4.17686       -206.354        52.1456        19.7541        32.4178       -2523.88     /gpfs/hpu/EHT2/IHARM_inc+5/MAD_a+0.75_384x192x192_IHARM/m_1_1_1/image_a+0.75_0004_158_0_230.e9_6.2e9_4.27595e+24_1.dat
         5       0.703747        3.96006       -297.489        19.1463        25.0285        22.0976       -1814.36     /gpfs/hpu/EHT2/IHARM_inc+5/MAD_a+0.75_384x192x192_IHARM/m_1_1_1/image_a+0.75_0005_158_0_230.e9_6.2e9_4.27595e+24_1.dat
         6       0.550934        3.59579       -181.348        19.4418        30.2557         25.215       -2029.41     /gpfs/hpu/EHT2/IHARM_inc+5/MAD_a+0.75_384x192x192_IHARM/m_1_1_1/image_a+0.75_0006_158_0_230.e9_6.2e9_4.27595e+24_1.dat
         7        0.65057        3.23764       -193.758        16.0089        68.8921        45.9858       -3524.53     /gpfs/hpu/EHT2/IHARM_inc+5/MAD_a+0.75_384x192x192_IHARM/m_1_1_1/image_a+0.75_0007_158_0_230.e9_6.2e9_4.27595e+24_1.dat
         8       0.930018        3.91205       -189.134        20.0536        38.6455        30.2743        -2521.9     /gpfs/hpu/EHT2/IHARM_inc+5/MAD_a+0.75_384x192x192_IHARM/m_1_1_1/image_a+0.75_0008_158_0_230.e9_6.2e9_4.27595e+24_1.dat
         9       0.579149        3.87563       -231.513        8.81234         13.848        11.5061       -1139.46     /gpfs/hpu/EHT2/IHARM_inc+5/MAD_a+0.75_384x192x192_IHARM/m_1_1_1/image_a+0.75_0009_158_0_230.e9_6.2e9_4.27595e+24_1.dat
        10        0.71045        4.06053       -248.406         7.9567        12.9804        10.6624       -1053.41     /gpfs/hpu/EHT2/IHARM_inc+5/MAD_a+0.75_384x192x192_IHARM/m_1_1_1/image_a+0.75_0010_158_0_230.e9_6.2e9_4.27595e+24_1.dat
        11       0.562036        3.48215       -198.726        26.6972        25.4237        25.3779       -2013.97     /gpfs/hpu/EHT2/IHARM_inc+5/MAD_a+0.75_384x192x192_IHARM/m_1_1_1/image_a+0.75_0011_158_0_230.e9_6.2e9_4.27595e+24_1.dat
        12       0.534993        3.28678       -221.383        29.5635         61.513        47.2354       -3556.23     /gpfs/hpu/EHT2/IHARM_inc+5/MAD_a+0.75_384x192x192_IHARM/m_1_1_1/image_a+0.75_0012_158_0_230.e9_6.2e9_4.27595e+24_1.dat
        13        0.50207        3.74365       -181.538        44.4245        61.4672         53.219       -3951.49     /gpfs/hpu/EHT2/IHARM_inc+5/MAD_a+0.75_384x192x192_IHARM/m_1_1_1/image_a+0.75_0013_158_0_230.e9_6.2e9_4.27595e+24_1.dat
        14       0.489861        3.50478       -196.914        22.1401        13.1732        16.5089       -1407.36     /gpfs/hpu/EHT2/IHARM_inc+5/MAD_a+0.75_384x192x192_IHARM/m_1_1_1/image_a+0.75_0014_158_0_230.e9_6.2e9_4.27595e+24_1.dat
        15       0.607079        4.31081        -156.75        10.2381        18.5973        14.8065       -1319.74     /gpfs/hpu/EHT2/IHARM_inc+5/MAD_a+0.75_384x192x192_IHARM/m_1_1_1/image_a+0.75_0015_158_0_230.e9_6.2e9_4.27595e+24_1.dat
        16        0.52977        3.98611       -137.102        8.32288        18.0871        13.7393       -1326.43     /gpfs/hpu/EHT2/IHARM_inc+5/MAD_a+0.75_384x192x192_IHARM/m_1_1_1/image_a+0.75_0016_158_0_230.e9_6.2e9_4.27595e+24_1.dat
        17        0.65874        3.90322       -221.048        4.79116        14.1005        10.0246       -1032.29     /gpfs/hpu/EHT2/IHARM_inc+5/MAD_a+0.75_384x192x192_IHARM/m_1_1_1/image_a+0.75_0017_158_0_230.e9_6.2e9_4.27595e+24_1.dat
        18       0.700043        4.50773       -200.906        17.2426        23.4221        20.4064       -1740.18     /gpfs/hpu/EHT2/IHARM_inc+5/MAD_a+0.75_384x192x192_IHARM/m_1_1_1/image_a+0.75_0018_158_0_230.e9_6.2e9_4.27595e+24_1.dat
        19       0.462371        4.20052       -260.865        17.3364        21.7978        19.5127       -1607.84     /gpfs/hpu/EHT2/IHARM_inc+5/MAD_a+0.75_384x192x192_IHARM/m_1_1_1/image_a+0.75_0019_158_0_230.e9_6.2e9_4.27595e+24_1.dat
        20       0.449841        3.76197       -215.683        27.7695        20.9916        23.2696       -1873.75     /gpfs/hpu/EHT2/IHARM_inc+5/MAD_a+0.75_384x192x192_IHARM/m_1_1_1/image_a+0.75_0020_158_0_230.e9_6.2e9_4.27595e+24_1.dat
        21       0.539745        3.69835       -170.126         30.159        47.1443        39.2353       -3019.87     /gpfs/hpu/EHT2/IHARM_inc+5/MAD_a+0.75_384x192x192_IHARM/m_1_1_1/image_a+0.75_0021_158_0_230.e9_6.2e9_4.27595e+24_1.dat
        22       0.388407        3.81254       -187.382        36.4338        64.7409        51.8651       -3837.28     /gpfs/hpu/EHT2/IHARM_inc+5/MAD_a+0.75_384x192x192_IHARM/m_1_1_1/image_a+0.75_0022_158_0_230.e9_6.2e9_4.27595e+24_1.dat
        23       0.566055         3.8681       -207.287        46.9863        14.3289        27.2199       -2166.99     /gpfs/hpu/EHT2/IHARM_inc+5/MAD_a+0.75_384x192x192_IHARM/m_1_1_1/image_a+0.75_0023_158_0_230.e9_6.2e9_4.27595e+24_1.dat
        24        1.18356        3.73515       -179.459        86.0336        41.7211        58.7213       -4652.44     /gpfs/hpu/EHT2/IHARM_inc+5/MAD_a+0.75_384x192x192_IHARM/m_1_1_1/image_a+0.75_0024_158_0_230.e9_6.2e9_4.27595e+24_1.dat
        25       0.661912        3.87741        161.935        38.6346        31.3145        33.5841       -2614.23     /gpfs/hpu/EHT2/IHARM_inc+5/MAD_a+0.75_384x192x192_IHARM/m_1_1_1/image_a+0.75_0025_158_0_230.e9_6.2e9_4.27595e+24_1.dat
        26       0.642365        3.48149         113.53        27.2288        22.6066        23.9772       -1928.48     /gpfs/hpu/EHT2/IHARM_inc+5/MAD_a+0.75_384x192x192_IHARM/m_1_1_1/image_a+0.75_0026_158_0_230.e9_6.2e9_4.27595e+24_1.dat
        27       0.944492         3.4765       0.214341        34.8546        103.831        73.6457       -5635.61     /gpfs/hpu/EHT2/IHARM_inc+5/MAD_a+0.75_384x192x192_IHARM/m_1_1_1/image_a+0.75_0027_158_0_230.e9_6.2e9_4.27595e+24_1.dat
        28        1.30115        4.59303       -49.4015        57.9156        371.282        236.363       -16756.7     /gpfs/hpu/EHT2/IHARM_inc+5/MAD_a+0.75_384x192x192_IHARM/m_1_1_1/image_a+0.75_0028_158_0_230.e9_6.2e9_4.27595e+24_1.dat
        29        1.52088        6.52408        72.5046        108.571        84.5771         92.415       -6984.21     /gpfs/hpu/EHT2/IHARM_inc+5/MAD_a+0.75_384x192x192_IHARM/m_1_1_1/image_a+0.75_0029_158_0_230.e9_6.2e9_4.27595e+24_1.dat
        30       0.606098        4.26485        176.458        23.7056        17.8986        19.8522       -1660.98     /gpfs/hpu/EHT2/IHARM_inc+5/MAD_a+0.75_384x192x192_IHARM/m_1_1_1/image_a+0.75_0030_158_0_230.e9_6.2e9_4.27595e+24_1.dat
        31       0.520876        4.07558        127.576        9.83421        8.62978         8.9265       -888.391     /gpfs/hpu/EHT2/IHARM_inc+5/MAD_a+0.75_384x192x192_IHARM/m_1_1_1/image_a+0.75_0031_158_0_230.e9_6.2e9_4.27595e+24_1.dat
        32       0.789358        4.04734        148.122        13.8183        11.3349        12.0892       -1197.11     /gpfs/hpu/EHT2/IHARM_inc+5/MAD_a+0.75_384x192x192_IHARM/m_1_1_1/image_a+0.75_0032_158_0_230.e9_6.2e9_4.27595e+24_1.dat
        33       0.485831        3.46199        188.302        17.6956        19.6563        18.4298       -1590.72     /gpfs/hpu/EHT2/IHARM_inc+5/MAD_a+0.75_384x192x192_IHARM/m_1_1_1/image_a+0.75_0033_158_0_230.e9_6.2e9_4.27595e+24_1.dat
        34       0.594059        3.77742        210.144        35.0313        32.3625        32.7279       -2596.81     /gpfs/hpu/EHT2/IHARM_inc+5/MAD_a+0.75_384x192x192_IHARM/m_1_1_1/image_a+0.75_0034_158_0_230.e9_6.2e9_4.27595e+24_1.dat
        35       0.521627        3.93791        194.213        49.5101        29.7535         37.087       -2863.69     /gpfs/hpu/EHT2/IHARM_inc+5/MAD_a+0.75_384x192x192_IHARM/m_1_1_1/image_a+0.75_0035_158_0_230.e9_6.2e9_4.27595e+24_1.dat
        36       0.423104        4.03812        170.564        20.3452        11.8002        14.9956       -1329.58     /gpfs/hpu/EHT2/IHARM_inc+5/MAD_a+0.75_384x192x192_IHARM/m_1_1_1/image_a+0.75_0036_158_0_230.e9_6.2e9_4.27595e+24_1.dat
        37       0.505793        3.86968        145.203        23.3033        8.94177        14.5525       -1285.38     /gpfs/hpu/EHT2/IHARM_inc+5/MAD_a+0.75_384x192x192_IHARM/m_1_1_1/image_a+0.75_0037_158_0_230.e9_6.2e9_4.27595e+24_1.dat
        38       0.478287        3.81929        125.255        21.2204        10.8483        14.8036       -1280.32     /gpfs/hpu/EHT2/IHARM_inc+5/MAD_a+0.75_384x192x192_IHARM/m_1_1_1/image_a+0.75_0038_158_0_230.e9_6.2e9_4.27595e+24_1.dat
        39       0.388854         3.6921        139.628        9.18886        10.4127        9.68807       -953.536     /gpfs/hpu/EHT2/IHARM_inc+5/MAD_a+0.75_384x192x192_IHARM/m_1_1_1/image_a+0.75_0039_158_0_230.e9_6.2e9_4.27595e+24_1.dat
        40         0.4892        4.13636        80.1943        6.91953        21.1685        14.9391       -1310.66     /gpfs/hpu/EHT2/IHARM_inc+5/MAD_a+0.75_384x192x192_IHARM/m_1_1_1/image_a+0.75_0040_158_0_230.e9_6.2e9_4.27595e+24_1.dat
        41        0.45226        4.08219        157.018        24.8437        11.0668        16.3942       -1410.39     /gpfs/hpu/EHT2/IHARM_inc+5/MAD_a+0.75_384x192x192_IHARM/m_1_1_1/image_a+0.75_0041_158_0_230.e9_6.2e9_4.27595e+24_1.dat
        42       0.522384        4.26027        185.317        39.1044        21.3007        28.0309        -2246.3     /gpfs/hpu/EHT2/IHARM_inc+5/MAD_a+0.75_384x192x192_IHARM/m_1_1_1/image_a+0.75_0042_158_0_230.e9_6.2e9_4.27595e+24_1.dat
        43       0.463062        3.92441        162.674        59.5784        26.1563        39.0956       -2979.79     /gpfs/hpu/EHT2/IHARM_inc+5/MAD_a+0.75_384x192x192_IHARM/m_1_1_1/image_a+0.75_0043_158_0_230.e9_6.2e9_4.27595e+24_1.dat
        44       0.445406        3.97269        164.919        43.9822        17.5173        27.8336       -2207.23     /gpfs/hpu/EHT2/IHARM_inc+5/MAD_a+0.75_384x192x192_IHARM/m_1_1_1/image_a+0.75_0044_158_0_230.e9_6.2e9_4.27595e+24_1.dat
        45       0.433711        3.81501        177.338        15.4131        17.1881        16.0911        -1418.6     /gpfs/hpu/EHT2/IHARM_inc+5/MAD_a+0.75_384x192x192_IHARM/m_1_1_1/image_a+0.75_0045_158_0_230.e9_6.2e9_4.27595e+24_1.dat
        46       0.481588        4.46423        177.074         42.384        21.3619        29.3923       -2300.72     /gpfs/hpu/EHT2/IHARM_inc+5/MAD_a+0.75_384x192x192_IHARM/m_1_1_1/image_a+0.75_0046_158_0_230.e9_6.2e9_4.27595e+24_1.dat
        47       0.390441        3.86068        126.677        26.4314        14.8538        19.2083       -1587.88     /gpfs/hpu/EHT2/IHARM_inc+5/MAD_a+0.75_384x192x192_IHARM/m_1_1_1/image_a+0.75_0047_158_0_230.e9_6.2e9_4.27595e+24_1.dat
        48       0.344216        3.87588        156.893        24.0637        12.7002        17.0156       -1448.19     /gpfs/hpu/EHT2/IHARM_inc+5/MAD_a+0.75_384x192x192_IHARM/m_1_1_1/image_a+0.75_0048_158_0_230.e9_6.2e9_4.27595e+24_1.dat
        49        0.72398        3.86563        152.331        37.2818        17.8659        25.3238       -2166.87     /gpfs/hpu/EHT2/IHARM_inc+5/MAD_a+0.75_384x192x192_IHARM/m_1_1_1/image_a+0.75_0049_158_0_230.e9_6.2e9_4.27595e+24_1.dat
        50       0.544034        4.42564        206.016        24.5372        17.4236        19.9161       -1651.17     /gpfs/hpu/EHT2/IHARM_inc+5/MAD_a+0.75_384x192x192_IHARM/m_1_1_1/image_a+0.75_0050_158_0_230.e9_6.2e9_4.27595e+24_1.dat
        51       0.551914        4.17675        121.636        20.3265        15.1325        16.8992       -1461.14     /gpfs/hpu/EHT2/IHARM_inc+5/MAD_a+0.75_384x192x192_IHARM/m_1_1_1/image_a+0.75_0051_158_0_230.e9_6.2e9_4.27595e+24_1.dat
        52       0.777684        3.84936        187.392        61.7788        24.3375        38.9423       -3079.23     /gpfs/hpu/EHT2/IHARM_inc+5/MAD_a+0.75_384x192x192_IHARM/m_1_1_1/image_a+0.75_0052_158_0_230.e9_6.2e9_4.27595e+24_1.dat
        53       0.508967          3.876        176.895        44.0343         21.623        30.2094       -2400.92     /gpfs/hpu/EHT2/IHARM_inc+5/MAD_a+0.75_384x192x192_IHARM/m_1_1_1/image_a+0.75_0053_158_0_230.e9_6.2e9_4.27595e+24_1.dat
        54       0.422126        3.85918        179.412        33.1466        12.3092        20.4645       -1689.91     /gpfs/hpu/EHT2/IHARM_inc+5/MAD_a+0.75_384x192x192_IHARM/m_1_1_1/image_a+0.75_0054_158_0_230.e9_6.2e9_4.27595e+24_1.dat
        55       0.589857        4.05952        81.7743        17.0206        25.6221        21.5784       -1772.69     /gpfs/hpu/EHT2/IHARM_inc+5/MAD_a+0.75_384x192x192_IHARM/m_1_1_1/image_a+0.75_0055_158_0_230.e9_6.2e9_4.27595e+24_1.dat
        56       0.517338        4.01898        84.6415        17.7572         24.195        21.0578        -1748.5     /gpfs/hpu/EHT2/IHARM_inc+5/MAD_a+0.75_384x192x192_IHARM/m_1_1_1/image_a+0.75_0056_158_0_230.e9_6.2e9_4.27595e+24_1.dat
        57       0.502432        3.65433        156.835        28.3388        12.0942        18.3969       -1557.99     /gpfs/hpu/EHT2/IHARM_inc+5/MAD_a+0.75_384x192x192_IHARM/m_1_1_1/image_a+0.75_0057_158_0_230.e9_6.2e9_4.27595e+24_1.dat
        58       0.372239        3.66097        172.099        10.0314         11.511        10.6587       -1003.83     /gpfs/hpu/EHT2/IHARM_inc+5/MAD_a+0.75_384x192x192_IHARM/m_1_1_1/image_a+0.75_0058_158_0_230.e9_6.2e9_4.27595e+24_1.dat
        59       0.485673        3.75783        174.447        5.55234        7.18128        6.36411       -733.692     /gpfs/hpu/EHT2/IHARM_inc+5/MAD_a+0.75_384x192x192_IHARM/m_1_1_1/image_a+0.75_0059_158_0_230.e9_6.2e9_4.27595e+24_1.dat
        60       0.567616        3.96167        163.537        22.6894        14.5702        17.5323       -1486.37     /gpfs/hpu/EHT2/IHARM_inc+5/MAD_a+0.75_384x192x192_IHARM/m_1_1_1/image_a+0.75_0060_158_0_230.e9_6.2e9_4.27595e+24_1.dat
        61       0.602441        3.92882        142.329        16.8389        17.5358        16.8672       -1446.84     /gpfs/hpu/EHT2/IHARM_inc+5/MAD_a+0.75_384x192x192_IHARM/m_1_1_1/image_a+0.75_0061_158_0_230.e9_6.2e9_4.27595e+24_1.dat
        62       0.499405        3.73139        131.356        6.72822        10.6202        8.81196         -875.7     /gpfs/hpu/EHT2/IHARM_inc+5/MAD_a+0.75_384x192x192_IHARM/m_1_1_1/image_a+0.75_0062_158_0_230.e9_6.2e9_4.27595e+24_1.dat
        63       0.605186        3.84566        82.8619        5.46723        62.8324        38.2472       -2911.45     /gpfs/hpu/EHT2/IHARM_inc+5/MAD_a+0.75_384x192x192_IHARM/m_1_1_1/image_a+0.75_0063_158_0_230.e9_6.2e9_4.27595e+24_1.dat
        64        0.69042        3.95587        170.236        24.9958        27.6959         25.993       -2130.78     /gpfs/hpu/EHT2/IHARM_inc+5/MAD_a+0.75_384x192x192_IHARM/m_1_1_1/image_a+0.75_0064_158_0_230.e9_6.2e9_4.27595e+24_1.dat
        65        0.61579        3.71408        135.718        37.2911        55.7238        47.0402       -3552.87     /gpfs/hpu/EHT2/IHARM_inc+5/MAD_a+0.75_384x192x192_IHARM/m_1_1_1/image_a+0.75_0065_158_0_230.e9_6.2e9_4.27595e+24_1.dat
        66        0.88913        3.77607        114.568          15.71        23.1239        19.6155       -1746.36     /gpfs/hpu/EHT2/IHARM_inc+5/MAD_a+0.75_384x192x192_IHARM/m_1_1_1/image_a+0.75_0066_158_0_230.e9_6.2e9_4.27595e+24_1.dat
        67       0.754334        4.23871        207.586        38.4621        64.0657        52.2981       -3933.12     /gpfs/hpu/EHT2/IHARM_inc+5/MAD_a+0.75_384x192x192_IHARM/m_1_1_1/image_a+0.75_0067_158_0_230.e9_6.2e9_4.27595e+24_1.dat
        68        0.80186        4.32167        69.2054        37.7326        59.3377        49.2914       -3670.86     /gpfs/hpu/EHT2/IHARM_inc+5/MAD_a+0.75_384x192x192_IHARM/m_1_1_1/image_a+0.75_0068_158_0_230.e9_6.2e9_4.27595e+24_1.dat
        69       0.542001        4.00526         172.37        30.2788        32.4132         30.835       -2407.88     /gpfs/hpu/EHT2/IHARM_inc+5/MAD_a+0.75_384x192x192_IHARM/m_1_1_1/image_a+0.75_0069_158_0_230.e9_6.2e9_4.27595e+24_1.dat
        70       0.469627        3.68351        180.981        53.0414        17.4603        31.4646       -2436.45     /gpfs/hpu/EHT2/IHARM_inc+5/MAD_a+0.75_384x192x192_IHARM/m_1_1_1/image_a+0.75_0070_158_0_230.e9_6.2e9_4.27595e+24_1.dat
        71       0.454494        4.00169        194.321        32.8146        20.2901        24.9076       -2012.34     /gpfs/hpu/EHT2/IHARM_inc+5/MAD_a+0.75_384x192x192_IHARM/m_1_1_1/image_a+0.75_0071_158_0_230.e9_6.2e9_4.27595e+24_1.dat
        72         0.3851         4.0799        189.446          33.53         15.537        22.4709       -1824.29     /gpfs/hpu/EHT2/IHARM_inc+5/MAD_a+0.75_384x192x192_IHARM/m_1_1_1/image_a+0.75_0072_158_0_230.e9_6.2e9_4.27595e+24_1.dat
        73       0.469466        4.01146        148.755        11.5731        7.11592        8.76148       -874.061     /gpfs/hpu/EHT2/IHARM_inc+5/MAD_a+0.75_384x192x192_IHARM/m_1_1_1/image_a+0.75_0073_158_0_230.e9_6.2e9_4.27595e+24_1.dat
        74       0.412512         4.1204        144.893        17.6145        14.6019        15.4981       -1333.74     /gpfs/hpu/EHT2/IHARM_inc+5/MAD_a+0.75_384x192x192_IHARM/m_1_1_1/image_a+0.75_0074_158_0_230.e9_6.2e9_4.27595e+24_1.dat
        75       0.406347        3.74751        141.218        24.4013         19.272        20.9213       -1710.13     /gpfs/hpu/EHT2/IHARM_inc+5/MAD_a+0.75_384x192x192_IHARM/m_1_1_1/image_a+0.75_0075_158_0_230.e9_6.2e9_4.27595e+24_1.dat
        76       0.428979        4.05405        135.967        37.3404         24.007        28.8696        -2242.9     /gpfs/hpu/EHT2/IHARM_inc+5/MAD_a+0.75_384x192x192_IHARM/m_1_1_1/image_a+0.75_0076_158_0_230.e9_6.2e9_4.27595e+24_1.dat
        77        0.49337        4.04405        166.624        51.6871        19.6702        32.1843       -2513.93     /gpfs/hpu/EHT2/IHARM_inc+5/MAD_a+0.75_384x192x192_IHARM/m_1_1_1/image_a+0.75_0077_158_0_230.e9_6.2e9_4.27595e+24_1.dat
        78       0.554586        3.94224        156.033        69.9343        17.7805        38.4799       -2953.46     /gpfs/hpu/EHT2/IHARM_inc+5/MAD_a+0.75_384x192x192_IHARM/m_1_1_1/image_a+0.75_0078_158_0_230.e9_6.2e9_4.27595e+24_1.dat
        79       0.447955        3.80586        133.319        25.1381        11.8611        16.9688       -1436.78     /gpfs/hpu/EHT2/IHARM_inc+5/MAD_a+0.75_384x192x192_IHARM/m_1_1_1/image_a+0.75_0079_158_0_230.e9_6.2e9_4.27595e+24_1.dat
        80       0.569165        3.83169        112.066        22.1846        7.89002        13.4969       -1199.46     /gpfs/hpu/EHT2/IHARM_inc+5/MAD_a+0.75_384x192x192_IHARM/m_1_1_1/image_a+0.75_0080_158_0_230.e9_6.2e9_4.27595e+24_1.dat
        81       0.442755        3.42901        173.411        17.0195        18.8948        17.7196        -1512.3     /gpfs/hpu/EHT2/IHARM_inc+5/MAD_a+0.75_384x192x192_IHARM/m_1_1_1/image_a+0.75_0081_158_0_230.e9_6.2e9_4.27595e+24_1.dat
        82       0.451092        3.64144        158.084        4.60162        6.18247        5.40678       -660.432     /gpfs/hpu/EHT2/IHARM_inc+5/MAD_a+0.75_384x192x192_IHARM/m_1_1_1/image_a+0.75_0082_158_0_230.e9_6.2e9_4.27595e+24_1.dat
        83       0.615045        3.31415        193.702        11.3693        17.7574        14.7823       -1384.04     /gpfs/hpu/EHT2/IHARM_inc+5/MAD_a+0.75_384x192x192_IHARM/m_1_1_1/image_a+0.75_0083_158_0_230.e9_6.2e9_4.27595e+24_1.dat
        84       0.807019        3.67514        176.249        34.2821        32.5806          32.55       -2633.73     /gpfs/hpu/EHT2/IHARM_inc+5/MAD_a+0.75_384x192x192_IHARM/m_1_1_1/image_a+0.75_0084_158_0_230.e9_6.2e9_4.27595e+24_1.dat
        85       0.595747        3.89613        147.471        31.2818        28.5116         29.003       -2294.19     /gpfs/hpu/EHT2/IHARM_inc+5/MAD_a+0.75_384x192x192_IHARM/m_1_1_1/image_a+0.75_0085_158_0_230.e9_6.2e9_4.27595e+24_1.dat
        86       0.842777        3.64349        125.541        24.5753        22.8312        23.0329       -1979.74     /gpfs/hpu/EHT2/IHARM_inc+5/MAD_a+0.75_384x192x192_IHARM/m_1_1_1/image_a+0.75_0086_158_0_230.e9_6.2e9_4.27595e+24_1.dat
        87       0.597285        3.96354        181.775        24.8911        12.9119        17.4716          -1520     /gpfs/hpu/EHT2/IHARM_inc+5/MAD_a+0.75_384x192x192_IHARM/m_1_1_1/image_a+0.75_0087_158_0_230.e9_6.2e9_4.27595e+24_1.dat
        88       0.436891        3.73252        126.182        17.4517        17.9769        17.3679       -1454.85     /gpfs/hpu/EHT2/IHARM_inc+5/MAD_a+0.75_384x192x192_IHARM/m_1_1_1/image_a+0.75_0088_158_0_230.e9_6.2e9_4.27595e+24_1.dat
        89       0.400619        3.88159        186.949        29.4592         17.842        22.1466       -1813.31     /gpfs/hpu/EHT2/IHARM_inc+5/MAD_a+0.75_384x192x192_IHARM/m_1_1_1/image_a+0.75_0089_158_0_230.e9_6.2e9_4.27595e+24_1.dat
        90       0.496723        3.93144        193.256        46.1614        21.4428        30.9663       -2454.38     /gpfs/hpu/EHT2/IHARM_inc+5/MAD_a+0.75_384x192x192_IHARM/m_1_1_1/image_a+0.75_0090_158_0_230.e9_6.2e9_4.27595e+24_1.dat
        91       0.537689        4.06295        165.633        55.7057        21.3556        34.7761       -2699.58     /gpfs/hpu/EHT2/IHARM_inc+5/MAD_a+0.75_384x192x192_IHARM/m_1_1_1/image_a+0.75_0091_158_0_230.e9_6.2e9_4.27595e+24_1.dat
        92       0.435688         3.9126        158.131        31.6501        13.5208        20.5542       -1693.08     /gpfs/hpu/EHT2/IHARM_inc+5/MAD_a+0.75_384x192x192_IHARM/m_1_1_1/image_a+0.75_0092_158_0_230.e9_6.2e9_4.27595e+24_1.dat
        93       0.393234        3.89659        129.938        14.7625        9.00743        11.1361       -1026.99     /gpfs/hpu/EHT2/IHARM_inc+5/MAD_a+0.75_384x192x192_IHARM/m_1_1_1/image_a+0.75_0093_158_0_230.e9_6.2e9_4.27595e+24_1.dat
        94       0.458238        3.79113        175.909        26.1602        10.5638        16.6381       -1425.42     /gpfs/hpu/EHT2/IHARM_inc+5/MAD_a+0.75_384x192x192_IHARM/m_1_1_1/image_a+0.75_0094_158_0_230.e9_6.2e9_4.27595e+24_1.dat
        95       0.490502        3.53383        160.967        32.5525        9.46094        18.5907       -1552.08     /gpfs/hpu/EHT2/IHARM_inc+5/MAD_a+0.75_384x192x192_IHARM/m_1_1_1/image_a+0.75_0095_158_0_230.e9_6.2e9_4.27595e+24_1.dat
        96       0.399009        3.68728        175.028        14.5838        9.82113        11.5306       -1055.28     /gpfs/hpu/EHT2/IHARM_inc+5/MAD_a+0.75_384x192x192_IHARM/m_1_1_1/image_a+0.75_0096_158_0_230.e9_6.2e9_4.27595e+24_1.dat
        97       0.448678        3.60261        182.141        26.4911        13.7339        18.5901       -1570.24     /gpfs/hpu/EHT2/IHARM_inc+5/MAD_a+0.75_384x192x192_IHARM/m_1_1_1/image_a+0.75_0097_158_0_230.e9_6.2e9_4.27595e+24_1.dat
        98        0.43673        3.11472        103.823        18.5843        28.8751        24.0764       -1937.73     /gpfs/hpu/EHT2/IHARM_inc+5/MAD_a+0.75_384x192x192_IHARM/m_1_1_1/image_a+0.75_0098_158_0_230.e9_6.2e9_4.27595e+24_1.dat
        99       0.501819        3.42598        137.308        18.3676        15.2956        16.2005       -1412.92     /gpfs/hpu/EHT2/IHARM_inc+5/MAD_a+0.75_384x192x192_IHARM/m_1_1_1/image_a+0.75_0099_158_0_230.e9_6.2e9_4.27595e+24_1.dat
