   # Index         I (Jy)      M/D (uas)       PA (deg)  VA red. chisq  CP red. chisq     red. chisq     log-liklhd     FileName
         0       0.857461        5.17483        4.92988        12.9233        23.0894        18.4239       -2879.38     /gpfs/hpu/EHT2/IHARM_inc+5/MAD_a-0.94_384x192x192_IHARM/m_1_1_160/image_a-0.94_0000_22_0_230.e9_6.2e9_4.47548e+25_160.dat
         1        1.21179        5.85912        36.4916        30.5081        23.4849         26.231       -4176.81     /gpfs/hpu/EHT2/IHARM_inc+5/MAD_a-0.94_384x192x192_IHARM/m_1_1_160/image_a-0.94_0001_22_0_230.e9_6.2e9_4.47548e+25_160.dat
         2        0.47908        3.24958       -8.08962        12.7271        24.3502        19.0408       -2833.98     /gpfs/hpu/EHT2/IHARM_inc+5/MAD_a-0.94_384x192x192_IHARM/m_1_1_160/image_a-0.94_0002_22_0_230.e9_6.2e9_4.47548e+25_160.dat
         3        0.74242        4.08431        38.5127        40.0551        20.1436        28.4908       -4031.85     /gpfs/hpu/EHT2/IHARM_inc+5/MAD_a-0.94_384x192x192_IHARM/m_1_1_160/image_a-0.94_0003_22_0_230.e9_6.2e9_4.47548e+25_160.dat
         4       0.524557        3.78224       -48.6687        6.70917        12.8719        10.0573       -1744.83     /gpfs/hpu/EHT2/IHARM_inc+5/MAD_a-0.94_384x192x192_IHARM/m_1_1_160/image_a-0.94_0004_22_0_230.e9_6.2e9_4.47548e+25_160.dat
         5       0.477517         3.7487       -22.2341        6.79291        9.87436        8.42541       -1538.85     /gpfs/hpu/EHT2/IHARM_inc+5/MAD_a-0.94_384x192x192_IHARM/m_1_1_160/image_a-0.94_0005_22_0_230.e9_6.2e9_4.47548e+25_160.dat
         6       0.522877        3.49344       -27.2657        5.13175        9.21448        7.34152       -1402.52     /gpfs/hpu/EHT2/IHARM_inc+5/MAD_a-0.94_384x192x192_IHARM/m_1_1_160/image_a-0.94_0006_22_0_230.e9_6.2e9_4.47548e+25_160.dat
         7       0.522861        3.37826       -49.4493        2.99185        2.62669        2.75246         -767.3     /gpfs/hpu/EHT2/IHARM_inc+5/MAD_a-0.94_384x192x192_IHARM/m_1_1_160/image_a-0.94_0007_22_0_230.e9_6.2e9_4.47548e+25_160.dat
         8       0.701964         3.6919       -140.625        7.92673        17.0805        12.9245       -2061.88     /gpfs/hpu/EHT2/IHARM_inc+5/MAD_a-0.94_384x192x192_IHARM/m_1_1_160/image_a-0.94_0008_22_0_230.e9_6.2e9_4.47548e+25_160.dat
         9       0.442182        3.90658       -140.861        4.79894        11.9247          8.706       -1451.87     /gpfs/hpu/EHT2/IHARM_inc+5/MAD_a-0.94_384x192x192_IHARM/m_1_1_160/image_a-0.94_0009_22_0_230.e9_6.2e9_4.47548e+25_160.dat
        10       0.552583        3.77667       -147.578        13.9066        20.8804        17.6189       -2640.15     /gpfs/hpu/EHT2/IHARM_inc+5/MAD_a-0.94_384x192x192_IHARM/m_1_1_160/image_a-0.94_0010_22_0_230.e9_6.2e9_4.47548e+25_160.dat
        11        1.03174        4.62893       -154.537        6.95213        42.7585        26.7926       -3834.19     /gpfs/hpu/EHT2/IHARM_inc+5/MAD_a-0.94_384x192x192_IHARM/m_1_1_160/image_a-0.94_0011_22_0_230.e9_6.2e9_4.47548e+25_160.dat
        12       0.668881        3.66576       -57.7711        3.14529        6.80003        5.14093       -1194.06     /gpfs/hpu/EHT2/IHARM_inc+5/MAD_a-0.94_384x192x192_IHARM/m_1_1_160/image_a-0.94_0012_22_0_230.e9_6.2e9_4.47548e+25_160.dat
        13       0.508552        4.22874       -20.0735        1.94584        2.77944        2.38616       -723.777     /gpfs/hpu/EHT2/IHARM_inc+5/MAD_a-0.94_384x192x192_IHARM/m_1_1_160/image_a-0.94_0013_22_0_230.e9_6.2e9_4.47548e+25_160.dat
        14       0.583151        3.84671       -41.1619        3.16536        6.24669        4.84168       -1090.88     /gpfs/hpu/EHT2/IHARM_inc+5/MAD_a-0.94_384x192x192_IHARM/m_1_1_160/image_a-0.94_0014_22_0_230.e9_6.2e9_4.47548e+25_160.dat
        15       0.555619        3.72721       -58.9048        6.84709        14.2531        10.8853       -1804.51     /gpfs/hpu/EHT2/IHARM_inc+5/MAD_a-0.94_384x192x192_IHARM/m_1_1_160/image_a-0.94_0015_22_0_230.e9_6.2e9_4.47548e+25_160.dat
        16       0.522978        4.02115       -113.218         3.3038         13.428        8.89745       -1502.73     /gpfs/hpu/EHT2/IHARM_inc+5/MAD_a-0.94_384x192x192_IHARM/m_1_1_160/image_a-0.94_0016_22_0_230.e9_6.2e9_4.47548e+25_160.dat
        17       0.501973        3.66091       -60.4071        7.87572        13.8828        11.1231       -1803.87     /gpfs/hpu/EHT2/IHARM_inc+5/MAD_a-0.94_384x192x192_IHARM/m_1_1_160/image_a-0.94_0017_22_0_230.e9_6.2e9_4.47548e+25_160.dat
        18       0.438117        3.44874       -57.7913        11.4278        18.6688        15.3189       -2316.51     /gpfs/hpu/EHT2/IHARM_inc+5/MAD_a-0.94_384x192x192_IHARM/m_1_1_160/image_a-0.94_0018_22_0_230.e9_6.2e9_4.47548e+25_160.dat
        19       0.499191        3.93389       -20.2063        7.31895        10.0006        8.72261        -1504.3     /gpfs/hpu/EHT2/IHARM_inc+5/MAD_a-0.94_384x192x192_IHARM/m_1_1_160/image_a-0.94_0019_22_0_230.e9_6.2e9_4.47548e+25_160.dat
        20       0.852786        4.20079       -10.0767        10.3564        8.47336         9.1833       -1649.72     /gpfs/hpu/EHT2/IHARM_inc+5/MAD_a-0.94_384x192x192_IHARM/m_1_1_160/image_a-0.94_0020_22_0_230.e9_6.2e9_4.47548e+25_160.dat
        21          0.559        3.63421       -101.438        8.55864         44.785        28.6133       -4092.91     /gpfs/hpu/EHT2/IHARM_inc+5/MAD_a-0.94_384x192x192_IHARM/m_1_1_160/image_a-0.94_0021_22_0_230.e9_6.2e9_4.47548e+25_160.dat
        22       0.643855        4.33983       -86.7641        3.64965        7.90487        5.97332       -1131.48     /gpfs/hpu/EHT2/IHARM_inc+5/MAD_a-0.94_384x192x192_IHARM/m_1_1_160/image_a-0.94_0022_22_0_230.e9_6.2e9_4.47548e+25_160.dat
        23       0.859563        3.77344        6.86132        10.2226        7.92182        8.81866       -1696.62     /gpfs/hpu/EHT2/IHARM_inc+5/MAD_a-0.94_384x192x192_IHARM/m_1_1_160/image_a-0.94_0023_22_0_230.e9_6.2e9_4.47548e+25_160.dat
        24       0.495487        3.97242       -70.5649        4.00476        6.96113        5.60139       -1095.64     /gpfs/hpu/EHT2/IHARM_inc+5/MAD_a-0.94_384x192x192_IHARM/m_1_1_160/image_a-0.94_0024_22_0_230.e9_6.2e9_4.47548e+25_160.dat
        25       0.613854        3.41462       -4.90057        11.9723        8.32812        9.79966       -1726.76     /gpfs/hpu/EHT2/IHARM_inc+5/MAD_a-0.94_384x192x192_IHARM/m_1_1_160/image_a-0.94_0025_22_0_230.e9_6.2e9_4.47548e+25_160.dat
        26       0.879147        3.36769        294.623        16.0327        18.3481        17.1272       -2753.18     /gpfs/hpu/EHT2/IHARM_inc+5/MAD_a-0.94_384x192x192_IHARM/m_1_1_160/image_a-0.94_0026_22_0_230.e9_6.2e9_4.47548e+25_160.dat
        27       0.663539        3.65952        320.285        4.81826        11.2164        8.32025       -1494.11     /gpfs/hpu/EHT2/IHARM_inc+5/MAD_a-0.94_384x192x192_IHARM/m_1_1_160/image_a-0.94_0027_22_0_230.e9_6.2e9_4.47548e+25_160.dat
        28       0.632491        3.77856         263.41        10.0456        29.0845        20.5183       -3176.55     /gpfs/hpu/EHT2/IHARM_inc+5/MAD_a-0.94_384x192x192_IHARM/m_1_1_160/image_a-0.94_0028_22_0_230.e9_6.2e9_4.47548e+25_160.dat
        29       0.566606        3.83523        314.658         9.6606        17.0483        13.6546       -2110.89     /gpfs/hpu/EHT2/IHARM_inc+5/MAD_a-0.94_384x192x192_IHARM/m_1_1_160/image_a-0.94_0029_22_0_230.e9_6.2e9_4.47548e+25_160.dat
        30       0.667944        3.35444        332.943        12.1098        21.3863        17.1252       -2634.97     /gpfs/hpu/EHT2/IHARM_inc+5/MAD_a-0.94_384x192x192_IHARM/m_1_1_160/image_a-0.94_0030_22_0_230.e9_6.2e9_4.47548e+25_160.dat
        31       0.569772        4.00075        269.086        3.39166        11.3652        7.78754       -1396.12     /gpfs/hpu/EHT2/IHARM_inc+5/MAD_a-0.94_384x192x192_IHARM/m_1_1_160/image_a-0.94_0031_22_0_230.e9_6.2e9_4.47548e+25_160.dat
        32       0.390638        3.62295        251.806         8.7801        14.7393        11.9899       -1927.45     /gpfs/hpu/EHT2/IHARM_inc+5/MAD_a-0.94_384x192x192_IHARM/m_1_1_160/image_a-0.94_0032_22_0_230.e9_6.2e9_4.47548e+25_160.dat
        33       0.639422        3.65511        348.317         12.875         8.9642        10.5431       -1807.44     /gpfs/hpu/EHT2/IHARM_inc+5/MAD_a-0.94_384x192x192_IHARM/m_1_1_160/image_a-0.94_0033_22_0_230.e9_6.2e9_4.47548e+25_160.dat
        34       0.535475        3.73738        330.799        20.2186        12.9648        15.9376       -2388.47     /gpfs/hpu/EHT2/IHARM_inc+5/MAD_a-0.94_384x192x192_IHARM/m_1_1_160/image_a-0.94_0034_22_0_230.e9_6.2e9_4.47548e+25_160.dat
        35       0.574229        3.80455         345.41        6.56551        11.2361        9.08504       -1572.87     /gpfs/hpu/EHT2/IHARM_inc+5/MAD_a-0.94_384x192x192_IHARM/m_1_1_160/image_a-0.94_0035_22_0_230.e9_6.2e9_4.47548e+25_160.dat
        36       0.853433         3.3739        355.156        19.0328        13.6849        15.8267       -2514.05     /gpfs/hpu/EHT2/IHARM_inc+5/MAD_a-0.94_384x192x192_IHARM/m_1_1_160/image_a-0.94_0036_22_0_230.e9_6.2e9_4.47548e+25_160.dat
        37       0.915124        3.84049        270.777        5.81911        20.4882        13.9114       -2304.35     /gpfs/hpu/EHT2/IHARM_inc+5/MAD_a-0.94_384x192x192_IHARM/m_1_1_160/image_a-0.94_0037_22_0_230.e9_6.2e9_4.47548e+25_160.dat
        38       0.609911        3.49178        41.9302        14.5912        9.52173        11.5938       -1938.14     /gpfs/hpu/EHT2/IHARM_inc+5/MAD_a-0.94_384x192x192_IHARM/m_1_1_160/image_a-0.94_0038_22_0_230.e9_6.2e9_4.47548e+25_160.dat
        39       0.634222        4.15739        -60.974        2.24587        15.5705         9.6332       -1603.01     /gpfs/hpu/EHT2/IHARM_inc+5/MAD_a-0.94_384x192x192_IHARM/m_1_1_160/image_a-0.94_0039_22_0_230.e9_6.2e9_4.47548e+25_160.dat
        40         1.1426        4.04102       -121.923        18.9622         32.612        26.3283       -3998.06     /gpfs/hpu/EHT2/IHARM_inc+5/MAD_a-0.94_384x192x192_IHARM/m_1_1_160/image_a-0.94_0040_22_0_230.e9_6.2e9_4.47548e+25_160.dat
        41       0.548295        4.01002       -42.4144        10.4315        6.16374         7.9305        -1375.4     /gpfs/hpu/EHT2/IHARM_inc+5/MAD_a-0.94_384x192x192_IHARM/m_1_1_160/image_a-0.94_0041_22_0_230.e9_6.2e9_4.47548e+25_160.dat
        42       0.927603        4.14713       -41.8217         17.491         17.407        17.2327       -2571.46     /gpfs/hpu/EHT2/IHARM_inc+5/MAD_a-0.94_384x192x192_IHARM/m_1_1_160/image_a-0.94_0042_22_0_230.e9_6.2e9_4.47548e+25_160.dat
        43       0.659063        3.99151       -35.2396        10.7406         4.1711        6.95508       -1270.05     /gpfs/hpu/EHT2/IHARM_inc+5/MAD_a-0.94_384x192x192_IHARM/m_1_1_160/image_a-0.94_0043_22_0_230.e9_6.2e9_4.47548e+25_160.dat
        44       0.532431        3.38242       -76.0525        5.62338        9.26299        7.58063        -1464.4     /gpfs/hpu/EHT2/IHARM_inc+5/MAD_a-0.94_384x192x192_IHARM/m_1_1_160/image_a-0.94_0044_22_0_230.e9_6.2e9_4.47548e+25_160.dat
        45       0.701861        3.67685       -28.1058        8.82398        7.92922        8.21935       -1454.15     /gpfs/hpu/EHT2/IHARM_inc+5/MAD_a-0.94_384x192x192_IHARM/m_1_1_160/image_a-0.94_0045_22_0_230.e9_6.2e9_4.47548e+25_160.dat
        46       0.624162         3.3046       -47.7153        1.90726        7.85228         5.1923       -1110.43     /gpfs/hpu/EHT2/IHARM_inc+5/MAD_a-0.94_384x192x192_IHARM/m_1_1_160/image_a-0.94_0046_22_0_230.e9_6.2e9_4.47548e+25_160.dat
        47        1.21341        3.55406       -36.0857        7.30751        7.29093        7.20989        -1548.4     /gpfs/hpu/EHT2/IHARM_inc+5/MAD_a-0.94_384x192x192_IHARM/m_1_1_160/image_a-0.94_0047_22_0_230.e9_6.2e9_4.47548e+25_160.dat
        48       0.816968        4.26052       -4.52509        8.76106        13.4253        11.2505       -2007.75     /gpfs/hpu/EHT2/IHARM_inc+5/MAD_a-0.94_384x192x192_IHARM/m_1_1_160/image_a-0.94_0048_22_0_230.e9_6.2e9_4.47548e+25_160.dat
        49       0.752997        4.13648       -4.54491        12.9542        16.2927        14.6552       -2391.04     /gpfs/hpu/EHT2/IHARM_inc+5/MAD_a-0.94_384x192x192_IHARM/m_1_1_160/image_a-0.94_0049_22_0_230.e9_6.2e9_4.47548e+25_160.dat
        50       0.622266        4.18315       -10.5837        17.4716        14.0086        15.3333       -2345.84     /gpfs/hpu/EHT2/IHARM_inc+5/MAD_a-0.94_384x192x192_IHARM/m_1_1_160/image_a-0.94_0050_22_0_230.e9_6.2e9_4.47548e+25_160.dat
        51       0.412606        4.03947       -11.7349        7.11747        6.36828        6.61448        -1216.9     /gpfs/hpu/EHT2/IHARM_inc+5/MAD_a-0.94_384x192x192_IHARM/m_1_1_160/image_a-0.94_0051_22_0_230.e9_6.2e9_4.47548e+25_160.dat
        52        0.62073        3.63553        8.48231        13.0411        9.06312        10.6698       -1794.15     /gpfs/hpu/EHT2/IHARM_inc+5/MAD_a-0.94_384x192x192_IHARM/m_1_1_160/image_a-0.94_0052_22_0_230.e9_6.2e9_4.47548e+25_160.dat
        53        0.57306        3.73955       -50.1258        3.78324        5.19316        4.52203       -1004.17     /gpfs/hpu/EHT2/IHARM_inc+5/MAD_a-0.94_384x192x192_IHARM/m_1_1_160/image_a-0.94_0053_22_0_230.e9_6.2e9_4.47548e+25_160.dat
        54       0.446472        3.73821       -14.5929        7.30324         7.4714        7.30847       -1364.58     /gpfs/hpu/EHT2/IHARM_inc+5/MAD_a-0.94_384x192x192_IHARM/m_1_1_160/image_a-0.94_0054_22_0_230.e9_6.2e9_4.47548e+25_160.dat
        55       0.694416         4.0857       -83.7313        7.06428        11.2863        9.32815       -1671.49     /gpfs/hpu/EHT2/IHARM_inc+5/MAD_a-0.94_384x192x192_IHARM/m_1_1_160/image_a-0.94_0055_22_0_230.e9_6.2e9_4.47548e+25_160.dat
        56       0.539498        3.83311       -40.9993        4.73342        5.44627        5.07283       -1083.69     /gpfs/hpu/EHT2/IHARM_inc+5/MAD_a-0.94_384x192x192_IHARM/m_1_1_160/image_a-0.94_0056_22_0_230.e9_6.2e9_4.47548e+25_160.dat
        57       0.545478        3.76872       -28.9368        5.81892        8.51701        7.24989       -1406.18     /gpfs/hpu/EHT2/IHARM_inc+5/MAD_a-0.94_384x192x192_IHARM/m_1_1_160/image_a-0.94_0057_22_0_230.e9_6.2e9_4.47548e+25_160.dat
        58       0.726553        3.63118       -81.9806        10.6092        18.3548        14.7909       -2455.55     /gpfs/hpu/EHT2/IHARM_inc+5/MAD_a-0.94_384x192x192_IHARM/m_1_1_160/image_a-0.94_0058_22_0_230.e9_6.2e9_4.47548e+25_160.dat
        59       0.781904        4.01956       -140.701        9.08561        42.6288        27.6409       -3936.58     /gpfs/hpu/EHT2/IHARM_inc+5/MAD_a-0.94_384x192x192_IHARM/m_1_1_160/image_a-0.94_0059_22_0_230.e9_6.2e9_4.47548e+25_160.dat
        60       0.753096        4.24019       -21.4684        11.6227         15.063        13.3964       -2221.96     /gpfs/hpu/EHT2/IHARM_inc+5/MAD_a-0.94_384x192x192_IHARM/m_1_1_160/image_a-0.94_0060_22_0_230.e9_6.2e9_4.47548e+25_160.dat
        61       0.646257        4.11021       -1.76536        15.7712        12.4616        13.7388       -2253.59     /gpfs/hpu/EHT2/IHARM_inc+5/MAD_a-0.94_384x192x192_IHARM/m_1_1_160/image_a-0.94_0061_22_0_230.e9_6.2e9_4.47548e+25_160.dat
        62       0.536903         4.0971        12.7183        10.2072        17.8334        14.3273        -2306.9     /gpfs/hpu/EHT2/IHARM_inc+5/MAD_a-0.94_384x192x192_IHARM/m_1_1_160/image_a-0.94_0062_22_0_230.e9_6.2e9_4.47548e+25_160.dat
        63       0.504877        4.06567        24.2238        10.6182          10.19        10.2515       -1736.19     /gpfs/hpu/EHT2/IHARM_inc+5/MAD_a-0.94_384x192x192_IHARM/m_1_1_160/image_a-0.94_0063_22_0_230.e9_6.2e9_4.47548e+25_160.dat
        64       0.379263        4.04296       -1.52969        14.1484        8.82706        11.0162       -1782.11     /gpfs/hpu/EHT2/IHARM_inc+5/MAD_a-0.94_384x192x192_IHARM/m_1_1_160/image_a-0.94_0064_22_0_230.e9_6.2e9_4.47548e+25_160.dat
        65       0.521458        3.81629       -34.2301        15.3145        14.3389        14.5864       -2283.01     /gpfs/hpu/EHT2/IHARM_inc+5/MAD_a-0.94_384x192x192_IHARM/m_1_1_160/image_a-0.94_0065_22_0_230.e9_6.2e9_4.47548e+25_160.dat
        66       0.613496        4.14053       -86.5803        2.78922        8.61749        5.99863       -1169.24     /gpfs/hpu/EHT2/IHARM_inc+5/MAD_a-0.94_384x192x192_IHARM/m_1_1_160/image_a-0.94_0066_22_0_230.e9_6.2e9_4.47548e+25_160.dat
        67        1.41518        3.99561       -96.7449        4.50936        16.0152        10.8573       -2033.88     /gpfs/hpu/EHT2/IHARM_inc+5/MAD_a-0.94_384x192x192_IHARM/m_1_1_160/image_a-0.94_0067_22_0_230.e9_6.2e9_4.47548e+25_160.dat
        68        1.05528        4.39478       -13.3681        7.61758        8.75666        8.15927       -1606.94     /gpfs/hpu/EHT2/IHARM_inc+5/MAD_a-0.94_384x192x192_IHARM/m_1_1_160/image_a-0.94_0068_22_0_230.e9_6.2e9_4.47548e+25_160.dat
        69       0.528912        3.85331        8.79515        14.0115        11.2792        12.3216        -1994.7     /gpfs/hpu/EHT2/IHARM_inc+5/MAD_a-0.94_384x192x192_IHARM/m_1_1_160/image_a-0.94_0069_22_0_230.e9_6.2e9_4.47548e+25_160.dat
        70       0.411551        4.06973       -9.93583        9.39204        18.3536        14.2651       -2209.51     /gpfs/hpu/EHT2/IHARM_inc+5/MAD_a-0.94_384x192x192_IHARM/m_1_1_160/image_a-0.94_0070_22_0_230.e9_6.2e9_4.47548e+25_160.dat
        71       0.446827        3.96922        10.8268          9.131        12.3431        10.8079       -1793.44     /gpfs/hpu/EHT2/IHARM_inc+5/MAD_a-0.94_384x192x192_IHARM/m_1_1_160/image_a-0.94_0071_22_0_230.e9_6.2e9_4.47548e+25_160.dat
        72       0.541661        3.98212       -88.8704        4.79124        28.2153        17.7676       -2603.29     /gpfs/hpu/EHT2/IHARM_inc+5/MAD_a-0.94_384x192x192_IHARM/m_1_1_160/image_a-0.94_0072_22_0_230.e9_6.2e9_4.47548e+25_160.dat
        73       0.567938        3.99695        -99.696        4.24131        13.1059        9.12269       -1579.94     /gpfs/hpu/EHT2/IHARM_inc+5/MAD_a-0.94_384x192x192_IHARM/m_1_1_160/image_a-0.94_0073_22_0_230.e9_6.2e9_4.47548e+25_160.dat
        74       0.676752        3.78685       -76.8039        4.07387        6.53202        5.39243       -1218.67     /gpfs/hpu/EHT2/IHARM_inc+5/MAD_a-0.94_384x192x192_IHARM/m_1_1_160/image_a-0.94_0074_22_0_230.e9_6.2e9_4.47548e+25_160.dat
        75       0.599642        4.29586       -106.931        5.45848        17.7955        12.2574       -1952.16     /gpfs/hpu/EHT2/IHARM_inc+5/MAD_a-0.94_384x192x192_IHARM/m_1_1_160/image_a-0.94_0075_22_0_230.e9_6.2e9_4.47548e+25_160.dat
        76       0.462585        4.10396       -112.029        8.83345        14.9538        12.1323       -1905.19     /gpfs/hpu/EHT2/IHARM_inc+5/MAD_a-0.94_384x192x192_IHARM/m_1_1_160/image_a-0.94_0076_22_0_230.e9_6.2e9_4.47548e+25_160.dat
        77       0.565216        4.28821       -91.4868        2.57048        12.8961        8.28512       -1429.69     /gpfs/hpu/EHT2/IHARM_inc+5/MAD_a-0.94_384x192x192_IHARM/m_1_1_160/image_a-0.94_0077_22_0_230.e9_6.2e9_4.47548e+25_160.dat
        78        0.67554        4.46553       -4.54432          15.44        22.2065        19.0184       -2893.39     /gpfs/hpu/EHT2/IHARM_inc+5/MAD_a-0.94_384x192x192_IHARM/m_1_1_160/image_a-0.94_0078_22_0_230.e9_6.2e9_4.47548e+25_160.dat
        79       0.541259        3.27537        4.25834        11.3452        32.0937        22.7535        -3362.5     /gpfs/hpu/EHT2/IHARM_inc+5/MAD_a-0.94_384x192x192_IHARM/m_1_1_160/image_a-0.94_0079_22_0_230.e9_6.2e9_4.47548e+25_160.dat
        80       0.685793        4.08874       -40.3239        3.37274        14.7626        9.66983       -1735.58     /gpfs/hpu/EHT2/IHARM_inc+5/MAD_a-0.94_384x192x192_IHARM/m_1_1_160/image_a-0.94_0080_22_0_230.e9_6.2e9_4.47548e+25_160.dat
        81       0.410894        3.66256       -31.5547        16.6964        30.5186        24.1858       -3453.58     /gpfs/hpu/EHT2/IHARM_inc+5/MAD_a-0.94_384x192x192_IHARM/m_1_1_160/image_a-0.94_0081_22_0_230.e9_6.2e9_4.47548e+25_160.dat
        82       0.411231        3.47213       -24.8332        20.1671        34.3373        27.8082       -3873.26     /gpfs/hpu/EHT2/IHARM_inc+5/MAD_a-0.94_384x192x192_IHARM/m_1_1_160/image_a-0.94_0082_22_0_230.e9_6.2e9_4.47548e+25_160.dat
        83       0.519027        3.43396       -77.3187        11.8313         16.357        14.2065        -2241.1     /gpfs/hpu/EHT2/IHARM_inc+5/MAD_a-0.94_384x192x192_IHARM/m_1_1_160/image_a-0.94_0083_22_0_230.e9_6.2e9_4.47548e+25_160.dat
        84       0.652896        3.89671       -110.631        10.9062         19.461        15.5346        -2388.6     /gpfs/hpu/EHT2/IHARM_inc+5/MAD_a-0.94_384x192x192_IHARM/m_1_1_160/image_a-0.94_0084_22_0_230.e9_6.2e9_4.47548e+25_160.dat
        85       0.487554        3.73699       -20.8617        9.60178        12.7005        11.2099       -1832.14     /gpfs/hpu/EHT2/IHARM_inc+5/MAD_a-0.94_384x192x192_IHARM/m_1_1_160/image_a-0.94_0085_22_0_230.e9_6.2e9_4.47548e+25_160.dat
        86       0.617263        3.67901        13.0361        12.7535         8.9575        10.4869       -1775.35     /gpfs/hpu/EHT2/IHARM_inc+5/MAD_a-0.94_384x192x192_IHARM/m_1_1_160/image_a-0.94_0086_22_0_230.e9_6.2e9_4.47548e+25_160.dat
        87        1.11822        3.29389        16.3253        16.7621        12.6191         14.254       -2404.74     /gpfs/hpu/EHT2/IHARM_inc+5/MAD_a-0.94_384x192x192_IHARM/m_1_1_160/image_a-0.94_0087_22_0_230.e9_6.2e9_4.47548e+25_160.dat
        88       0.999798        4.31911        12.6093        10.9212        9.29815        9.88594       -1684.96     /gpfs/hpu/EHT2/IHARM_inc+5/MAD_a-0.94_384x192x192_IHARM/m_1_1_160/image_a-0.94_0088_22_0_230.e9_6.2e9_4.47548e+25_160.dat
        89       0.595447        4.10734        40.8837        7.62658        17.2614        12.8957       -2004.89     /gpfs/hpu/EHT2/IHARM_inc+5/MAD_a-0.94_384x192x192_IHARM/m_1_1_160/image_a-0.94_0089_22_0_230.e9_6.2e9_4.47548e+25_160.dat
        90       0.466006        3.40753       -53.3391        10.6305        18.3703        14.8087       -2243.63     /gpfs/hpu/EHT2/IHARM_inc+5/MAD_a-0.94_384x192x192_IHARM/m_1_1_160/image_a-0.94_0090_22_0_230.e9_6.2e9_4.47548e+25_160.dat
        91        0.81877        3.14886        5.02237        25.3383        22.1237         23.243       -3354.44     /gpfs/hpu/EHT2/IHARM_inc+5/MAD_a-0.94_384x192x192_IHARM/m_1_1_160/image_a-0.94_0091_22_0_230.e9_6.2e9_4.47548e+25_160.dat
        92       0.903689        4.69922       -21.7175        5.22585        23.2179        15.1744       -2974.67     /gpfs/hpu/EHT2/IHARM_inc+5/MAD_a-0.94_384x192x192_IHARM/m_1_1_160/image_a-0.94_0092_22_0_230.e9_6.2e9_4.47548e+25_160.dat
        93       0.438134        3.69805       -27.5082        6.25701        8.98353         7.6985       -1401.67     /gpfs/hpu/EHT2/IHARM_inc+5/MAD_a-0.94_384x192x192_IHARM/m_1_1_160/image_a-0.94_0093_22_0_230.e9_6.2e9_4.47548e+25_160.dat
        94       0.582056        3.39146       -55.2427        6.72069        19.8727        13.9579       -2490.75     /gpfs/hpu/EHT2/IHARM_inc+5/MAD_a-0.94_384x192x192_IHARM/m_1_1_160/image_a-0.94_0094_22_0_230.e9_6.2e9_4.47548e+25_160.dat
        95       0.638166         3.8038       -72.4871        1.94762        4.97893        3.61084       -881.745     /gpfs/hpu/EHT2/IHARM_inc+5/MAD_a-0.94_384x192x192_IHARM/m_1_1_160/image_a-0.94_0095_22_0_230.e9_6.2e9_4.47548e+25_160.dat
        96       0.891624        3.78192       -21.6884        3.12379        5.77552        4.56156       -1160.18     /gpfs/hpu/EHT2/IHARM_inc+5/MAD_a-0.94_384x192x192_IHARM/m_1_1_160/image_a-0.94_0096_22_0_230.e9_6.2e9_4.47548e+25_160.dat
        97       0.545736        3.71735       -33.3579        3.52984        7.92724        5.93408       -1265.02     /gpfs/hpu/EHT2/IHARM_inc+5/MAD_a-0.94_384x192x192_IHARM/m_1_1_160/image_a-0.94_0097_22_0_230.e9_6.2e9_4.47548e+25_160.dat
        98       0.864466        3.40003       -35.0822        9.53161        14.4052        12.1282       -2221.47     /gpfs/hpu/EHT2/IHARM_inc+5/MAD_a-0.94_384x192x192_IHARM/m_1_1_160/image_a-0.94_0098_22_0_230.e9_6.2e9_4.47548e+25_160.dat
        99       0.638478        3.86935       -7.02583        10.2302        14.9131        12.7122        -2092.6     /gpfs/hpu/EHT2/IHARM_inc+5/MAD_a-0.94_384x192x192_IHARM/m_1_1_160/image_a-0.94_0099_22_0_230.e9_6.2e9_4.47548e+25_160.dat
