   # Index         I (Jy)      M/D (uas)       PA (deg)  VA red. chisq  CP red. chisq     red. chisq     log-liklhd     FileName
         0       0.666557        3.90822        60.3628        30.2743        17.6916        22.8278       -2539.18     /gpfs/hpu/EHT2/IHARM_inc+5/SANE_a+0.94_288x128x128_IHARM/m_1_1_1/image_a+0.94_0600_158_0_230.e9_6.2e9_1.2021e+26_1.dat
         1       0.731704        3.75777        57.1223        26.0296         19.885        22.2184       -2554.88     /gpfs/hpu/EHT2/IHARM_inc+5/SANE_a+0.94_288x128x128_IHARM/m_1_1_1/image_a+0.94_0606_158_0_230.e9_6.2e9_1.2021e+26_1.dat
         2       0.524867        3.55301        65.9592        20.6154        20.6203        20.2977        -2280.8     /gpfs/hpu/EHT2/IHARM_inc+5/SANE_a+0.94_288x128x128_IHARM/m_1_1_1/image_a+0.94_0612_158_0_230.e9_6.2e9_1.2021e+26_1.dat
         3        0.52432        3.82729        63.8508        15.5326        21.7132        18.7177       -2146.09     /gpfs/hpu/EHT2/IHARM_inc+5/SANE_a+0.94_288x128x128_IHARM/m_1_1_1/image_a+0.94_0618_158_0_230.e9_6.2e9_1.2021e+26_1.dat
         4       0.498498        3.80673        69.3812        10.9745        22.3085        17.0875       -1953.88     /gpfs/hpu/EHT2/IHARM_inc+5/SANE_a+0.94_288x128x128_IHARM/m_1_1_1/image_a+0.94_0624_158_0_230.e9_6.2e9_1.2021e+26_1.dat
         5       0.437272        3.91762        75.6036        13.3546        25.4339        19.8438       -2222.85     /gpfs/hpu/EHT2/IHARM_inc+5/SANE_a+0.94_288x128x128_IHARM/m_1_1_1/image_a+0.94_0630_158_0_230.e9_6.2e9_1.2021e+26_1.dat
         6       0.508214        4.23236        55.7146        26.8971        25.0946        25.4797       -2768.65     /gpfs/hpu/EHT2/IHARM_inc+5/SANE_a+0.94_288x128x128_IHARM/m_1_1_1/image_a+0.94_0636_158_0_230.e9_6.2e9_1.2021e+26_1.dat
         7       0.633747        4.21536        62.0811        34.8746        25.9003        29.3571       -3157.06     /gpfs/hpu/EHT2/IHARM_inc+5/SANE_a+0.94_288x128x128_IHARM/m_1_1_1/image_a+0.94_0642_158_0_230.e9_6.2e9_1.2021e+26_1.dat
         8       0.648119        4.56877        51.4113        40.5678        35.9192          37.36       -3933.06     /gpfs/hpu/EHT2/IHARM_inc+5/SANE_a+0.94_288x128x128_IHARM/m_1_1_1/image_a+0.94_0648_158_0_230.e9_6.2e9_1.2021e+26_1.dat
         9       0.666606        4.47812          42.84         36.106        45.1009        40.5316        -4255.9     /gpfs/hpu/EHT2/IHARM_inc+5/SANE_a+0.94_288x128x128_IHARM/m_1_1_1/image_a+0.94_0654_158_0_230.e9_6.2e9_1.2021e+26_1.dat
        10       0.573414        4.31489          42.79        39.0378        36.2749        36.8992        -3889.1     /gpfs/hpu/EHT2/IHARM_inc+5/SANE_a+0.94_288x128x128_IHARM/m_1_1_1/image_a+0.94_0660_158_0_230.e9_6.2e9_1.2021e+26_1.dat
        11       0.705234        4.17145        33.5088         26.113        39.3539        33.0479       -3539.12     /gpfs/hpu/EHT2/IHARM_inc+5/SANE_a+0.94_288x128x128_IHARM/m_1_1_1/image_a+0.94_0666_158_0_230.e9_6.2e9_1.2021e+26_1.dat
        12       0.618741        4.29758         35.147        19.1538        30.0368        24.8896       -2727.57     /gpfs/hpu/EHT2/IHARM_inc+5/SANE_a+0.94_288x128x128_IHARM/m_1_1_1/image_a+0.94_0672_158_0_230.e9_6.2e9_1.2021e+26_1.dat
        13       0.778838        4.46995        172.318        29.0354         38.064        33.5896       -3609.98     /gpfs/hpu/EHT2/IHARM_inc+5/SANE_a+0.94_288x128x128_IHARM/m_1_1_1/image_a+0.94_0678_158_0_230.e9_6.2e9_1.2021e+26_1.dat
        14       0.672134        4.27908         171.27        25.1963        42.5953        34.4507        -3661.6     /gpfs/hpu/EHT2/IHARM_inc+5/SANE_a+0.94_288x128x128_IHARM/m_1_1_1/image_a+0.94_0684_158_0_230.e9_6.2e9_1.2021e+26_1.dat
        15        1.04815        4.20943        26.9665        29.4851        29.7743        29.1871        -3208.4     /gpfs/hpu/EHT2/IHARM_inc+5/SANE_a+0.94_288x128x128_IHARM/m_1_1_1/image_a+0.94_0690_158_0_230.e9_6.2e9_1.2021e+26_1.dat
        16       0.703564        4.02716        34.2518        52.1435        24.0439        35.7544       -3790.34     /gpfs/hpu/EHT2/IHARM_inc+5/SANE_a+0.94_288x128x128_IHARM/m_1_1_1/image_a+0.94_0696_158_0_230.e9_6.2e9_1.2021e+26_1.dat
        17       0.644561        3.88704        51.9533        47.2967         11.274        26.5904        -2870.3     /gpfs/hpu/EHT2/IHARM_inc+5/SANE_a+0.94_288x128x128_IHARM/m_1_1_1/image_a+0.94_0702_158_0_230.e9_6.2e9_1.2021e+26_1.dat
        18       0.647105          4.017        45.9875        36.9845        9.90022         21.394       -2376.51     /gpfs/hpu/EHT2/IHARM_inc+5/SANE_a+0.94_288x128x128_IHARM/m_1_1_1/image_a+0.94_0708_158_0_230.e9_6.2e9_1.2021e+26_1.dat
        19       0.579291        3.88347        42.6873        25.0446        22.6596        23.3331        -2560.7     /gpfs/hpu/EHT2/IHARM_inc+5/SANE_a+0.94_288x128x128_IHARM/m_1_1_1/image_a+0.94_0714_158_0_230.e9_6.2e9_1.2021e+26_1.dat
        20        0.73578         4.0232         40.144        65.2124        15.4604         36.616       -3875.52     /gpfs/hpu/EHT2/IHARM_inc+5/SANE_a+0.94_288x128x128_IHARM/m_1_1_1/image_a+0.94_0720_158_0_230.e9_6.2e9_1.2021e+26_1.dat
        21       0.539077        4.10615        45.4286        22.1362        15.6423        18.1919        -2056.9     /gpfs/hpu/EHT2/IHARM_inc+5/SANE_a+0.94_288x128x128_IHARM/m_1_1_1/image_a+0.94_0726_158_0_230.e9_6.2e9_1.2021e+26_1.dat
        22       0.595349        4.26934        48.6472        22.8918        11.1599        16.0318       -1845.52     /gpfs/hpu/EHT2/IHARM_inc+5/SANE_a+0.94_288x128x128_IHARM/m_1_1_1/image_a+0.94_0732_158_0_230.e9_6.2e9_1.2021e+26_1.dat
        23       0.577213        4.28711        33.8681        11.0068        20.2151        15.9408       -1860.27     /gpfs/hpu/EHT2/IHARM_inc+5/SANE_a+0.94_288x128x128_IHARM/m_1_1_1/image_a+0.94_0738_158_0_230.e9_6.2e9_1.2021e+26_1.dat
        24       0.760106        4.25979        171.186        12.0605        23.7458        18.3514       -2229.09     /gpfs/hpu/EHT2/IHARM_inc+5/SANE_a+0.94_288x128x128_IHARM/m_1_1_1/image_a+0.94_0744_158_0_230.e9_6.2e9_1.2021e+26_1.dat
        25       0.540627        4.24005        40.1489        9.25108        27.5432        19.2485       -2179.01     /gpfs/hpu/EHT2/IHARM_inc+5/SANE_a+0.94_288x128x128_IHARM/m_1_1_1/image_a+0.94_0750_158_0_230.e9_6.2e9_1.2021e+26_1.dat
        26       0.560859        3.71448        75.1895        30.6809        41.3015        36.0921       -3814.26     /gpfs/hpu/EHT2/IHARM_inc+5/SANE_a+0.94_288x128x128_IHARM/m_1_1_1/image_a+0.94_0756_158_0_230.e9_6.2e9_1.2021e+26_1.dat
        27       0.555081        3.75811        69.5072        28.6838        32.5395        30.3755          -3256     /gpfs/hpu/EHT2/IHARM_inc+5/SANE_a+0.94_288x128x128_IHARM/m_1_1_1/image_a+0.94_0762_158_0_230.e9_6.2e9_1.2021e+26_1.dat
        28       0.601524        3.89743         63.187        48.9409         22.576        33.5634       -3567.92     /gpfs/hpu/EHT2/IHARM_inc+5/SANE_a+0.94_288x128x128_IHARM/m_1_1_1/image_a+0.94_0768_158_0_230.e9_6.2e9_1.2021e+26_1.dat
        29       0.549756         3.9765        47.8197        13.3416        21.6409        17.7354       -2026.79     /gpfs/hpu/EHT2/IHARM_inc+5/SANE_a+0.94_288x128x128_IHARM/m_1_1_1/image_a+0.94_0774_158_0_230.e9_6.2e9_1.2021e+26_1.dat
        30       0.749656        3.99134        61.1902        36.3367        20.0809        26.7596       -2957.25     /gpfs/hpu/EHT2/IHARM_inc+5/SANE_a+0.94_288x128x128_IHARM/m_1_1_1/image_a+0.94_0780_158_0_230.e9_6.2e9_1.2021e+26_1.dat
        31       0.592703        3.94011        205.554        21.1046        33.6338        27.7228       -3047.86     /gpfs/hpu/EHT2/IHARM_inc+5/SANE_a+0.94_288x128x128_IHARM/m_1_1_1/image_a+0.94_0786_158_0_230.e9_6.2e9_1.2021e+26_1.dat
        32       0.582095         3.8979        189.555        12.7421        21.3801         17.333       -2043.11     /gpfs/hpu/EHT2/IHARM_inc+5/SANE_a+0.94_288x128x128_IHARM/m_1_1_1/image_a+0.94_0792_158_0_230.e9_6.2e9_1.2021e+26_1.dat
        33       0.614187        4.09398        41.7644         23.743        30.2782        26.9971       -2927.29     /gpfs/hpu/EHT2/IHARM_inc+5/SANE_a+0.94_288x128x128_IHARM/m_1_1_1/image_a+0.94_0798_158_0_230.e9_6.2e9_1.2021e+26_1.dat
        34       0.523966        3.79884        66.4843        33.6706        25.8131         28.791        -3120.1     /gpfs/hpu/EHT2/IHARM_inc+5/SANE_a+0.94_288x128x128_IHARM/m_1_1_1/image_a+0.94_0804_158_0_230.e9_6.2e9_1.2021e+26_1.dat
        35       0.469178        3.86539        55.5477         23.359         39.018        31.6773       -3426.48     /gpfs/hpu/EHT2/IHARM_inc+5/SANE_a+0.94_288x128x128_IHARM/m_1_1_1/image_a+0.94_0810_158_0_230.e9_6.2e9_1.2021e+26_1.dat
        36       0.604197        4.08705        56.4439        41.7999        26.1211        32.4577       -3489.28     /gpfs/hpu/EHT2/IHARM_inc+5/SANE_a+0.94_288x128x128_IHARM/m_1_1_1/image_a+0.94_0816_158_0_230.e9_6.2e9_1.2021e+26_1.dat
        37       0.616067        4.11538        49.2102        20.8256        35.9366        28.8795       -3147.27     /gpfs/hpu/EHT2/IHARM_inc+5/SANE_a+0.94_288x128x128_IHARM/m_1_1_1/image_a+0.94_0822_158_0_230.e9_6.2e9_1.2021e+26_1.dat
        38       0.639539        4.49226        48.5304        32.0703         39.955        35.9431       -3817.36     /gpfs/hpu/EHT2/IHARM_inc+5/SANE_a+0.94_288x128x128_IHARM/m_1_1_1/image_a+0.94_0828_158_0_230.e9_6.2e9_1.2021e+26_1.dat
        39       0.473338        3.97654          62.52         20.207        17.3211        18.2929       -2084.66     /gpfs/hpu/EHT2/IHARM_inc+5/SANE_a+0.94_288x128x128_IHARM/m_1_1_1/image_a+0.94_0834_158_0_230.e9_6.2e9_1.2021e+26_1.dat
        40       0.510725        4.10152         49.923         17.708        33.0204         25.922       -2824.05     /gpfs/hpu/EHT2/IHARM_inc+5/SANE_a+0.94_288x128x128_IHARM/m_1_1_1/image_a+0.94_0840_158_0_230.e9_6.2e9_1.2021e+26_1.dat
        41       0.501742        4.03584        65.2769        17.9515        25.7077        21.9726        -2452.5     /gpfs/hpu/EHT2/IHARM_inc+5/SANE_a+0.94_288x128x128_IHARM/m_1_1_1/image_a+0.94_0846_158_0_230.e9_6.2e9_1.2021e+26_1.dat
        42       0.578184        4.35972        202.072        21.6355        36.7103        29.6568       -3236.52     /gpfs/hpu/EHT2/IHARM_inc+5/SANE_a+0.94_288x128x128_IHARM/m_1_1_1/image_a+0.94_0852_158_0_230.e9_6.2e9_1.2021e+26_1.dat
        43        0.62927        4.07672        191.831        36.4481        39.2552        37.4378       -3959.86     /gpfs/hpu/EHT2/IHARM_inc+5/SANE_a+0.94_288x128x128_IHARM/m_1_1_1/image_a+0.94_0858_158_0_230.e9_6.2e9_1.2021e+26_1.dat
        44       0.450333         3.9478        64.6965        33.1984        26.4692        28.9517       -3106.07     /gpfs/hpu/EHT2/IHARM_inc+5/SANE_a+0.94_288x128x128_IHARM/m_1_1_1/image_a+0.94_0864_158_0_230.e9_6.2e9_1.2021e+26_1.dat
        45        0.71792        4.30155        46.0747        49.5982        30.8828        38.4514       -4093.88     /gpfs/hpu/EHT2/IHARM_inc+5/SANE_a+0.94_288x128x128_IHARM/m_1_1_1/image_a+0.94_0870_158_0_230.e9_6.2e9_1.2021e+26_1.dat
        46       0.570242        4.19817         50.284        40.4286        21.1995        29.1395        -3135.6     /gpfs/hpu/EHT2/IHARM_inc+5/SANE_a+0.94_288x128x128_IHARM/m_1_1_1/image_a+0.94_0876_158_0_230.e9_6.2e9_1.2021e+26_1.dat
        47       0.728123        4.29805        47.6074          36.38        33.2764        34.0939        -3712.5     /gpfs/hpu/EHT2/IHARM_inc+5/SANE_a+0.94_288x128x128_IHARM/m_1_1_1/image_a+0.94_0882_158_0_230.e9_6.2e9_1.2021e+26_1.dat
        48       0.615906        4.40853        39.0571        30.6185        30.4003        30.0216       -3271.99     /gpfs/hpu/EHT2/IHARM_inc+5/SANE_a+0.94_288x128x128_IHARM/m_1_1_1/image_a+0.94_0888_158_0_230.e9_6.2e9_1.2021e+26_1.dat
        49       0.508494        4.32009        47.7694        30.7556        33.5536        31.8287       -3400.09     /gpfs/hpu/EHT2/IHARM_inc+5/SANE_a+0.94_288x128x128_IHARM/m_1_1_1/image_a+0.94_0894_158_0_230.e9_6.2e9_1.2021e+26_1.dat
        50       0.485058        4.43508         45.167        27.8217        28.1329        27.5618        -2987.5     /gpfs/hpu/EHT2/IHARM_inc+5/SANE_a+0.94_288x128x128_IHARM/m_1_1_1/image_a+0.94_0900_158_0_230.e9_6.2e9_1.2021e+26_1.dat
        51        0.70972         4.5349        189.804        28.5979        44.0972        36.7463       -3952.92     /gpfs/hpu/EHT2/IHARM_inc+5/SANE_a+0.94_288x128x128_IHARM/m_1_1_1/image_a+0.94_0906_158_0_230.e9_6.2e9_1.2021e+26_1.dat
        52       0.937146        4.54371        40.5007        52.4148        22.6122        35.0774       -3773.16     /gpfs/hpu/EHT2/IHARM_inc+5/SANE_a+0.94_288x128x128_IHARM/m_1_1_1/image_a+0.94_0912_158_0_230.e9_6.2e9_1.2021e+26_1.dat
        53       0.648077        3.95652          43.66        33.7098        30.3344        31.3145       -3378.45     /gpfs/hpu/EHT2/IHARM_inc+5/SANE_a+0.94_288x128x128_IHARM/m_1_1_1/image_a+0.94_0918_158_0_230.e9_6.2e9_1.2021e+26_1.dat
        54       0.901913        4.38087        32.4894        24.5481        41.5661        33.6014       -3654.19     /gpfs/hpu/EHT2/IHARM_inc+5/SANE_a+0.94_288x128x128_IHARM/m_1_1_1/image_a+0.94_0924_158_0_230.e9_6.2e9_1.2021e+26_1.dat
        55       0.727652          3.982        41.4006        56.5023        35.5088        43.9851       -4630.34     /gpfs/hpu/EHT2/IHARM_inc+5/SANE_a+0.94_288x128x128_IHARM/m_1_1_1/image_a+0.94_0930_158_0_230.e9_6.2e9_1.2021e+26_1.dat
        56       0.645974        4.20934        188.679        56.2783        46.3544        49.9017       -5206.36     /gpfs/hpu/EHT2/IHARM_inc+5/SANE_a+0.94_288x128x128_IHARM/m_1_1_1/image_a+0.94_0936_158_0_230.e9_6.2e9_1.2021e+26_1.dat
        57       0.600557        4.42565         183.41        41.9614        48.7343        45.0641       -4727.15     /gpfs/hpu/EHT2/IHARM_inc+5/SANE_a+0.94_288x128x128_IHARM/m_1_1_1/image_a+0.94_0942_158_0_230.e9_6.2e9_1.2021e+26_1.dat
        58        1.15037        4.76838        75.1657         44.797        57.0517        50.8947       -5433.19     /gpfs/hpu/EHT2/IHARM_inc+5/SANE_a+0.94_288x128x128_IHARM/m_1_1_1/image_a+0.94_0948_158_0_230.e9_6.2e9_1.2021e+26_1.dat
        59       0.807016        4.50301        32.4815         42.763        28.3145         34.088       -3670.09     /gpfs/hpu/EHT2/IHARM_inc+5/SANE_a+0.94_288x128x128_IHARM/m_1_1_1/image_a+0.94_0954_158_0_230.e9_6.2e9_1.2021e+26_1.dat
        60       0.558686        4.24336        43.3922        51.3514        26.4604        36.7535       -3855.84     /gpfs/hpu/EHT2/IHARM_inc+5/SANE_a+0.94_288x128x128_IHARM/m_1_1_1/image_a+0.94_0960_158_0_230.e9_6.2e9_1.2021e+26_1.dat
        61       0.681194        4.13323         74.396        34.1828        54.3821          44.85       -4725.03     /gpfs/hpu/EHT2/IHARM_inc+5/SANE_a+0.94_288x128x128_IHARM/m_1_1_1/image_a+0.94_0966_158_0_230.e9_6.2e9_1.2021e+26_1.dat
        62       0.535577        4.32433        43.4741        21.3926        30.2432        25.9669       -2825.12     /gpfs/hpu/EHT2/IHARM_inc+5/SANE_a+0.94_288x128x128_IHARM/m_1_1_1/image_a+0.94_0972_158_0_230.e9_6.2e9_1.2021e+26_1.dat
        63       0.566627        4.38366        44.4807        23.9581        16.2874         19.333       -2164.75     /gpfs/hpu/EHT2/IHARM_inc+5/SANE_a+0.94_288x128x128_IHARM/m_1_1_1/image_a+0.94_0978_158_0_230.e9_6.2e9_1.2021e+26_1.dat
        64       0.573659        4.58414        32.1857        22.6803        22.9315         22.467        -2471.3     /gpfs/hpu/EHT2/IHARM_inc+5/SANE_a+0.94_288x128x128_IHARM/m_1_1_1/image_a+0.94_0984_158_0_230.e9_6.2e9_1.2021e+26_1.dat
        65       0.669432        4.66125        34.3393        17.5096        24.4973        21.1114       -2366.24     /gpfs/hpu/EHT2/IHARM_inc+5/SANE_a+0.94_288x128x128_IHARM/m_1_1_1/image_a+0.94_0990_158_0_230.e9_6.2e9_1.2021e+26_1.dat
        66       0.657901        4.51961        35.6975        17.4664        30.0272        24.1587       -2671.24     /gpfs/hpu/EHT2/IHARM_inc+5/SANE_a+0.94_288x128x128_IHARM/m_1_1_1/image_a+0.94_0996_158_0_230.e9_6.2e9_1.2021e+26_1.dat
        67       0.494703        3.92794        63.9006        21.7499         28.092        24.9279       -2717.38     /gpfs/hpu/EHT2/IHARM_inc+5/SANE_a+0.94_288x128x128_IHARM/m_1_1_1/image_a+0.94_1002_158_0_230.e9_6.2e9_1.2021e+26_1.dat
        68       0.520048        4.05024        40.8516         15.741        28.8319         22.754       -2508.55     /gpfs/hpu/EHT2/IHARM_inc+5/SANE_a+0.94_288x128x128_IHARM/m_1_1_1/image_a+0.94_1008_158_0_230.e9_6.2e9_1.2021e+26_1.dat
        69       0.534335        4.11506        55.6424         22.328        18.1012        19.6375       -2254.23     /gpfs/hpu/EHT2/IHARM_inc+5/SANE_a+0.94_288x128x128_IHARM/m_1_1_1/image_a+0.94_1014_158_0_230.e9_6.2e9_1.2021e+26_1.dat
        70       0.573503         4.2114        41.2426        25.4985        34.8993         30.314       -3264.63     /gpfs/hpu/EHT2/IHARM_inc+5/SANE_a+0.94_288x128x128_IHARM/m_1_1_1/image_a+0.94_1020_158_0_230.e9_6.2e9_1.2021e+26_1.dat
        71       0.460141        4.10147        44.0252        15.9892        39.7296        28.9024       -3117.04     /gpfs/hpu/EHT2/IHARM_inc+5/SANE_a+0.94_288x128x128_IHARM/m_1_1_1/image_a+0.94_1026_158_0_230.e9_6.2e9_1.2021e+26_1.dat
        72       0.369377        3.98137        55.5021        15.8129        43.5924        30.9681       -3320.21     /gpfs/hpu/EHT2/IHARM_inc+5/SANE_a+0.94_288x128x128_IHARM/m_1_1_1/image_a+0.94_1032_158_0_230.e9_6.2e9_1.2021e+26_1.dat
        73       0.615962        4.39829        54.4428         37.285        31.4376        33.4636       -3609.86     /gpfs/hpu/EHT2/IHARM_inc+5/SANE_a+0.94_288x128x128_IHARM/m_1_1_1/image_a+0.94_1038_158_0_230.e9_6.2e9_1.2021e+26_1.dat
        74       0.646361        4.35179        200.866        28.0746        40.8569        34.7248       -3759.57     /gpfs/hpu/EHT2/IHARM_inc+5/SANE_a+0.94_288x128x128_IHARM/m_1_1_1/image_a+0.94_1044_158_0_230.e9_6.2e9_1.2021e+26_1.dat
        75       0.443666        4.09851        56.5653        20.1075        45.9744        34.1357       -3641.48     /gpfs/hpu/EHT2/IHARM_inc+5/SANE_a+0.94_288x128x128_IHARM/m_1_1_1/image_a+0.94_1050_158_0_230.e9_6.2e9_1.2021e+26_1.dat
        76       0.596319         4.2982        58.6569         41.445        35.9763        37.7689       -4035.67     /gpfs/hpu/EHT2/IHARM_inc+5/SANE_a+0.94_288x128x128_IHARM/m_1_1_1/image_a+0.94_1056_158_0_230.e9_6.2e9_1.2021e+26_1.dat
        77       0.768196        4.38518        47.4374        53.3762        38.0938        44.0739       -4672.99     /gpfs/hpu/EHT2/IHARM_inc+5/SANE_a+0.94_288x128x128_IHARM/m_1_1_1/image_a+0.94_1062_158_0_230.e9_6.2e9_1.2021e+26_1.dat
        78       0.719912        4.76782        196.869        26.2799        44.2234        35.8193       -3871.03     /gpfs/hpu/EHT2/IHARM_inc+5/SANE_a+0.94_288x128x128_IHARM/m_1_1_1/image_a+0.94_1068_158_0_230.e9_6.2e9_1.2021e+26_1.dat
        79       0.606937        4.43094        203.586        37.6778        42.9389        40.0089       -4247.61     /gpfs/hpu/EHT2/IHARM_inc+5/SANE_a+0.94_288x128x128_IHARM/m_1_1_1/image_a+0.94_1074_158_0_230.e9_6.2e9_1.2021e+26_1.dat
        80       0.634984        4.82575        196.097        32.5951        46.4411        39.7647       -4231.13     /gpfs/hpu/EHT2/IHARM_inc+5/SANE_a+0.94_288x128x128_IHARM/m_1_1_1/image_a+0.94_1080_158_0_230.e9_6.2e9_1.2021e+26_1.dat
        81       0.470588        4.21193        63.5216        35.0775        34.5764        34.2544       -3644.82     /gpfs/hpu/EHT2/IHARM_inc+5/SANE_a+0.94_288x128x128_IHARM/m_1_1_1/image_a+0.94_1086_158_0_230.e9_6.2e9_1.2021e+26_1.dat
        82       0.649136        4.42135        92.5067        55.9604        87.6474         72.658       -7448.76     /gpfs/hpu/EHT2/IHARM_inc+5/SANE_a+0.94_288x128x128_IHARM/m_1_1_1/image_a+0.94_1092_158_0_230.e9_6.2e9_1.2021e+26_1.dat
        83       0.615817        4.69557         198.83        24.6527        48.9624        37.7469       -4027.75     /gpfs/hpu/EHT2/IHARM_inc+5/SANE_a+0.94_288x128x128_IHARM/m_1_1_1/image_a+0.94_1098_158_0_230.e9_6.2e9_1.2021e+26_1.dat
        84       0.642152        4.40442         45.687        37.7051        58.9515        48.8981       -5102.68     /gpfs/hpu/EHT2/IHARM_inc+5/SANE_a+0.94_288x128x128_IHARM/m_1_1_1/image_a+0.94_1104_158_0_230.e9_6.2e9_1.2021e+26_1.dat
        85        1.05689        5.27263        88.6722        41.5253        98.4455        72.4367       -8333.01     /gpfs/hpu/EHT2/IHARM_inc+5/SANE_a+0.94_288x128x128_IHARM/m_1_1_1/image_a+0.94_1110_158_0_230.e9_6.2e9_1.2021e+26_1.dat
        86       0.816906        4.37149        183.879         64.338        58.6832        60.2029       -6257.73     /gpfs/hpu/EHT2/IHARM_inc+5/SANE_a+0.94_288x128x128_IHARM/m_1_1_1/image_a+0.94_1116_158_0_230.e9_6.2e9_1.2021e+26_1.dat
        87        0.72875        4.37794        194.357        23.1814        59.8583        43.1549       -4582.05     /gpfs/hpu/EHT2/IHARM_inc+5/SANE_a+0.94_288x128x128_IHARM/m_1_1_1/image_a+0.94_1122_158_0_230.e9_6.2e9_1.2021e+26_1.dat
        88       0.775744          4.748        180.144         72.549        63.2741        66.2793       -6818.24     /gpfs/hpu/EHT2/IHARM_inc+5/SANE_a+0.94_288x128x128_IHARM/m_1_1_1/image_a+0.94_1128_158_0_230.e9_6.2e9_1.2021e+26_1.dat
        89       0.845662        4.63578        185.609         52.522        60.0263         55.866          -5831     /gpfs/hpu/EHT2/IHARM_inc+5/SANE_a+0.94_288x128x128_IHARM/m_1_1_1/image_a+0.94_1134_158_0_230.e9_6.2e9_1.2021e+26_1.dat
        90       0.835196        4.36401        180.196        79.8735        66.2524        71.0804       -7356.88     /gpfs/hpu/EHT2/IHARM_inc+5/SANE_a+0.94_288x128x128_IHARM/m_1_1_1/image_a+0.94_1140_158_0_230.e9_6.2e9_1.2021e+26_1.dat
        91        1.05738           4.71        177.253        91.2263        41.1868        62.0662       -6763.36     /gpfs/hpu/EHT2/IHARM_inc+5/SANE_a+0.94_288x128x128_IHARM/m_1_1_1/image_a+0.94_1146_158_0_230.e9_6.2e9_1.2021e+26_1.dat
        92       0.825484        4.60009        48.5505        101.106        34.3922        62.5481       -6608.62     /gpfs/hpu/EHT2/IHARM_inc+5/SANE_a+0.94_288x128x128_IHARM/m_1_1_1/image_a+0.94_1152_158_0_230.e9_6.2e9_1.2021e+26_1.dat
        93       0.882206        4.94619        39.3058        37.8409        23.6304        29.3744       -3173.56     /gpfs/hpu/EHT2/IHARM_inc+5/SANE_a+0.94_288x128x128_IHARM/m_1_1_1/image_a+0.94_1158_158_0_230.e9_6.2e9_1.2021e+26_1.dat
        94       0.962798        5.54691        35.9333        53.6113        28.9566        39.1093       -4170.64     /gpfs/hpu/EHT2/IHARM_inc+5/SANE_a+0.94_288x128x128_IHARM/m_1_1_1/image_a+0.94_1164_158_0_230.e9_6.2e9_1.2021e+26_1.dat
        95       0.945696        5.03902        32.4231        35.4965        22.2759        27.6152       -3099.81     /gpfs/hpu/EHT2/IHARM_inc+5/SANE_a+0.94_288x128x128_IHARM/m_1_1_1/image_a+0.94_1170_158_0_230.e9_6.2e9_1.2021e+26_1.dat
        96       0.728341        5.27996        37.5929        22.8327        28.4844        25.6111       -2817.59     /gpfs/hpu/EHT2/IHARM_inc+5/SANE_a+0.94_288x128x128_IHARM/m_1_1_1/image_a+0.94_1176_158_0_230.e9_6.2e9_1.2021e+26_1.dat
        97       0.834613        5.05757        44.4127        21.7636        36.8979        29.8159       -3231.15     /gpfs/hpu/EHT2/IHARM_inc+5/SANE_a+0.94_288x128x128_IHARM/m_1_1_1/image_a+0.94_1182_158_0_230.e9_6.2e9_1.2021e+26_1.dat
        98       0.604452        4.71913        51.4718        25.8674        21.3139        22.9409       -2519.26     /gpfs/hpu/EHT2/IHARM_inc+5/SANE_a+0.94_288x128x128_IHARM/m_1_1_1/image_a+0.94_1188_158_0_230.e9_6.2e9_1.2021e+26_1.dat
        99       0.789996        5.13986        23.4947        15.7733        30.2309        23.5434       -2643.68     /gpfs/hpu/EHT2/IHARM_inc+5/SANE_a+0.94_288x128x128_IHARM/m_1_1_1/image_a+0.94_1194_158_0_230.e9_6.2e9_1.2021e+26_1.dat
