   # Index         I (Jy)      M/D (uas)       PA (deg)  VA red. chisq  CP red. chisq     red. chisq     log-liklhd     FileName
         0       0.570821        2.72358        199.785        12.4189        19.9045        16.3759          -1927     /gpfs/hpu/EHT2/IHARM/SANE/SANE_a+0.5_288x128x128_IHARM/m_1_1_1/image_a+0.5_0600_163_0_230.e9_6.2e9_6.46716e+26_1.dat
         1       0.534647        2.80641        109.821         14.111        19.4505        16.8519       -1963.93     /gpfs/hpu/EHT2/IHARM/SANE/SANE_a+0.5_288x128x128_IHARM/m_1_1_1/image_a+0.5_0605_163_0_230.e9_6.2e9_6.46716e+26_1.dat
         2        0.67958        3.19684        215.171        20.9123         39.574        30.9334       -3374.78     /gpfs/hpu/EHT2/IHARM/SANE/SANE_a+0.5_288x128x128_IHARM/m_1_1_1/image_a+0.5_0610_163_0_230.e9_6.2e9_6.46716e+26_1.dat
         3       0.519016         2.9125        64.7251        27.6565        42.8219        35.6343       -3741.69     /gpfs/hpu/EHT2/IHARM/SANE/SANE_a+0.5_288x128x128_IHARM/m_1_1_1/image_a+0.5_0615_163_0_230.e9_6.2e9_6.46716e+26_1.dat
         4       0.506564        2.84421        75.7086        33.0176        23.2945        27.1138       -2927.17     /gpfs/hpu/EHT2/IHARM/SANE/SANE_a+0.5_288x128x128_IHARM/m_1_1_1/image_a+0.5_0620_163_0_230.e9_6.2e9_6.46716e+26_1.dat
         5       0.737652        2.95327        194.248        47.3838         44.414        45.0008       -4746.99     /gpfs/hpu/EHT2/IHARM/SANE/SANE_a+0.5_288x128x128_IHARM/m_1_1_1/image_a+0.5_0625_163_0_230.e9_6.2e9_6.46716e+26_1.dat
         6        0.52991        3.07313        75.7701         32.745        28.1319        29.6785       -3174.86     /gpfs/hpu/EHT2/IHARM/SANE/SANE_a+0.5_288x128x128_IHARM/m_1_1_1/image_a+0.5_0630_163_0_230.e9_6.2e9_6.46716e+26_1.dat
         7       0.639162        3.06133        54.7191        66.9786        11.9015        35.4025       -3737.48     /gpfs/hpu/EHT2/IHARM/SANE/SANE_a+0.5_288x128x128_IHARM/m_1_1_1/image_a+0.5_0635_163_0_230.e9_6.2e9_6.46716e+26_1.dat
         8       0.521716        2.79654        91.1116        16.0885         21.538        18.8596        -2161.4     /gpfs/hpu/EHT2/IHARM/SANE/SANE_a+0.5_288x128x128_IHARM/m_1_1_1/image_a+0.5_0640_163_0_230.e9_6.2e9_6.46716e+26_1.dat
         9       0.764332         3.1357        205.567        23.5576        28.5722        25.9716       -2893.46     /gpfs/hpu/EHT2/IHARM/SANE/SANE_a+0.5_288x128x128_IHARM/m_1_1_1/image_a+0.5_0645_163_0_230.e9_6.2e9_6.46716e+26_1.dat
        10       0.637041        3.17192         210.12         34.061        37.7655        35.5854       -3799.74     /gpfs/hpu/EHT2/IHARM/SANE/SANE_a+0.5_288x128x128_IHARM/m_1_1_1/image_a+0.5_0650_163_0_230.e9_6.2e9_6.46716e+26_1.dat
        11       0.728255        3.21805        42.8804        31.6443        26.7524        28.4403        -3143.9     /gpfs/hpu/EHT2/IHARM/SANE/SANE_a+0.5_288x128x128_IHARM/m_1_1_1/image_a+0.5_0655_163_0_230.e9_6.2e9_6.46716e+26_1.dat
        12       0.790628        3.25502        35.9255        68.0373        33.7548        47.9734       -5043.19     /gpfs/hpu/EHT2/IHARM/SANE/SANE_a+0.5_288x128x128_IHARM/m_1_1_1/image_a+0.5_0660_163_0_230.e9_6.2e9_6.46716e+26_1.dat
        13       0.627973        3.09095        42.0821        24.4239        29.6868         26.962       -2971.38     /gpfs/hpu/EHT2/IHARM/SANE/SANE_a+0.5_288x128x128_IHARM/m_1_1_1/image_a+0.5_0665_163_0_230.e9_6.2e9_6.46716e+26_1.dat
        14       0.644268        3.38156         86.336        34.8259        55.9889        46.0174       -4825.97     /gpfs/hpu/EHT2/IHARM/SANE/SANE_a+0.5_288x128x128_IHARM/m_1_1_1/image_a+0.5_0670_163_0_230.e9_6.2e9_6.46716e+26_1.dat
        15       0.671726        2.99232        169.274        54.5671        43.4208        47.5394       -5086.58     /gpfs/hpu/EHT2/IHARM/SANE/SANE_a+0.5_288x128x128_IHARM/m_1_1_1/image_a+0.5_0675_163_0_230.e9_6.2e9_6.46716e+26_1.dat
        16       0.635071        3.32801        48.9474         56.747        13.7553        32.0301       -3426.61     /gpfs/hpu/EHT2/IHARM/SANE/SANE_a+0.5_288x128x128_IHARM/m_1_1_1/image_a+0.5_0680_163_0_230.e9_6.2e9_6.46716e+26_1.dat
        17       0.631693        3.05474        166.135        38.1865        43.0943        40.3138       -4246.87     /gpfs/hpu/EHT2/IHARM/SANE/SANE_a+0.5_288x128x128_IHARM/m_1_1_1/image_a+0.5_0685_163_0_230.e9_6.2e9_6.46716e+26_1.dat
        18       0.774767        3.24209         177.16        63.4773        26.2918        41.8748       -4424.22     /gpfs/hpu/EHT2/IHARM/SANE/SANE_a+0.5_288x128x128_IHARM/m_1_1_1/image_a+0.5_0690_163_0_230.e9_6.2e9_6.46716e+26_1.dat
        19       0.633822        3.13687        27.4601        14.9597        51.5433        35.0093       -3718.81     /gpfs/hpu/EHT2/IHARM/SANE/SANE_a+0.5_288x128x128_IHARM/m_1_1_1/image_a+0.5_0695_163_0_230.e9_6.2e9_6.46716e+26_1.dat
        20       0.494639        2.85795        34.3513        20.2971         60.448        42.2414       -4420.19     /gpfs/hpu/EHT2/IHARM/SANE/SANE_a+0.5_288x128x128_IHARM/m_1_1_1/image_a+0.5_0700_163_0_230.e9_6.2e9_6.46716e+26_1.dat
        21       0.589794         2.9435         27.394        35.0824        33.4681        33.6421       -3578.71     /gpfs/hpu/EHT2/IHARM/SANE/SANE_a+0.5_288x128x128_IHARM/m_1_1_1/image_a+0.5_0705_163_0_230.e9_6.2e9_6.46716e+26_1.dat
        22       0.500915        2.94216        18.2598        16.7532        37.9368        28.2371       -3039.92     /gpfs/hpu/EHT2/IHARM/SANE/SANE_a+0.5_288x128x128_IHARM/m_1_1_1/image_a+0.5_0710_163_0_230.e9_6.2e9_6.46716e+26_1.dat
        23       0.585371        3.10257        80.1248        17.3233        13.3935        14.8753       -1745.11     /gpfs/hpu/EHT2/IHARM/SANE/SANE_a+0.5_288x128x128_IHARM/m_1_1_1/image_a+0.5_0715_163_0_230.e9_6.2e9_6.46716e+26_1.dat
        24       0.539227        3.00961        65.6544        23.5095        13.4686        17.5774       -1992.16     /gpfs/hpu/EHT2/IHARM/SANE/SANE_a+0.5_288x128x128_IHARM/m_1_1_1/image_a+0.5_0720_163_0_230.e9_6.2e9_6.46716e+26_1.dat
        25       0.604143        3.09732        -315.56         23.338        14.0361        17.8182       -2021.64     /gpfs/hpu/EHT2/IHARM/SANE/SANE_a+0.5_288x128x128_IHARM/m_1_1_1/image_a+0.5_0725_163_0_230.e9_6.2e9_6.46716e+26_1.dat
        26       0.642492        3.13644        -320.69        12.9115        19.1015        16.1425       -1876.21     /gpfs/hpu/EHT2/IHARM/SANE/SANE_a+0.5_288x128x128_IHARM/m_1_1_1/image_a+0.5_0730_163_0_230.e9_6.2e9_6.46716e+26_1.dat
        27       0.799391        3.41078       -325.956        47.8372        14.9015        28.8339       -3124.04     /gpfs/hpu/EHT2/IHARM/SANE/SANE_a+0.5_288x128x128_IHARM/m_1_1_1/image_a+0.5_0735_163_0_230.e9_6.2e9_6.46716e+26_1.dat
        28       0.935755        3.23557       -322.818        10.3753         12.856        11.5893       -1530.66     /gpfs/hpu/EHT2/IHARM/SANE/SANE_a+0.5_288x128x128_IHARM/m_1_1_1/image_a+0.5_0740_163_0_230.e9_6.2e9_6.46716e+26_1.dat
        29       0.763572        2.89282       -218.035        7.83757          11.96        10.0012       -1463.16     /gpfs/hpu/EHT2/IHARM/SANE/SANE_a+0.5_288x128x128_IHARM/m_1_1_1/image_a+0.5_0745_163_0_230.e9_6.2e9_6.46716e+26_1.dat
        30       0.542286        2.86974       -243.868        22.1137        25.9939        23.9211       -2624.02     /gpfs/hpu/EHT2/IHARM/SANE/SANE_a+0.5_288x128x128_IHARM/m_1_1_1/image_a+0.5_0750_163_0_230.e9_6.2e9_6.46716e+26_1.dat
        31       0.550446        3.12746       -212.552        21.6603        29.3054        25.5621       -2807.77     /gpfs/hpu/EHT2/IHARM/SANE/SANE_a+0.5_288x128x128_IHARM/m_1_1_1/image_a+0.5_0755_163_0_230.e9_6.2e9_6.46716e+26_1.dat
        32       0.843251        3.06112       -247.653        13.0138        14.4281        13.5956       -1670.67     /gpfs/hpu/EHT2/IHARM/SANE/SANE_a+0.5_288x128x128_IHARM/m_1_1_1/image_a+0.5_0760_163_0_230.e9_6.2e9_6.46716e+26_1.dat
        33       0.847432        3.34952       -187.343        6.57225        26.1792        17.3403       -2075.34     /gpfs/hpu/EHT2/IHARM/SANE/SANE_a+0.5_288x128x128_IHARM/m_1_1_1/image_a+0.5_0765_163_0_230.e9_6.2e9_6.46716e+26_1.dat
        34       0.844971        2.99135       -232.963        17.8959        13.3885        15.1188       -1871.55     /gpfs/hpu/EHT2/IHARM/SANE/SANE_a+0.5_288x128x128_IHARM/m_1_1_1/image_a+0.5_0770_163_0_230.e9_6.2e9_6.46716e+26_1.dat
        35       0.685262        3.36157       -151.774        16.8273        25.4158        21.3272       -2392.71     /gpfs/hpu/EHT2/IHARM/SANE/SANE_a+0.5_288x128x128_IHARM/m_1_1_1/image_a+0.5_0775_163_0_230.e9_6.2e9_6.46716e+26_1.dat
        36       0.638428        2.96147       -236.176        12.6219        9.70344        10.8077       -1418.25     /gpfs/hpu/EHT2/IHARM/SANE/SANE_a+0.5_288x128x128_IHARM/m_1_1_1/image_a+0.5_0780_163_0_230.e9_6.2e9_6.46716e+26_1.dat
        37       0.585772        3.39224       -150.658        5.01347        41.4662        25.1451       -2783.47     /gpfs/hpu/EHT2/IHARM/SANE/SANE_a+0.5_288x128x128_IHARM/m_1_1_1/image_a+0.5_0785_163_0_230.e9_6.2e9_6.46716e+26_1.dat
        38       0.615918        3.17655       -154.134        15.4817         37.929        27.6859       -3106.76     /gpfs/hpu/EHT2/IHARM/SANE/SANE_a+0.5_288x128x128_IHARM/m_1_1_1/image_a+0.5_0790_163_0_230.e9_6.2e9_6.46716e+26_1.dat
        39       0.498564        2.87973       -129.734        26.4207        39.5696        33.2998       -3622.21     /gpfs/hpu/EHT2/IHARM/SANE/SANE_a+0.5_288x128x128_IHARM/m_1_1_1/image_a+0.5_0795_163_0_230.e9_6.2e9_6.46716e+26_1.dat
        40       0.604438        2.96526        -142.07        19.8257        45.6546        33.8371       -3675.92     /gpfs/hpu/EHT2/IHARM/SANE/SANE_a+0.5_288x128x128_IHARM/m_1_1_1/image_a+0.5_0800_163_0_230.e9_6.2e9_6.46716e+26_1.dat
        41        0.59498        2.92569       -137.034        10.7235         24.943        18.4402       -2154.46     /gpfs/hpu/EHT2/IHARM/SANE/SANE_a+0.5_288x128x128_IHARM/m_1_1_1/image_a+0.5_0805_163_0_230.e9_6.2e9_6.46716e+26_1.dat
        42        0.62328        3.09201       -153.914         37.941        56.8871         47.855       -5019.67     /gpfs/hpu/EHT2/IHARM/SANE/SANE_a+0.5_288x128x128_IHARM/m_1_1_1/image_a+0.5_0810_163_0_230.e9_6.2e9_6.46716e+26_1.dat
        43        1.08271        2.99838       -253.994        27.4756         77.751        54.9214       -5808.21     /gpfs/hpu/EHT2/IHARM/SANE/SANE_a+0.5_288x128x128_IHARM/m_1_1_1/image_a+0.5_0815_163_0_230.e9_6.2e9_6.46716e+26_1.dat
        44       0.650114        3.17684       -298.404         47.455        54.3743        50.5534       -5409.23     /gpfs/hpu/EHT2/IHARM/SANE/SANE_a+0.5_288x128x128_IHARM/m_1_1_1/image_a+0.5_0820_163_0_230.e9_6.2e9_6.46716e+26_1.dat
        45       0.823956        3.56554       -313.657        27.4875        28.3831        27.5568       -3098.19     /gpfs/hpu/EHT2/IHARM/SANE/SANE_a+0.5_288x128x128_IHARM/m_1_1_1/image_a+0.5_0825_163_0_230.e9_6.2e9_6.46716e+26_1.dat
        46       0.445013        2.92808       -310.158        10.3654        46.7223        30.3607       -3273.13     /gpfs/hpu/EHT2/IHARM/SANE/SANE_a+0.5_288x128x128_IHARM/m_1_1_1/image_a+0.5_0830_163_0_230.e9_6.2e9_6.46716e+26_1.dat
        47       0.585702        3.25878       -308.124        39.7241        20.8345        28.6342       -3075.91     /gpfs/hpu/EHT2/IHARM/SANE/SANE_a+0.5_288x128x128_IHARM/m_1_1_1/image_a+0.5_0835_163_0_230.e9_6.2e9_6.46716e+26_1.dat
        48        1.11896        3.29716       -318.063        16.3992        36.0084        27.0157        -3149.3     /gpfs/hpu/EHT2/IHARM/SANE/SANE_a+0.5_288x128x128_IHARM/m_1_1_1/image_a+0.5_0840_163_0_230.e9_6.2e9_6.46716e+26_1.dat
        49        0.69811        3.17406        -177.26        40.0322        43.1831        41.1568       -4324.12     /gpfs/hpu/EHT2/IHARM/SANE/SANE_a+0.5_288x128x128_IHARM/m_1_1_1/image_a+0.5_0845_163_0_230.e9_6.2e9_6.46716e+26_1.dat
        50       0.522317        2.93191       -142.793        28.0434         44.429        36.6917       -4100.38     /gpfs/hpu/EHT2/IHARM/SANE/SANE_a+0.5_288x128x128_IHARM/m_1_1_1/image_a+0.5_0850_163_0_230.e9_6.2e9_6.46716e+26_1.dat
        51       0.551325        2.92409       -285.595        29.2856        38.1167        33.7264       -3625.75     /gpfs/hpu/EHT2/IHARM/SANE/SANE_a+0.5_288x128x128_IHARM/m_1_1_1/image_a+0.5_0855_163_0_230.e9_6.2e9_6.46716e+26_1.dat
        52       0.806526        2.91426       -314.809        39.3792        19.8972        27.9662       -3322.28     /gpfs/hpu/EHT2/IHARM/SANE/SANE_a+0.5_288x128x128_IHARM/m_1_1_1/image_a+0.5_0860_163_0_230.e9_6.2e9_6.46716e+26_1.dat
        53       0.703956        3.44981       -157.531        34.7656        44.7039        39.7351       -4564.77     /gpfs/hpu/EHT2/IHARM/SANE/SANE_a+0.5_288x128x128_IHARM/m_1_1_1/image_a+0.5_0865_163_0_230.e9_6.2e9_6.46716e+26_1.dat
        54       0.656012        3.54749       -179.242        18.5726        43.2494        31.9648       -3547.39     /gpfs/hpu/EHT2/IHARM/SANE/SANE_a+0.5_288x128x128_IHARM/m_1_1_1/image_a+0.5_0870_163_0_230.e9_6.2e9_6.46716e+26_1.dat
        55         0.5835        3.30692       -309.183        51.1232        19.2843        32.6769       -3489.28     /gpfs/hpu/EHT2/IHARM/SANE/SANE_a+0.5_288x128x128_IHARM/m_1_1_1/image_a+0.5_0875_163_0_230.e9_6.2e9_6.46716e+26_1.dat
        56        0.56914        3.51443       -334.544        14.5756        54.6225        36.5512       -3877.34     /gpfs/hpu/EHT2/IHARM/SANE/SANE_a+0.5_288x128x128_IHARM/m_1_1_1/image_a+0.5_0880_163_0_230.e9_6.2e9_6.46716e+26_1.dat
        57       0.907697         3.0587       -335.379        20.8706         33.349        27.4643       -3062.01     /gpfs/hpu/EHT2/IHARM/SANE/SANE_a+0.5_288x128x128_IHARM/m_1_1_1/image_a+0.5_0885_163_0_230.e9_6.2e9_6.46716e+26_1.dat
        58        1.02304        2.91722       -170.592        24.7274         40.602         33.144       -3714.51     /gpfs/hpu/EHT2/IHARM/SANE/SANE_a+0.5_288x128x128_IHARM/m_1_1_1/image_a+0.5_0890_163_0_230.e9_6.2e9_6.46716e+26_1.dat
        59       0.884373        3.31152       -176.322        37.3398        25.3502        30.1123       -3380.33     /gpfs/hpu/EHT2/IHARM/SANE/SANE_a+0.5_288x128x128_IHARM/m_1_1_1/image_a+0.5_0895_163_0_230.e9_6.2e9_6.46716e+26_1.dat
        60       0.765909        3.22777        -194.69        42.1902        38.2575        39.3541       -4145.86     /gpfs/hpu/EHT2/IHARM/SANE/SANE_a+0.5_288x128x128_IHARM/m_1_1_1/image_a+0.5_0900_163_0_230.e9_6.2e9_6.46716e+26_1.dat
        61       0.721931        2.98756       -201.094         21.186        22.1375        21.3842       -2402.26     /gpfs/hpu/EHT2/IHARM/SANE/SANE_a+0.5_288x128x128_IHARM/m_1_1_1/image_a+0.5_0905_163_0_230.e9_6.2e9_6.46716e+26_1.dat
        62       0.875275        2.76062       -164.457        14.9469        29.5916        22.8336       -2617.08     /gpfs/hpu/EHT2/IHARM/SANE/SANE_a+0.5_288x128x128_IHARM/m_1_1_1/image_a+0.5_0910_163_0_230.e9_6.2e9_6.46716e+26_1.dat
        63       0.624789        3.03705        46.0285        14.4445        31.8458        23.8673       -2641.34     /gpfs/hpu/EHT2/IHARM/SANE/SANE_a+0.5_288x128x128_IHARM/m_1_1_1/image_a+0.5_0915_163_0_230.e9_6.2e9_6.46716e+26_1.dat
        64       0.725842         2.8774        37.5428        50.8871        30.0818        38.5616        -4118.5     /gpfs/hpu/EHT2/IHARM/SANE/SANE_a+0.5_288x128x128_IHARM/m_1_1_1/image_a+0.5_0920_163_0_230.e9_6.2e9_6.46716e+26_1.dat
        65       0.651796        2.79616        48.4115        11.4525        9.91213        10.4205        -1366.5     /gpfs/hpu/EHT2/IHARM/SANE/SANE_a+0.5_288x128x128_IHARM/m_1_1_1/image_a+0.5_0925_163_0_230.e9_6.2e9_6.46716e+26_1.dat
        66       0.886377        2.93422        79.1108        21.9823        22.8438        22.1182       -2532.63     /gpfs/hpu/EHT2/IHARM/SANE/SANE_a+0.5_288x128x128_IHARM/m_1_1_1/image_a+0.5_0930_163_0_230.e9_6.2e9_6.46716e+26_1.dat
        67        1.40186        3.08957        40.6229        13.0764        10.5026        11.4462        -1585.1     /gpfs/hpu/EHT2/IHARM/SANE/SANE_a+0.5_288x128x128_IHARM/m_1_1_1/image_a+0.5_0935_163_0_230.e9_6.2e9_6.46716e+26_1.dat
        68       0.525334        2.70463        131.578        7.89024        16.0312         12.281       -1543.19     /gpfs/hpu/EHT2/IHARM/SANE/SANE_a+0.5_288x128x128_IHARM/m_1_1_1/image_a+0.5_0940_163_0_230.e9_6.2e9_6.46716e+26_1.dat
        69       0.722496        2.76917        175.504        22.5061        30.3612        26.5112        -2928.1     /gpfs/hpu/EHT2/IHARM/SANE/SANE_a+0.5_288x128x128_IHARM/m_1_1_1/image_a+0.5_0945_163_0_230.e9_6.2e9_6.46716e+26_1.dat
        70       0.506931        2.81026        193.811        28.1075        26.8226        26.9583       -2924.12     /gpfs/hpu/EHT2/IHARM/SANE/SANE_a+0.5_288x128x128_IHARM/m_1_1_1/image_a+0.5_0950_163_0_230.e9_6.2e9_6.46716e+26_1.dat
        71       0.982841        3.08345        197.126        51.7653        39.7714        44.3112       -4749.92     /gpfs/hpu/EHT2/IHARM/SANE/SANE_a+0.5_288x128x128_IHARM/m_1_1_1/image_a+0.5_0955_163_0_230.e9_6.2e9_6.46716e+26_1.dat
        72       0.616828        2.90968        170.155        32.9508        33.3056        32.6353       -3495.27     /gpfs/hpu/EHT2/IHARM/SANE/SANE_a+0.5_288x128x128_IHARM/m_1_1_1/image_a+0.5_0960_163_0_230.e9_6.2e9_6.46716e+26_1.dat
        73       0.547204        2.67463        63.6486        14.4252        15.5083        14.8014       -1768.12     /gpfs/hpu/EHT2/IHARM/SANE/SANE_a+0.5_288x128x128_IHARM/m_1_1_1/image_a+0.5_0965_163_0_230.e9_6.2e9_6.46716e+26_1.dat
        74       0.625688        2.81732        199.531        22.8514        35.3259        29.4121       -3239.25     /gpfs/hpu/EHT2/IHARM/SANE/SANE_a+0.5_288x128x128_IHARM/m_1_1_1/image_a+0.5_0970_163_0_230.e9_6.2e9_6.46716e+26_1.dat
        75        1.01833        2.76072        101.296        19.1395        24.3236        21.7161       -2645.09     /gpfs/hpu/EHT2/IHARM/SANE/SANE_a+0.5_288x128x128_IHARM/m_1_1_1/image_a+0.5_0975_163_0_230.e9_6.2e9_6.46716e+26_1.dat
        76       0.452765        2.84991        74.5296        10.4937        30.9043        21.6463       -2413.59     /gpfs/hpu/EHT2/IHARM/SANE/SANE_a+0.5_288x128x128_IHARM/m_1_1_1/image_a+0.5_0980_163_0_230.e9_6.2e9_6.46716e+26_1.dat
        77       0.606578         2.8793        188.758        18.5708        23.0972        20.7916       -2371.85     /gpfs/hpu/EHT2/IHARM/SANE/SANE_a+0.5_288x128x128_IHARM/m_1_1_1/image_a+0.5_0985_163_0_230.e9_6.2e9_6.46716e+26_1.dat
        78       0.557534         2.8079        203.476        21.5744        24.8035        23.0293       -2574.97     /gpfs/hpu/EHT2/IHARM/SANE/SANE_a+0.5_288x128x128_IHARM/m_1_1_1/image_a+0.5_0990_163_0_230.e9_6.2e9_6.46716e+26_1.dat
        79       0.583004        3.04031         71.555        10.7889        35.0533        24.0735       -2668.95     /gpfs/hpu/EHT2/IHARM/SANE/SANE_a+0.5_288x128x128_IHARM/m_1_1_1/image_a+0.5_0995_163_0_230.e9_6.2e9_6.46716e+26_1.dat
        80       0.539168         2.9425        59.0051        14.5345        44.8789        31.1317       -3347.49     /gpfs/hpu/EHT2/IHARM/SANE/SANE_a+0.5_288x128x128_IHARM/m_1_1_1/image_a+0.5_1000_163_0_230.e9_6.2e9_6.46716e+26_1.dat
        81       0.513326        2.87381        49.4838        15.7601         47.823        33.2909       -3549.56     /gpfs/hpu/EHT2/IHARM/SANE/SANE_a+0.5_288x128x128_IHARM/m_1_1_1/image_a+0.5_1005_163_0_230.e9_6.2e9_6.46716e+26_1.dat
        82       0.626169        3.12161        186.262        39.4965        31.7713        34.5997        -3697.9     /gpfs/hpu/EHT2/IHARM/SANE/SANE_a+0.5_288x128x128_IHARM/m_1_1_1/image_a+0.5_1010_163_0_230.e9_6.2e9_6.46716e+26_1.dat
        83       0.605473        3.02749        30.9932        30.6157        40.1703        35.4369        -3736.1     /gpfs/hpu/EHT2/IHARM/SANE/SANE_a+0.5_288x128x128_IHARM/m_1_1_1/image_a+0.5_1015_163_0_230.e9_6.2e9_6.46716e+26_1.dat
        84       0.675441        2.62716        79.3148        24.7902        43.0856        34.5479       -3682.69     /gpfs/hpu/EHT2/IHARM/SANE/SANE_a+0.5_288x128x128_IHARM/m_1_1_1/image_a+0.5_1020_163_0_230.e9_6.2e9_6.46716e+26_1.dat
        85       0.548078        3.11168        206.219        14.0694        31.3191         23.414       -2626.87     /gpfs/hpu/EHT2/IHARM/SANE/SANE_a+0.5_288x128x128_IHARM/m_1_1_1/image_a+0.5_1025_163_0_230.e9_6.2e9_6.46716e+26_1.dat
        86       0.606274        3.02773        189.918        39.4265        43.9584        41.3262       -4344.31     /gpfs/hpu/EHT2/IHARM/SANE/SANE_a+0.5_288x128x128_IHARM/m_1_1_1/image_a+0.5_1030_163_0_230.e9_6.2e9_6.46716e+26_1.dat
        87       0.612534        2.84704         167.35        43.4877        47.9785        45.3015       -4737.66     /gpfs/hpu/EHT2/IHARM/SANE/SANE_a+0.5_288x128x128_IHARM/m_1_1_1/image_a+0.5_1035_163_0_230.e9_6.2e9_6.46716e+26_1.dat
        88       0.492629        2.84035        84.5951        23.5602        21.5084        22.0565       -2479.54     /gpfs/hpu/EHT2/IHARM/SANE/SANE_a+0.5_288x128x128_IHARM/m_1_1_1/image_a+0.5_1040_163_0_230.e9_6.2e9_6.46716e+26_1.dat
        89       0.597674         3.3192        66.9035        39.0768        30.6385        33.7912       -3746.67     /gpfs/hpu/EHT2/IHARM/SANE/SANE_a+0.5_288x128x128_IHARM/m_1_1_1/image_a+0.5_1045_163_0_230.e9_6.2e9_6.46716e+26_1.dat
        90       0.567987        3.18846        42.6938        11.4309        28.0881         20.488       -2311.24     /gpfs/hpu/EHT2/IHARM/SANE/SANE_a+0.5_288x128x128_IHARM/m_1_1_1/image_a+0.5_1050_163_0_230.e9_6.2e9_6.46716e+26_1.dat
        91       0.487536        2.82904         54.865        16.1402        24.7914        20.6856       -2325.97     /gpfs/hpu/EHT2/IHARM/SANE/SANE_a+0.5_288x128x128_IHARM/m_1_1_1/image_a+0.5_1055_163_0_230.e9_6.2e9_6.46716e+26_1.dat
        92       0.580984         2.9214        193.646        10.5149        26.3003         19.103       -2206.75     /gpfs/hpu/EHT2/IHARM/SANE/SANE_a+0.5_288x128x128_IHARM/m_1_1_1/image_a+0.5_1060_163_0_230.e9_6.2e9_6.46716e+26_1.dat
        93       0.511643        2.94381        66.7873        20.2741         24.975        22.5651       -2497.09     /gpfs/hpu/EHT2/IHARM/SANE/SANE_a+0.5_288x128x128_IHARM/m_1_1_1/image_a+0.5_1065_163_0_230.e9_6.2e9_6.46716e+26_1.dat
        94       0.662204        2.98622        76.3566        8.66787        20.8811        15.3042        -1821.5     /gpfs/hpu/EHT2/IHARM/SANE/SANE_a+0.5_288x128x128_IHARM/m_1_1_1/image_a+0.5_1070_163_0_230.e9_6.2e9_6.46716e+26_1.dat
        95       0.641723        3.14193        65.6937        11.5258        30.8782        22.0757       -2525.06     /gpfs/hpu/EHT2/IHARM/SANE/SANE_a+0.5_288x128x128_IHARM/m_1_1_1/image_a+0.5_1075_163_0_230.e9_6.2e9_6.46716e+26_1.dat
        96       0.639544        3.12351        -150.89        26.8821        37.9446        32.5973       -3572.41     /gpfs/hpu/EHT2/IHARM/SANE/SANE_a+0.5_288x128x128_IHARM/m_1_1_1/image_a+0.5_1080_163_0_230.e9_6.2e9_6.46716e+26_1.dat
        97       0.584065        3.27172        53.2623        64.1871        30.8795        44.7235       -4675.09     /gpfs/hpu/EHT2/IHARM/SANE/SANE_a+0.5_288x128x128_IHARM/m_1_1_1/image_a+0.5_1085_163_0_230.e9_6.2e9_6.46716e+26_1.dat
        98       0.675125        3.18281        191.784        62.9719        51.9985        55.9093        -5838.1     /gpfs/hpu/EHT2/IHARM/SANE/SANE_a+0.5_288x128x128_IHARM/m_1_1_1/image_a+0.5_1090_163_0_230.e9_6.2e9_6.46716e+26_1.dat
        99       0.545584        3.10955         33.365        26.7125        51.0082        39.7669       -4193.44     /gpfs/hpu/EHT2/IHARM/SANE/SANE_a+0.5_288x128x128_IHARM/m_1_1_1/image_a+0.5_1095_163_0_230.e9_6.2e9_6.46716e+26_1.dat
