   # Index         I (Jy)      M/D (uas)       PA (deg)  VA red. chisq  CP red. chisq     red. chisq     log-liklhd     FileName
         0       0.515066        3.05957       -283.909         11.547        16.2789        14.0062       -1277.21     /gpfs/hpu/EHT2/IHARM_inc+5/SANE_a-0.5_288x128x128_IHARM/m_1_1_20/image_a-0.5_1000_22_0_230.e9_6.2e9_1.02668e+29_20.dat
         1       0.522206        3.06442       -282.064        4.96801        25.5507        16.6632       -1470.21     /gpfs/hpu/EHT2/IHARM_inc+5/SANE_a-0.5_288x128x128_IHARM/m_1_1_20/image_a-0.5_1006_22_0_230.e9_6.2e9_1.02668e+29_20.dat
         2       0.788045        3.01193       -333.085         12.933        74.3675        47.8822       -3698.85     /gpfs/hpu/EHT2/IHARM_inc+5/SANE_a-0.5_288x128x128_IHARM/m_1_1_20/image_a-0.5_1012_22_0_230.e9_6.2e9_1.02668e+29_20.dat
         3       0.532923        3.08138       -322.526        10.1038         21.808        16.5936       -1427.66     /gpfs/hpu/EHT2/IHARM_inc+5/SANE_a-0.5_288x128x128_IHARM/m_1_1_20/image_a-0.5_1018_22_0_230.e9_6.2e9_1.02668e+29_20.dat
         4       0.492308        3.06854       -326.772        16.8172        21.4846        19.1231       -1594.06     /gpfs/hpu/EHT2/IHARM_inc+5/SANE_a-0.5_288x128x128_IHARM/m_1_1_20/image_a-0.5_1024_22_0_230.e9_6.2e9_1.02668e+29_20.dat
         5       0.851765        3.15768       -311.598        33.3388        36.7357        34.5516       -2711.45     /gpfs/hpu/EHT2/IHARM_inc+5/SANE_a-0.5_288x128x128_IHARM/m_1_1_20/image_a-0.5_1030_22_0_230.e9_6.2e9_1.02668e+29_20.dat
         6        2.02082        5.20232       -322.077        128.016        65.3945        89.2767       -6474.42     /gpfs/hpu/EHT2/IHARM_inc+5/SANE_a-0.5_288x128x128_IHARM/m_1_1_20/image_a-0.5_1036_22_0_230.e9_6.2e9_1.02668e+29_20.dat
         7        0.66465        3.13695       -298.001        12.7549        54.7708        36.5709       -2853.97     /gpfs/hpu/EHT2/IHARM_inc+5/SANE_a-0.5_288x128x128_IHARM/m_1_1_20/image_a-0.5_1042_22_0_230.e9_6.2e9_1.02668e+29_20.dat
         8       0.407689         3.0673       -281.281        16.8591        20.9482        18.8324       -1588.93     /gpfs/hpu/EHT2/IHARM_inc+5/SANE_a-0.5_288x128x128_IHARM/m_1_1_20/image_a-0.5_1048_22_0_230.e9_6.2e9_1.02668e+29_20.dat
         9       0.404642        3.03429       -254.951        21.5168        33.6136        27.9801       -2208.13     /gpfs/hpu/EHT2/IHARM_inc+5/SANE_a-0.5_288x128x128_IHARM/m_1_1_20/image_a-0.5_1054_22_0_230.e9_6.2e9_1.02668e+29_20.dat
        10       0.423752        2.80365       -232.139         18.067        32.8152         26.127        -2106.2     /gpfs/hpu/EHT2/IHARM_inc+5/SANE_a-0.5_288x128x128_IHARM/m_1_1_20/image_a-0.5_1060_22_0_230.e9_6.2e9_1.02668e+29_20.dat
        11       0.497285         2.8458       -247.801        16.5214        85.4662        55.6988       -4127.62     /gpfs/hpu/EHT2/IHARM_inc+5/SANE_a-0.5_288x128x128_IHARM/m_1_1_20/image_a-0.5_1066_22_0_230.e9_6.2e9_1.02668e+29_20.dat
        12       0.880727        3.20358       -334.929        9.59875        61.5276        39.1697       -3073.32     /gpfs/hpu/EHT2/IHARM_inc+5/SANE_a-0.5_288x128x128_IHARM/m_1_1_20/image_a-0.5_1072_22_0_230.e9_6.2e9_1.02668e+29_20.dat
        13       0.730614        3.25358       -319.574        9.27279        58.1658        37.1098       -2918.75     /gpfs/hpu/EHT2/IHARM_inc+5/SANE_a-0.5_288x128x128_IHARM/m_1_1_20/image_a-0.5_1078_22_0_230.e9_6.2e9_1.02668e+29_20.dat
        14       0.568578        2.93444       -342.492        10.7271        60.7911        39.2037       -3033.43     /gpfs/hpu/EHT2/IHARM_inc+5/SANE_a-0.5_288x128x128_IHARM/m_1_1_20/image_a-0.5_1084_22_0_230.e9_6.2e9_1.02668e+29_20.dat
        15        1.11027        3.48474       -341.681        23.7611        97.6437        65.6108        -6235.9     /gpfs/hpu/EHT2/IHARM_inc+5/SANE_a-0.5_288x128x128_IHARM/m_1_1_20/image_a-0.5_1090_22_0_230.e9_6.2e9_1.02668e+29_20.dat
        16       0.756397        3.18365       -349.476        17.4202        50.4598        35.9851       -2829.69     /gpfs/hpu/EHT2/IHARM_inc+5/SANE_a-0.5_288x128x128_IHARM/m_1_1_20/image_a-0.5_1096_22_0_230.e9_6.2e9_1.02668e+29_20.dat
        17       0.896707        3.32313       -304.263        17.8338        69.3042        46.9602       -3623.37     /gpfs/hpu/EHT2/IHARM_inc+5/SANE_a-0.5_288x128x128_IHARM/m_1_1_20/image_a-0.5_1102_22_0_230.e9_6.2e9_1.02668e+29_20.dat
        18       0.801219        3.20612        -285.78        12.6027        73.1387        47.0439       -3603.14     /gpfs/hpu/EHT2/IHARM_inc+5/SANE_a-0.5_288x128x128_IHARM/m_1_1_20/image_a-0.5_1108_22_0_230.e9_6.2e9_1.02668e+29_20.dat
        19       0.447244        3.11188       -283.357        12.6176        46.4929        31.7678       -2480.75     /gpfs/hpu/EHT2/IHARM_inc+5/SANE_a-0.5_288x128x128_IHARM/m_1_1_20/image_a-0.5_1114_22_0_230.e9_6.2e9_1.02668e+29_20.dat
        20        0.66691        3.07991       -261.792        18.0945        120.217        76.2659       -5804.06     /gpfs/hpu/EHT2/IHARM_inc+5/SANE_a-0.5_288x128x128_IHARM/m_1_1_20/image_a-0.5_1120_22_0_230.e9_6.2e9_1.02668e+29_20.dat
        21       0.504567        3.21667       -297.268        6.25126        16.0703        11.7448       -1106.89     /gpfs/hpu/EHT2/IHARM_inc+5/SANE_a-0.5_288x128x128_IHARM/m_1_1_20/image_a-0.5_1126_22_0_230.e9_6.2e9_1.02668e+29_20.dat
        22       0.408771        3.16247       -330.753        24.2439         22.163        22.5157       -1813.69     /gpfs/hpu/EHT2/IHARM_inc+5/SANE_a-0.5_288x128x128_IHARM/m_1_1_20/image_a-0.5_1132_22_0_230.e9_6.2e9_1.02668e+29_20.dat
        23       0.495038        3.15458       -285.297        25.5688          15.53        19.2473       -1597.32     /gpfs/hpu/EHT2/IHARM_inc+5/SANE_a-0.5_288x128x128_IHARM/m_1_1_20/image_a-0.5_1138_22_0_230.e9_6.2e9_1.02668e+29_20.dat
        24       0.445147        3.02581       -254.522        28.2686        67.1036        49.9181       -3701.74     /gpfs/hpu/EHT2/IHARM_inc+5/SANE_a-0.5_288x128x128_IHARM/m_1_1_20/image_a-0.5_1144_22_0_230.e9_6.2e9_1.02668e+29_20.dat
        25       0.629106        2.94273       -248.118        33.9168        39.4339        36.3328       -2818.39     /gpfs/hpu/EHT2/IHARM_inc+5/SANE_a-0.5_288x128x128_IHARM/m_1_1_20/image_a-0.5_1150_22_0_230.e9_6.2e9_1.02668e+29_20.dat
        26       0.517651        2.86971       -220.457        18.2664        25.5993        22.0691       -1816.21     /gpfs/hpu/EHT2/IHARM_inc+5/SANE_a-0.5_288x128x128_IHARM/m_1_1_20/image_a-0.5_1156_22_0_230.e9_6.2e9_1.02668e+29_20.dat
        27       0.580977        3.25953       -234.498        11.8001        33.3467        23.8974       -1972.83     /gpfs/hpu/EHT2/IHARM_inc+5/SANE_a-0.5_288x128x128_IHARM/m_1_1_20/image_a-0.5_1162_22_0_230.e9_6.2e9_1.02668e+29_20.dat
        28       0.807773        3.09436       -214.194        14.7484        44.0417        31.2236       -2570.22     /gpfs/hpu/EHT2/IHARM_inc+5/SANE_a-0.5_288x128x128_IHARM/m_1_1_20/image_a-0.5_1168_22_0_230.e9_6.2e9_1.02668e+29_20.dat
        29        1.05087         3.0639       -206.122        21.2216        49.4133        36.9223       -3028.14     /gpfs/hpu/EHT2/IHARM_inc+5/SANE_a-0.5_288x128x128_IHARM/m_1_1_20/image_a-0.5_1174_22_0_230.e9_6.2e9_1.02668e+29_20.dat
        30        1.11706         3.1622       -308.892        22.0147         121.22        78.4264       -5929.59     /gpfs/hpu/EHT2/IHARM_inc+5/SANE_a-0.5_288x128x128_IHARM/m_1_1_20/image_a-0.5_1180_22_0_230.e9_6.2e9_1.02668e+29_20.dat
        31        1.14608        3.41811       -310.505        10.5997        72.5607        45.9023       -4147.28     /gpfs/hpu/EHT2/IHARM_inc+5/SANE_a-0.5_288x128x128_IHARM/m_1_1_20/image_a-0.5_1186_22_0_230.e9_6.2e9_1.02668e+29_20.dat
        32        1.00829        3.41494        -359.99        12.4942        73.1264         46.993       -3899.78     /gpfs/hpu/EHT2/IHARM_inc+5/SANE_a-0.5_288x128x128_IHARM/m_1_1_20/image_a-0.5_1192_22_0_230.e9_6.2e9_1.02668e+29_20.dat
        33       0.893649        3.29346       -359.971        16.3255         78.476        51.6105       -4063.02     /gpfs/hpu/EHT2/IHARM_inc+5/SANE_a-0.5_288x128x128_IHARM/m_1_1_20/image_a-0.5_1198_22_0_230.e9_6.2e9_1.02668e+29_20.dat
        34       0.505374        3.20694       -277.462        20.9529        31.4853        26.5313       -2157.65     /gpfs/hpu/EHT2/IHARM_inc+5/SANE_a-0.5_288x128x128_IHARM/m_1_1_20/image_a-0.5_1204_22_0_230.e9_6.2e9_1.02668e+29_20.dat
        35       0.643603        2.84595       -359.987        39.7783        101.871        74.5126       -5890.95     /gpfs/hpu/EHT2/IHARM_inc+5/SANE_a-0.5_288x128x128_IHARM/m_1_1_20/image_a-0.5_1210_22_0_230.e9_6.2e9_1.02668e+29_20.dat
        36       0.777242        2.93531       -328.724        57.0498        49.9432        51.7155       -3870.92     /gpfs/hpu/EHT2/IHARM_inc+5/SANE_a-0.5_288x128x128_IHARM/m_1_1_20/image_a-0.5_1216_22_0_230.e9_6.2e9_1.02668e+29_20.dat
        37       0.798526        3.32986       -323.317        13.8808        33.1105        24.6034       -2030.78     /gpfs/hpu/EHT2/IHARM_inc+5/SANE_a-0.5_288x128x128_IHARM/m_1_1_20/image_a-0.5_1222_22_0_230.e9_6.2e9_1.02668e+29_20.dat
        38        1.11359        3.50045       -342.463        4.80573        29.7839        19.0254       -1740.19     /gpfs/hpu/EHT2/IHARM_inc+5/SANE_a-0.5_288x128x128_IHARM/m_1_1_20/image_a-0.5_1228_22_0_230.e9_6.2e9_1.02668e+29_20.dat
        39       0.881442        3.56521       -326.671        11.3135        21.1583        16.7102       -1614.48     /gpfs/hpu/EHT2/IHARM_inc+5/SANE_a-0.5_288x128x128_IHARM/m_1_1_20/image_a-0.5_1234_22_0_230.e9_6.2e9_1.02668e+29_20.dat
        40       0.754852        2.97096       -268.219        43.3555        51.7635        47.2214       -3578.84     /gpfs/hpu/EHT2/IHARM_inc+5/SANE_a-0.5_288x128x128_IHARM/m_1_1_20/image_a-0.5_1240_22_0_230.e9_6.2e9_1.02668e+29_20.dat
        41       0.470399        2.94145       -359.888        13.4864        54.6571        36.8015        -2862.2     /gpfs/hpu/EHT2/IHARM_inc+5/SANE_a-0.5_288x128x128_IHARM/m_1_1_20/image_a-0.5_1246_22_0_230.e9_6.2e9_1.02668e+29_20.dat
        42       0.573182        3.22581       -308.424        8.50545         43.434        28.3504       -2267.48     /gpfs/hpu/EHT2/IHARM_inc+5/SANE_a-0.5_288x128x128_IHARM/m_1_1_20/image_a-0.5_1252_22_0_230.e9_6.2e9_1.02668e+29_20.dat
        43       0.728279        3.16566       -306.383        16.5314        63.7379        43.2411       -3347.14     /gpfs/hpu/EHT2/IHARM_inc+5/SANE_a-0.5_288x128x128_IHARM/m_1_1_20/image_a-0.5_1258_22_0_230.e9_6.2e9_1.02668e+29_20.dat
        44       0.762783        3.11931       -276.013        12.7586        169.084        102.134       -8176.52     /gpfs/hpu/EHT2/IHARM_inc+5/SANE_a-0.5_288x128x128_IHARM/m_1_1_20/image_a-0.5_1264_22_0_230.e9_6.2e9_1.02668e+29_20.dat
        45       0.533241        3.10844       -359.856        11.7713        34.2942        24.4292       -1991.93     /gpfs/hpu/EHT2/IHARM_inc+5/SANE_a-0.5_288x128x128_IHARM/m_1_1_20/image_a-0.5_1270_22_0_230.e9_6.2e9_1.02668e+29_20.dat
        46       0.703609        3.34164       -347.369         7.3656        43.4047        27.8726       -2276.31     /gpfs/hpu/EHT2/IHARM_inc+5/SANE_a-0.5_288x128x128_IHARM/m_1_1_20/image_a-0.5_1276_22_0_230.e9_6.2e9_1.02668e+29_20.dat
        47         1.1688        3.65778        -326.59        15.3109        52.7398        36.4398       -3083.25     /gpfs/hpu/EHT2/IHARM_inc+5/SANE_a-0.5_288x128x128_IHARM/m_1_1_20/image_a-0.5_1282_22_0_230.e9_6.2e9_1.02668e+29_20.dat
        48       0.694428        3.37161       -308.776        46.1427        29.8829        35.7994       -2793.43     /gpfs/hpu/EHT2/IHARM_inc+5/SANE_a-0.5_288x128x128_IHARM/m_1_1_20/image_a-0.5_1288_22_0_230.e9_6.2e9_1.02668e+29_20.dat
        49       0.928697         3.5085        -331.57        15.3486        61.4541        41.4529        -3232.7     /gpfs/hpu/EHT2/IHARM_inc+5/SANE_a-0.5_288x128x128_IHARM/m_1_1_20/image_a-0.5_1294_22_0_230.e9_6.2e9_1.02668e+29_20.dat
        50        1.36957        3.81234       -347.675        18.7943        51.6745        37.2374       -3026.49     /gpfs/hpu/EHT2/IHARM_inc+5/SANE_a-0.5_288x128x128_IHARM/m_1_1_20/image_a-0.5_1300_22_0_230.e9_6.2e9_1.02668e+29_20.dat
        51        1.00915        3.67396       -331.417        12.8624         35.642        25.6434       -2163.09     /gpfs/hpu/EHT2/IHARM_inc+5/SANE_a-0.5_288x128x128_IHARM/m_1_1_20/image_a-0.5_1306_22_0_230.e9_6.2e9_1.02668e+29_20.dat
        52       0.686216         3.4041       -326.799        11.8684        54.4796        36.0454       -2808.66     /gpfs/hpu/EHT2/IHARM_inc+5/SANE_a-0.5_288x128x128_IHARM/m_1_1_20/image_a-0.5_1312_22_0_230.e9_6.2e9_1.02668e+29_20.dat
        53       0.549707        3.35164       -331.214        13.3015        25.0479         19.745       -1650.73     /gpfs/hpu/EHT2/IHARM_inc+5/SANE_a-0.5_288x128x128_IHARM/m_1_1_20/image_a-0.5_1318_22_0_230.e9_6.2e9_1.02668e+29_20.dat
        54       0.396616         2.9454       -248.893        12.7881         38.435        27.2153       -2162.45     /gpfs/hpu/EHT2/IHARM_inc+5/SANE_a-0.5_288x128x128_IHARM/m_1_1_20/image_a-0.5_1324_22_0_230.e9_6.2e9_1.02668e+29_20.dat
        55       0.667406        2.93343       -225.787         6.4598        11.4183        9.16115       -1005.12     /gpfs/hpu/EHT2/IHARM_inc+5/SANE_a-0.5_288x128x128_IHARM/m_1_1_20/image_a-0.5_1330_22_0_230.e9_6.2e9_1.02668e+29_20.dat
        56       0.898344        2.96618       -204.396        15.0685        93.4671           59.7       -4731.45     /gpfs/hpu/EHT2/IHARM_inc+5/SANE_a-0.5_288x128x128_IHARM/m_1_1_20/image_a-0.5_1336_22_0_230.e9_6.2e9_1.02668e+29_20.dat
        57       0.582325        2.98234       -86.1936        24.7981        184.906        116.078       -10420.9     /gpfs/hpu/EHT2/IHARM_inc+5/SANE_a-0.5_288x128x128_IHARM/m_1_1_20/image_a-0.5_1342_22_0_230.e9_6.2e9_1.02668e+29_20.dat
        58       0.969546        3.34167         8.8507        12.8118        67.3796        43.8255       -3366.92     /gpfs/hpu/EHT2/IHARM_inc+5/SANE_a-0.5_288x128x128_IHARM/m_1_1_20/image_a-0.5_1348_22_0_230.e9_6.2e9_1.02668e+29_20.dat
        59       0.627254        3.32555        32.1021        11.0319        37.7649        26.1207       -2114.48     /gpfs/hpu/EHT2/IHARM_inc+5/SANE_a-0.5_288x128x128_IHARM/m_1_1_20/image_a-0.5_1354_22_0_230.e9_6.2e9_1.02668e+29_20.dat
        60       0.521145        2.99719        54.7179        28.0219        47.7005        38.6901       -2949.11     /gpfs/hpu/EHT2/IHARM_inc+5/SANE_a-0.5_288x128x128_IHARM/m_1_1_20/image_a-0.5_1360_22_0_230.e9_6.2e9_1.02668e+29_20.dat
        61       0.630904        3.20136        51.8279        27.8638        45.7134        37.4864       -2891.69     /gpfs/hpu/EHT2/IHARM_inc+5/SANE_a-0.5_288x128x128_IHARM/m_1_1_20/image_a-0.5_1366_22_0_230.e9_6.2e9_1.02668e+29_20.dat
        62       0.747461        3.19303        26.2142         15.252        41.8012        30.1423       -2466.02     /gpfs/hpu/EHT2/IHARM_inc+5/SANE_a-0.5_288x128x128_IHARM/m_1_1_20/image_a-0.5_1372_22_0_230.e9_6.2e9_1.02668e+29_20.dat
        63       0.722834         3.4237        34.5191        8.90727        40.0961        26.5985       -2222.99     /gpfs/hpu/EHT2/IHARM_inc+5/SANE_a-0.5_288x128x128_IHARM/m_1_1_20/image_a-0.5_1378_22_0_230.e9_6.2e9_1.02668e+29_20.dat
        64       0.487476        3.07582       -46.4854         26.101        38.1562        32.4392       -2530.93     /gpfs/hpu/EHT2/IHARM_inc+5/SANE_a-0.5_288x128x128_IHARM/m_1_1_20/image_a-0.5_1384_22_0_230.e9_6.2e9_1.02668e+29_20.dat
        65       0.606255        3.02036       -40.6142        17.6705        53.7939        37.9986       -2967.65     /gpfs/hpu/EHT2/IHARM_inc+5/SANE_a-0.5_288x128x128_IHARM/m_1_1_20/image_a-0.5_1390_22_0_230.e9_6.2e9_1.02668e+29_20.dat
        66       0.506765        3.09738       -30.6712        11.9276        30.1036         22.089       -1806.38     /gpfs/hpu/EHT2/IHARM_inc+5/SANE_a-0.5_288x128x128_IHARM/m_1_1_20/image_a-0.5_1396_22_0_230.e9_6.2e9_1.02668e+29_20.dat
        67       0.440806        3.03779       -35.2721        15.0004        57.7789        39.2043       -2996.67     /gpfs/hpu/EHT2/IHARM_inc+5/SANE_a-0.5_288x128x128_IHARM/m_1_1_20/image_a-0.5_1402_22_0_230.e9_6.2e9_1.02668e+29_20.dat
        68       0.709723        3.11897       -30.8131        20.2445        132.146        83.9769       -6482.17     /gpfs/hpu/EHT2/IHARM_inc+5/SANE_a-0.5_288x128x128_IHARM/m_1_1_20/image_a-0.5_1408_22_0_230.e9_6.2e9_1.02668e+29_20.dat
        69        0.78916        3.17876        161.923        31.1786        64.2913         49.482        -3776.9     /gpfs/hpu/EHT2/IHARM_inc+5/SANE_a-0.5_288x128x128_IHARM/m_1_1_20/image_a-0.5_1414_22_0_230.e9_6.2e9_1.02668e+29_20.dat
        70       0.879218        3.16079        158.169        14.6019        28.6783        22.3531       -1962.13     /gpfs/hpu/EHT2/IHARM_inc+5/SANE_a-0.5_288x128x128_IHARM/m_1_1_20/image_a-0.5_1420_22_0_230.e9_6.2e9_1.02668e+29_20.dat
        71       0.585564        3.14762        125.234        20.4346        70.2427        48.5503        -3686.1     /gpfs/hpu/EHT2/IHARM_inc+5/SANE_a-0.5_288x128x128_IHARM/m_1_1_20/image_a-0.5_1426_22_0_230.e9_6.2e9_1.02668e+29_20.dat
        72        0.67337        3.14808         102.51        17.8064        93.4584        60.8023       -4599.88     /gpfs/hpu/EHT2/IHARM_inc+5/SANE_a-0.5_288x128x128_IHARM/m_1_1_20/image_a-0.5_1432_22_0_230.e9_6.2e9_1.02668e+29_20.dat
        73       0.927216        3.43687        19.8426        10.8698        51.1804        33.7494       -2832.71     /gpfs/hpu/EHT2/IHARM_inc+5/SANE_a-0.5_288x128x128_IHARM/m_1_1_20/image_a-0.5_1438_22_0_230.e9_6.2e9_1.02668e+29_20.dat
        74       0.928299        3.44552        38.4812        8.06236          21.64        15.6717       -1448.47     /gpfs/hpu/EHT2/IHARM_inc+5/SANE_a-0.5_288x128x128_IHARM/m_1_1_20/image_a-0.5_1444_22_0_230.e9_6.2e9_1.02668e+29_20.dat
        75       0.587512         2.9835        25.6802        9.07308        34.0106        23.1753       -1933.06     /gpfs/hpu/EHT2/IHARM_inc+5/SANE_a-0.5_288x128x128_IHARM/m_1_1_20/image_a-0.5_1450_22_0_230.e9_6.2e9_1.02668e+29_20.dat
        76         0.5049         3.1294        36.9405        11.7263        10.6646        10.8587       -1037.43     /gpfs/hpu/EHT2/IHARM_inc+5/SANE_a-0.5_288x128x128_IHARM/m_1_1_20/image_a-0.5_1456_22_0_230.e9_6.2e9_1.02668e+29_20.dat
        77       0.727731        3.18463       -10.6614        16.5419        103.102        65.8215       -5239.87     /gpfs/hpu/EHT2/IHARM_inc+5/SANE_a-0.5_288x128x128_IHARM/m_1_1_20/image_a-0.5_1462_22_0_230.e9_6.2e9_1.02668e+29_20.dat
        78       0.731998        3.31646        36.1224        12.3574        39.9735        27.9235       -2269.18     /gpfs/hpu/EHT2/IHARM_inc+5/SANE_a-0.5_288x128x128_IHARM/m_1_1_20/image_a-0.5_1468_22_0_230.e9_6.2e9_1.02668e+29_20.dat
        79        0.95076        3.34893         85.094        12.5936        49.8291        33.6715       -2675.78     /gpfs/hpu/EHT2/IHARM_inc+5/SANE_a-0.5_288x128x128_IHARM/m_1_1_20/image_a-0.5_1474_22_0_230.e9_6.2e9_1.02668e+29_20.dat
        80       0.817599        3.32952        109.043        14.0717         81.462        52.4116       -4096.23     /gpfs/hpu/EHT2/IHARM_inc+5/SANE_a-0.5_288x128x128_IHARM/m_1_1_20/image_a-0.5_1480_22_0_230.e9_6.2e9_1.02668e+29_20.dat
        81       0.622084        3.24925        91.9019        17.3218        242.539        146.108       -12328.8     /gpfs/hpu/EHT2/IHARM_inc+5/SANE_a-0.5_288x128x128_IHARM/m_1_1_20/image_a-0.5_1486_22_0_230.e9_6.2e9_1.02668e+29_20.dat
        82        0.75286        3.43617        32.3194        17.5155        78.3319        52.0091       -4092.27     /gpfs/hpu/EHT2/IHARM_inc+5/SANE_a-0.5_288x128x128_IHARM/m_1_1_20/image_a-0.5_1492_22_0_230.e9_6.2e9_1.02668e+29_20.dat
        83       0.839091        3.42329        48.3294        18.3273        73.9922        49.8485       -3882.51     /gpfs/hpu/EHT2/IHARM_inc+5/SANE_a-0.5_288x128x128_IHARM/m_1_1_20/image_a-0.5_1498_22_0_230.e9_6.2e9_1.02668e+29_20.dat
        84       0.584014        3.22976         92.914        11.8827        49.1001        32.9658       -2605.87     /gpfs/hpu/EHT2/IHARM_inc+5/SANE_a-0.5_288x128x128_IHARM/m_1_1_20/image_a-0.5_1504_22_0_230.e9_6.2e9_1.02668e+29_20.dat
        85         0.8095        3.27953        80.2491        11.0427         93.121        57.8734       -4424.48     /gpfs/hpu/EHT2/IHARM_inc+5/SANE_a-0.5_288x128x128_IHARM/m_1_1_20/image_a-0.5_1510_22_0_230.e9_6.2e9_1.02668e+29_20.dat
        86       0.842847        3.08969        196.787         19.657        96.2546        63.1544       -5065.81     /gpfs/hpu/EHT2/IHARM_inc+5/SANE_a-0.5_288x128x128_IHARM/m_1_1_20/image_a-0.5_1516_22_0_230.e9_6.2e9_1.02668e+29_20.dat
        87       0.444295         3.0242        136.716        27.9386        21.4649        23.6094       -1913.49     /gpfs/hpu/EHT2/IHARM_inc+5/SANE_a-0.5_288x128x128_IHARM/m_1_1_20/image_a-0.5_1522_22_0_230.e9_6.2e9_1.02668e+29_20.dat
        88       0.491181        2.97228        129.929        25.1081        40.2056        33.2131        -2565.5     /gpfs/hpu/EHT2/IHARM_inc+5/SANE_a-0.5_288x128x128_IHARM/m_1_1_20/image_a-0.5_1528_22_0_230.e9_6.2e9_1.02668e+29_20.dat
        89       0.617335        3.23516        59.9544        9.37486        25.7498        18.5596       -1585.99     /gpfs/hpu/EHT2/IHARM_inc+5/SANE_a-0.5_288x128x128_IHARM/m_1_1_20/image_a-0.5_1534_22_0_230.e9_6.2e9_1.02668e+29_20.dat
        90       0.872454         3.3878        79.1348        24.7894        38.0937         31.873       -2603.68     /gpfs/hpu/EHT2/IHARM_inc+5/SANE_a-0.5_288x128x128_IHARM/m_1_1_20/image_a-0.5_1540_22_0_230.e9_6.2e9_1.02668e+29_20.dat
        91       0.974972        3.33035        243.169        17.0094        63.9332        43.5464       -3527.52     /gpfs/hpu/EHT2/IHARM_inc+5/SANE_a-0.5_288x128x128_IHARM/m_1_1_20/image_a-0.5_1546_22_0_230.e9_6.2e9_1.02668e+29_20.dat
        92       0.660207         3.0906        46.0768        21.0107        99.5532        65.5936       -5206.63     /gpfs/hpu/EHT2/IHARM_inc+5/SANE_a-0.5_288x128x128_IHARM/m_1_1_20/image_a-0.5_1552_22_0_230.e9_6.2e9_1.02668e+29_20.dat
        93        1.06131        3.02945        12.3626        11.9231        109.575        67.6662       -5464.61     /gpfs/hpu/EHT2/IHARM_inc+5/SANE_a-0.5_288x128x128_IHARM/m_1_1_20/image_a-0.5_1558_22_0_230.e9_6.2e9_1.02668e+29_20.dat
        94       0.532547        3.30297        88.7169        12.0123        34.9609         24.909       -2019.84     /gpfs/hpu/EHT2/IHARM_inc+5/SANE_a-0.5_288x128x128_IHARM/m_1_1_20/image_a-0.5_1564_22_0_230.e9_6.2e9_1.02668e+29_20.dat
        95       0.515444        3.12734        109.338        11.2124         29.334        21.3583       -1792.29     /gpfs/hpu/EHT2/IHARM_inc+5/SANE_a-0.5_288x128x128_IHARM/m_1_1_20/image_a-0.5_1570_22_0_230.e9_6.2e9_1.02668e+29_20.dat
        96       0.785412        3.08525        26.5264        18.9342        113.565        72.7901       -5594.86     /gpfs/hpu/EHT2/IHARM_inc+5/SANE_a-0.5_288x128x128_IHARM/m_1_1_20/image_a-0.5_1576_22_0_230.e9_6.2e9_1.02668e+29_20.dat
        97       0.653888        3.00672       -27.3924        10.3381        56.1265        36.3711       -2913.78     /gpfs/hpu/EHT2/IHARM_inc+5/SANE_a-0.5_288x128x128_IHARM/m_1_1_20/image_a-0.5_1582_22_0_230.e9_6.2e9_1.02668e+29_20.dat
        98        1.02049        3.30475        7.57317        11.6226        36.5476        25.6615       -2137.14     /gpfs/hpu/EHT2/IHARM_inc+5/SANE_a-0.5_288x128x128_IHARM/m_1_1_20/image_a-0.5_1588_22_0_230.e9_6.2e9_1.02668e+29_20.dat
        99       0.811592        3.39268         4.4025        11.8738        56.7789        37.3663       -2921.01     /gpfs/hpu/EHT2/IHARM_inc+5/SANE_a-0.5_288x128x128_IHARM/m_1_1_20/image_a-0.5_1594_22_0_230.e9_6.2e9_1.02668e+29_20.dat
